1 4 2 6.0
0 5 4 -6.0
1 4 5 6.0
0 3 2 -6.0
1 2 3 6.0
0 5 5 -6.0
1 2 4 6.0
0 5 2 -6.0
1 5 3 6.0
0 6 4 -6.0
1 2 1 6.0
0 3 5 -6.0
1 5 1 6.0
0 4 1 -6.0
1 5 0 -4.75
0 2 5 5.73
1 6 3 -7.79
0 1 3 7.27
1 3 1 -6.63
0 1 2 7.38
1 1 4 -6.88
0 2 2 6.52
1 0 2 -5.69
0 7 2 6.02
1 0 3 -5.71
0 6 2 5.97
1 1 5 -6.49
0 1 1 6.95
1 3 6 -6.18
0 1 0 5.98
1 4 6 -5.72
0 2 6 3.66
1 3 0 -2.44
0 4 0 3.57
1 5 6 -4.83
0 6 5 4.23
1 3 7 -3.93
0 5 7 3.02
1 2 0 -3.01
0 0 0 3.39
1 0 1 -2.8
0 4 7 0.45
1 1 6 0.07
0 6 1 -64
1 7 0 64
0 6 0 -6.0
1 7 1 6.0
0 7 3 -6.0
1 7 4 6.0
0 2 7 -6.0
1 1 7 6.0
0 0 4 -6.0
1 0 6 6.0
0 0 7 -6.0
1 0 5 6.0
1 7 6 6.0
0 6 6 -6.0
1 7 7 6.0
0 6 7 -6.0
1 7 5 6.0
