1 2 4 -2.0
0 4 5 2.0
1 5 2 -2.0
0 4 2 2.0
1 5 3 -2.0
0 2 3 2.0
1 5 4 -2.0
0 6 2 2.0
1 5 1 -2.0
0 6 3 2.0
1 3 2 -2.0
0 3 5 2.0
1 6 5 -2.0
0 5 5 2.0
1 6 4 -2.0
0 7 5 2.0
1 7 4 -3.98
0 2 5 3.98
1 1 5 -4.73
0 7 2 5.27
1 7 3 -5.45
0 1 4 4.27
1 5 6 -5.71
0 0 5 5.79
1 4 6 -6.13
0 3 6 6.34
1 1 2 -3.86
0 2 1 1.71
1 3 1 -1.36
0 4 7 2.6
1 3 0 -2.65
0 5 0 1.27
1 6 1 -0.12
0 4 1 -0.91
1 2 2 1.37
0 7 0 -1.99
1 1 3 2.64
0 0 2 -1.41
1 1 1 -0.65
0 4 0 1.72
1 2 0 -2.3
0 0 0 3.13
1 1 6 -3.3
0 2 6 64
1 3 7 -64
0 0 7 2.0
1 5 7 -2.0
0 2 7 2.0
1 1 7 -2.0
0 7 1 2.0
1 6 0 -2.0
0 6 7 2.0
1 6 6 -2.0
0 1 0 2.0
1 0 3 -2.0
0 0 4 2.0
1 0 1 -2.0
0 7 6 2.0
1 7 7 -2.0
1 0 6 -2.0
