1 5 3 4.0
0 5 2 -4.0
1 4 2 4.0
0 5 4 -4.0
1 4 5 4.0
0 2 3 -4.0
1 2 4 4.0
0 4 1 -4.0
1 1 3 4.0
0 4 6 -4.0
1 5 5 4.0
0 5 6 -4.0
1 6 3 4.0
0 6 4 -4.0
1 6 2 4.0
0 3 2 -4.0
1 7 5 4.0
0 7 3 1.67
1 4 0 -3.4
0 3 1 2.69
1 5 1 -2.49
0 7 2 2.65
1 6 5 -3.37
0 7 4 3.01
1 7 1 -3.24
0 2 2 2.32
1 3 6 -1.75
0 3 5 0.66
1 2 6 -0.49
0 1 5 0.44
1 2 5 -0.28
0 3 0 -0.91
1 5 0 1.73
0 2 1 -1.79
1 1 2 1.21
0 6 0 -2.24
1 0 5 4.13
0 3 7 -3.55
1 1 0 3.84
0 1 4 -3.3
1 7 6 1.95
0 2 7 -2.53
1 0 4 2.38
0 6 6 -64
1 7 7 64
0 6 7 -4.0
1 5 7 4.0
0 4 7 -4.0
1 1 6 4.0
0 0 6 -4.0
1 1 7 4.0
0 0 7 -4.0
1 2 0 4.0
0 0 0 -4.0
1 6 1 4.0
0 0 2 -4.0
1 0 1 4.0
0 7 0 -4.0
1 1 1 4.0
0 0 3 -4.0
