1 5 3 -4.0
0 3 2 4.0
1 2 3 -4.0
0 5 4 4.0
1 4 5 -4.0
0 2 2 4.0
1 3 5 -4.0
0 5 2 4.0
1 4 2 -4.0
0 3 1 4.0
1 6 4 -4.0
0 2 4 4.0
1 6 3 -4.0
0 2 5 4.0
1 1 4 -4.0
0 4 6 4.0
1 5 5 -4.0
0 3 6 3.58
1 2 7 -5.55
0 3 7 6.44
1 1 2 -7.08
0 6 2 5.77
1 2 6 -4.56
0 0 4 4.73
1 5 6 -3.08
0 1 7 2.28
1 1 3 -2.15
0 0 3 2.3
1 0 2 -2.6
0 0 1 2.8
1 7 1 -1.76
0 4 7 1.74
1 1 5 -1.02
0 5 7 0.74
1 2 1 -1.07
0 7 5 1.82
1 7 4 -1.71
0 6 5 2.7
1 7 6 -2.05
0 3 0 2.41
1 6 6 -3.57
0 0 5 3.26
1 4 1 -3.86
0 6 1 64
1 2 0 -64
0 1 0 4.0
1 6 7 -4.0
0 7 7 4.0
1 7 0 -4.0
0 1 1 4.0
1 0 6 -4.0
0 0 7 4.0
1 1 6 -4.0
0 7 3 4.0
1 7 2 -4.0
0 5 0 4.0
1 4 0 -4.0
0 6 0 4.0
1 5 1 -4.0
1 0 0 -4.0
