1 2 4 16.0
0 2 5 -16.0
1 3 5 16.0
0 4 5 -16.0
1 5 4 16.0
0 3 2 -16.0
1 4 2 16.0
0 1 4 -16.0
1 3 1 16.0
0 6 4 -16.0
1 5 5 16.0
0 6 5 -16.0
1 4 6 16.0
0 3 6 6.7
1 1 3 -7.02
0 2 3 7.44
1 3 7 -7.9
0 5 3 6.75
1 2 2 -7.13
0 2 6 8.3
1 6 3 -8.48
0 5 7 8.03
1 4 7 -7.88
0 2 7 8.63
1 1 2 -8.7
0 0 2 7.37
1 5 6 -6.18
0 7 2 6.05
1 0 4 -5.89
0 3 0 5.16
1 1 5 -5.09
0 0 3 5.26
1 1 6 -4.68
0 2 1 3.71
1 7 6 -3.08
0 5 1 2.77
1 4 1 -2.63
0 6 2 1.46
1 5 2 -0.9
0 6 7 0.45
1 5 0 -1.22
0 7 5 1.16
1 7 4 -0.27
0 7 3 -64
1 7 1 64
0 4 0 -16.0
1 0 1 16.0
0 6 0 -16.0
1 1 0 16.0
0 6 1 -16.0
1 7 0 16.0
0 2 0 -16.0
1 0 5 16.0
0 0 0 -16.0
1 1 1 16.0
0 1 7 -16.0
1 0 7 16.0
0 0 6 -16.0
1 7 7 16.0
1 6 6 16.0
