1 2 4 2.0
0 4 5 -2.0
1 5 2 2.0
0 4 2 -2.0
1 5 3 2.0
0 2 3 -2.0
1 5 4 2.0
0 6 2 -2.0
1 5 1 2.0
0 6 3 -2.0
1 5 5 2.0
0 4 1 -2.0
1 3 5 2.0
0 6 4 -2.0
1 3 2 2.0
0 2 2 -2.0
1 7 4 2.0
0 7 5 4.46
1 7 6 -4.46
0 6 5 4.46
1 7 1 -4.33
0 4 6 4.33
1 5 7 -2.77
0 5 0 2.23
1 1 3 -2.15
0 0 3 1.16
1 3 1 -1.59
0 1 5 1.91
1 1 2 -2.51
0 2 6 3.13
1 3 6 -3.88
0 2 5 4.36
1 0 2 -5.13
0 2 0 4.94
1 1 4 -4.22
0 0 5 3.48
1 0 4 -2.27
0 7 3 2.43
1 7 2 -2.93
0 4 7 2.13
1 2 7 -0.51
0 3 7 1.52
1 3 0 -4.91
0 4 0 -64
1 0 6 64
0 2 1 -2.0
1 6 6 2.0
0 7 7 -2.0
1 6 7 2.0
0 7 0 -2.0
1 5 6 2.0
0 1 6 -2.0
1 1 0 2.0
0 1 1 -2.0
1 0 0 2.0
0 0 1 -2.0
1 6 0 2.0
0 6 1 -2.0
1 1 7 2.0
0 0 7 -2.0
