1 2 4 8.0
0 4 5 -8.0
1 5 2 8.0
0 4 2 -8.0
1 5 3 8.0
0 2 3 -8.0
1 5 4 8.0
0 6 2 -8.0
1 5 1 8.0
0 4 0 -8.0
1 7 2 1.0
0 5 5 -1.0
1 6 3 4.02
0 7 4 -1.66
1 4 6 1.66
0 3 2 -0.89
1 7 3 1.73
0 7 1 -0.38
1 4 1 -0.81
0 5 0 0.72
1 6 5 -1.23
0 2 5 -0.72
1 2 2 0.78
0 2 1 -0.98
1 1 3 0.48
0 6 4 -1.02
1 1 5 0.14
0 3 1 -0.67
1 1 2 1.03
0 3 6 -1.15
1 2 7 0.7
0 0 2 0.41
1 3 5 -0.38
0 0 3 0.16
1 1 1 -0.28
0 1 4 0.59
1 3 0 0.7
0 2 6 -2.38
1 7 5 3.59
0 7 6 -2.43
1 0 4 3.16
0 5 7 -2.26
1 4 7 1.51
0 5 6 -64
1 6 7 64
0 0 0 -8.0
1 0 1 8.0
0 2 0 -8.0
1 6 1 8.0
0 6 6 -8.0
1 7 7 8.0
0 7 0 -8.0
1 6 0 8.0
0 0 5 -8.0
1 1 0 8.0
1 3 7 8.0
1 1 7 8.0
0 1 6 -8.0
1 0 6 8.0
0 0 7 -8.0
