1 5 3 4.0
0 3 2 -4.0
1 2 5 4.0
0 3 5 -4.0
1 2 4 4.0
0 5 4 -4.0
1 5 2 4.0
0 6 3 -4.0
1 4 2 4.0
0 2 3 -4.0
1 5 5 4.0
0 4 5 -4.0
1 6 4 4.0
0 1 3 -4.0
1 4 6 2.7
0 5 7 -2.26
1 3 6 3.83
0 7 4 -4.58
1 4 7 4.78
0 5 6 -5.98
1 7 2 6.14
0 6 5 -7.13
1 7 3 8.05
0 7 1 -6.23
1 1 4 6.27
0 0 5 -8.95
1 1 2 9.12
0 2 6 -9.16
1 3 7 8.6
0 2 2 -7.55
1 0 4 5.85
0 5 1 -6.19
1 0 3 6.62
0 2 7 -7.43
1 1 5 7.09
0 7 5 -6.48
1 6 2 5.78
0 2 1 -5.84
1 3 1 5.41
0 1 1 -5.52
1 6 7 4.94
0 7 7 -3.63
1 7 6 3.41
0 4 0 -64
1 7 0 64
0 0 2 -4.0
1 6 0 4.0
0 4 1 -4.0
1 5 0 4.0
0 6 6 -4.0
1 1 6 4.0
0 6 1 -4.0
1 0 0 4.0
0 0 7 -4.0
1 0 1 4.0
0 1 0 -4.0
1 3 0 4.0
0 2 0 -4.0
1 1 7 4.0
0 0 6 -4.0
