1 4 2 -24.0
0 5 4 24.0
1 2 5 -24.0
0 2 4 24.0
1 3 5 -24.0
0 3 2 24.0
1 5 3 -24.0
0 2 6 24.0
1 1 5 -24.0
0 2 3 24.0
1 1 4 -24.0
0 3 6 24.0
1 4 5 -24.0
0 5 5 24.0
1 6 4 -24.0
0 5 6 6.28
1 6 5 -6.09
0 5 1 7.29
1 1 3 -8.98
0 4 6 9.8
1 5 2 -10.93
0 2 2 10.35
1 2 7 -10.41
0 3 7 12.08
1 5 0 -11.59
0 0 2 12.2
1 1 6 -12.77
0 6 3 12.44
1 6 2 -12.23
0 0 7 12.34
1 0 5 -11.51
0 0 3 8.79
1 0 4 -8.73
0 7 4 8.96
1 7 5 -9.03
0 7 6 9.57
1 0 1 -10.45
0 0 6 12.54
1 4 7 -12.62
0 5 7 11.23
1 6 7 -11.37
0 0 0 10.61
1 6 6 -12.26
0 7 3 64
1 7 2 -64
0 7 1 24.0
1 3 1 -24.0
0 3 0 24.0
1 1 7 -24.0
0 7 7 24.0
1 1 1 -24.0
0 1 2 24.0
1 2 1 -24.0
0 4 1 24.0
1 6 1 -24.0
0 7 0 24.0
1 6 0 -24.0
0 4 0 24.0
1 2 0 -24.0
0 1 0 24.0
