1 2 4 4.0
0 4 5 -4.0
1 5 3 4.0
0 4 2 -4.0
1 5 2 4.0
0 2 3 -4.0
1 2 5 4.0
0 2 2 -4.0
1 3 5 4.0
0 3 6 -4.0
1 5 5 4.0
0 1 5 -4.0
1 2 7 4.0
0 5 4 -4.0
1 6 3 4.0
0 2 6 3.0
1 3 1 -3.16
0 6 4 2.98
1 3 2 -3.14
0 4 7 3.73
1 7 5 -2.71
0 2 1 2.53
1 1 4 -2.38
0 1 3 2.05
1 1 2 -1.56
0 0 3 0.66
1 2 0 -1.42
0 5 6 2.24
1 4 6 -2.61
0 6 5 1.34
1 3 7 -2.0
0 1 7 -0.48
1 6 7 0.07
0 1 1 2.13
1 7 4 -1.72
0 7 2 -0.35
1 7 3 1.87
0 7 6 0.38
1 0 4 1.91
0 0 5 -3.9
1 0 0 4.08
0 1 0 -2.37
1 0 1 0.82
0 5 1 -64
1 6 1 64
0 6 2 -4.0
1 4 1 4.0
0 0 2 -4.0
1 0 6 4.0
0 1 6 -4.0
1 6 6 4.0
0 7 1 -4.0
1 0 7 4.0
0 5 7 -4.0
1 7 7 4.0
0 7 0 -4.0
1 6 0 4.0
0 5 0 -4.0
1 3 0 4.0
0 4 0 -4.0
