1 2 4 -18.0
0 2 5 18.0
1 3 5 -18.0
0 2 3 18.0
1 1 2 -18.0
0 4 5 1.8
1 3 6 -1.45
0 2 6 3.64
1 5 4 -5.24
0 5 3 6.55
1 3 2 -6.19
0 2 2 4.86
1 1 3 -5.37
0 3 1 5.87
1 1 4 -6.13
0 0 5 6.38
1 0 4 -6.34
0 5 6 7.63
1 5 5 -7.17
0 5 2 7.09
1 0 6 -8.02
0 1 5 7.78
1 2 1 -8.28
0 2 0 8.84
1 4 2 -9.77
0 4 7 8.1
1 6 3 -6.23
0 0 2 6.27
1 5 7 -7.27
0 4 6 8.65
1 3 0 -10.56
0 5 1 10.92
1 4 1 -10.44
0 0 3 11.98
1 0 1 -12.78
0 1 1 13.85
1 5 0 -13.42
0 4 0 11.91
1 2 7 -14.69
0 3 7 14.7
1 0 0 -13.1
0 1 0 11.82
0 1 6 12.88
1 0 7 -64
0 1 7 64
0 7 3 18.0
1 7 2 -18.0
0 7 1 18.0
1 6 2 -18.0
0 6 1 18.0
1 7 0 -18.0
0 6 0 18.0
1 7 4 -18.0
0 6 4 18.0
1 6 5 -18.0
0 7 6 18.0
1 7 5 -18.0
0 6 6 18.0
1 7 7 -18.0
0 6 7 18.0
