1 4 2 -6.0
0 5 4 6.0
1 2 5 -6.0
0 2 4 6.0
1 3 5 -6.0
0 3 2 6.0
1 5 2 -6.0
0 2 2 6.0
1 3 1 -6.0
0 2 1 6.0
1 5 3 -6.0
0 2 6 6.0
1 1 4 -4.18
0 4 5 4.18
1 1 2 -6.02
0 1 3 5.91
1 1 5 -6.02
0 4 0 4.92
1 2 0 -4.44
0 5 5 4.77
1 3 0 -3.56
0 2 3 2.93
1 5 0 -2.97
0 6 3 3.43
1 3 6 -3.26
0 5 1 3.34
1 0 2 -1.48
0 2 7 0.45
1 6 0 -1.54
0 0 3 0.92
1 7 3 -1.21
0 7 2 1.16
1 7 1 -4.01
0 6 2 7.21
1 4 6 -7.76
0 0 4 8.71
1 0 5 -9.31
0 5 7 9.07
1 6 4 -7.89
0 1 1 6.17
1 6 5 -6.63
0 5 6 4.84
1 0 0 -3.97
0 7 4 64
1 7 5 -64
0 4 1 6.0
1 6 1 -6.0
0 1 0 6.0
1 0 1 -6.0
0 7 0 6.0
1 6 7 -6.0
0 7 7 6.0
1 4 7 -6.0
0 7 6 6.0
1 6 6 -6.0
0 3 7 6.0
1 1 7 -6.0
0 0 6 6.0
1 0 7 -6.0
0 1 6 6.0
