1 4 2 26.0
0 5 2 -26.0
1 5 3 26.0
0 5 4 -26.0
1 6 3 26.0
0 6 2 -26.0
1 6 4 26.0
0 4 1 -26.0
1 4 5 26.0
0 5 5 0.73
1 6 5 -0.73
0 3 2 0.73
1 5 1 2.02
0 7 5 -2.93
1 7 4 2.78
0 7 3 -3.28
1 3 0 3.45
0 4 6 -1.66
1 5 6 0.97
0 7 6 -1.66
1 3 5 2.88
0 2 4 -2.71
1 3 6 2.69
0 2 7 -1.8
1 2 5 2.41
0 1 5 -3.68
1 2 6 3.23
0 1 7 -2.64
1 1 3 0.56
0 5 7 0.8
1 0 5 0.82
0 0 4 -2.13
1 0 3 1.91
0 1 4 -3.13
1 2 1 2.13
0 5 0 -2.63
1 7 1 2.95
0 4 0 -2.63
1 2 2 2.08
0 2 0 -3.52
1 3 1 4.12
0 0 2 -5.56
1 0 1 6.43
0 1 6 -64
1 2 3 64
0 1 0 -26.0
1 7 2 26.0
0 7 0 -26.0
1 6 0 26.0
0 3 7 -26.0
1 0 0 26.0
0 6 1 -26.0
1 0 6 26.0
0 1 2 -26.0
1 4 7 26.0
1 0 7 26.0
1 1 1 26.0
1 6 6 26.0
0 6 7 -26.0
1 7 7 26.0
