1 5 3 2.0
0 5 2 -2.0
1 4 2 2.0
0 3 2 -2.0
1 2 3 2.0
0 4 5 -2.0
1 4 1 2.0
0 2 2 -2.0
1 3 1 2.0
0 5 1 -2.0
1 2 1 2.0
0 5 4 -2.0
1 6 2 2.0
0 4 0 -2.0
1 3 0 2.0
0 2 0 -2.0
1 6 3 -6.88
0 1 0 5.4
1 6 0 -4.34
0 1 4 3.55
1 1 3 -2.58
0 6 4 1.63
1 3 5 -1.05
0 0 3 -1.57
1 2 4 3.25
0 3 6 -2.88
1 5 5 4.21
0 1 5 -3.4
1 6 5 4.05
0 1 2 -2.21
1 4 6 0.59
0 4 7 -0.55
1 1 1 0.34
0 0 2 -0.93
1 2 5 1.63
0 2 6 -1.45
1 5 7 1.43
0 5 6 -1.54
1 1 6 1.5
0 6 6 -1.75
1 3 7 2.66
0 7 6 -1.74
1 7 7 1.1
0 6 7 -64
1 7 4 64
0 7 5 -2.0
1 2 7 2.0
0 0 7 -2.0
1 7 3 2.0
0 5 0 -2.0
1 0 0 2.0
0 0 1 -2.0
1 1 7 2.0
0 0 6 -2.0
1 0 4 2.0
0 0 5 -2.0
1 6 1 2.0
0 7 0 -2.0
1 7 2 2.0
0 7 1 -2.0
