1 5 3 -16.0
0 5 2 16.0
1 4 2 -16.0
0 3 2 16.0
1 2 5 -16.0
0 6 3 16.0
1 2 2 -16.0
0 2 3 16.0
1 2 4 -16.0
0 1 3 1.05
1 4 1 -1.05
0 3 0 -0.36
1 3 1 -0.59
0 1 2 1.32
1 2 1 -1.66
0 4 0 1.28
1 5 0 -3.02
0 6 0 5.02
1 5 1 -4.74
0 2 0 3.73
1 5 4 -3.39
0 1 4 2.59
1 7 3 -1.62
0 6 2 1.3
1 1 1 0.77
0 1 5 -1.64
1 0 5 1.73
0 3 5 -2.21
1 5 5 2.23
0 4 5 -3.03
1 7 2 1.9
0 6 4 -0.36
1 4 6 0.59
0 2 6 -0.86
1 3 6 0.55
0 0 4 -0.09
1 2 7 0.29
0 5 6 -0.19
1 0 3 -0.69
0 4 7 0.35
1 7 4 -0.83
0 0 0 1.76
1 0 2 -2.38
0 3 7 64
1 6 5 -64
0 1 7 16.0
1 0 6 -16.0
0 6 1 16.0
1 7 0 -16.0
0 0 1 16.0
1 5 7 -16.0
0 0 7 16.0
1 1 6 -16.0
0 7 1 16.0
1 1 0 -16.0
0 6 7 16.0
1 6 6 -16.0
0 7 6 16.0
1 7 7 -16.0
0 7 5 16.0
