1 2 4 -16.0
0 4 5 16.0
1 5 4 -16.0
0 2 3 16.0
1 4 2 -16.0
0 3 2 16.0
1 1 3 -16.0
0 1 4 16.0
1 3 5 -16.0
0 5 3 16.0
1 3 1 -4.66
0 2 5 4.66
1 5 2 -5.95
0 0 2 6.89
1 1 5 -7.05
0 0 5 7.81
1 3 6 -7.43
0 5 5 7.07
1 2 2 -5.85
0 2 7 5.97
1 4 6 -7.18
0 6 4 7.45
1 3 7 -9.31
0 2 6 10.4
1 6 3 -11.02
0 6 5 10.84
1 5 6 -11.38
0 1 2 11.34
1 7 3 -12.32
0 7 4 13.27
1 1 6 -12.96
0 7 2 12.3
1 1 7 -11.3
0 3 0 10.06
1 2 1 -9.18
0 2 0 10.25
1 7 6 -12.44
0 5 1 12.71
1 5 0 -11.84
0 6 1 10.78
1 7 0 -10.69
0 4 1 10.93
1 6 2 -10.76
0 6 0 64
1 4 0 -64
0 0 7 16.0
1 0 6 -16.0
0 4 7 16.0
1 0 3 -16.0
0 0 4 16.0
1 6 7 -16.0
0 5 7 16.0
1 7 5 -16.0
0 7 1 16.0
1 1 0 -16.0
0 0 0 16.0
1 0 1 -16.0
0 1 1 16.0
1 6 6 -16.0
0 7 7 16.0
