1 4 2 -4.0
0 5 4 4.0
1 2 5 -4.0
0 2 4 4.0
1 3 5 -4.0
0 3 2 4.0
1 5 2 -4.0
0 2 2 4.0
1 5 3 -4.0
0 6 3 4.0
1 6 4 -4.0
0 5 1 4.0
1 4 1 -4.0
0 4 5 4.0
1 5 5 -4.0
0 6 2 4.0
1 7 3 -4.0
0 5 0 4.0
1 1 4 -4.0
0 7 5 4.0
1 6 5 -4.0
0 5 6 4.98
1 4 7 -4.98
0 7 2 4.98
1 7 1 -3.36
0 5 7 5.86
1 6 7 -6.34
0 4 6 6.54
1 2 3 -5.11
0 3 6 3.93
1 3 7 -4.45
0 1 3 2.69
1 6 1 -2.71
0 7 0 2.16
1 2 7 -4.16
0 0 4 6.2
1 2 6 -7.07
0 7 4 7.46
1 3 1 -6.55
0 1 6 6.37
1 1 5 -6.77
0 4 0 7.27
1 2 0 -7.15
0 3 0 64
1 2 1 -64
0 0 6 4.0
1 0 2 -4.0
0 0 3 4.0
1 1 2 -4.0
0 0 1 4.0
1 0 7 -4.0
0 1 0 4.0
1 6 0 -4.0
0 7 6 4.0
1 0 0 -4.0
0 1 1 4.0
1 0 5 -4.0
0 1 7 4.0
1 6 6 -4.0
0 7 7 4.0
