1 5 3 16.0
0 3 2 -16.0
1 2 5 16.0
0 3 5 -16.0
1 2 4 16.0
0 5 4 -16.0
1 2 3 16.0
0 1 4 -16.0
1 1 3 16.0
0 4 2 -1.46
1 5 5 1.4
0 2 2 -16.0
1 4 5 16.0
0 3 6 -16.0
1 1 2 16.0
0 0 3 -16.0
1 4 1 1.67
0 5 2 -1.81
1 5 1 2.63
0 4 0 -2.75
1 2 7 1.84
0 4 6 -1.89
1 3 7 3.61
0 6 4 -3.83
1 3 0 3.47
0 2 0 -2.54
1 5 6 1.86
0 0 2 -1.51
1 7 4 0.38
0 7 5 -0.1
1 7 6 1.59
0 6 3 -1.86
1 6 2 -0.38
0 5 0 0.41
1 7 3 2.38
0 6 5 -3.11
1 3 1 2.16
0 5 7 -2.47
1 2 1 2.05
0 1 0 -2.36
1 0 5 3.21
0 0 4 -4.31
1 0 1 6.34
0 7 2 -64
1 7 1 64
0 4 7 -16.0
1 6 7 16.0
0 1 1 -16.0
1 2 6 16.0
0 1 6 -16.0
1 0 0 16.0
0 6 1 -16.0
1 6 0 16.0
0 7 0 -16.0
1 1 5 16.0
0 7 7 -16.0
1 1 7 16.0
0 0 7 -16.0
1 0 6 16.0
1 6 6 16.0
