1 5 3 -8.0
0 3 2 8.0
1 2 3 -8.0
0 5 4 8.0
1 4 5 -8.0
0 2 2 8.0
1 3 5 -8.0
0 5 2 8.0
1 4 2 -8.0
0 3 1 8.0
1 6 5 -8.0
0 2 4 8.0
1 6 2 -8.0
0 6 3 8.0
1 7 2 -4.6
0 2 5 5.87
1 5 1 -5.64
0 3 6 5.58
1 4 1 -5.21
0 5 6 5.69
1 4 6 -5.48
0 5 7 5.94
1 2 0 -5.86
0 5 5 5.13
1 2 1 -5.32
0 7 5 5.49
1 1 2 -5.63
0 6 4 6.01
1 1 3 -5.94
0 0 2 5.7
1 0 4 -5.98
0 3 0 5.98
1 4 0 -6.48
0 7 3 6.43
1 7 4 -7.21
0 7 1 7.66
1 1 5 -7.5
0 0 5 8.22
1 2 6 -7.84
0 1 4 7.88
1 1 6 -8.02
0 0 3 6.62
1 6 1 -5.95
0 3 7 64
1 4 7 -64
0 0 6 8.0
1 0 7 -8.0
0 1 7 8.0
1 2 7 -8.0
0 7 0 8.0
1 6 7 -8.0
0 6 6 8.0
1 0 1 -8.0
0 5 0 8.0
1 6 0 -8.0
0 1 1 8.0
1 1 0 -8.0
0 0 0 8.0
1 7 6 -8.0
0 7 7 8.0
