1 2 4 4.0
0 4 5 -4.0
1 5 2 4.0
0 4 2 -4.0
1 5 3 4.0
0 2 3 -4.0
1 2 5 4.0
0 2 2 -4.0
1 3 5 4.0
0 3 6 -4.0
1 4 6 4.0
0 1 5 -4.0
1 1 4 4.0
0 2 6 -4.0
1 3 7 4.0
0 5 4 -4.0
1 5 5 4.0
0 0 5 -4.0
1 4 1 4.0
0 5 7 -4.0
1 5 6 -2.73
0 6 5 3.07
1 3 2 -3.07
0 2 7 3.85
1 6 4 -3.85
0 6 7 3.85
1 1 7 -3.85
0 6 6 3.85
1 1 6 -3.85
0 7 3 3.85
1 1 1 -7.02
0 4 7 6.06
1 7 7 -4.15
0 7 6 1.61
1 6 3 -0.35
0 3 1 0.86
1 1 2 -0.13
0 2 1 -0.41
1 0 3 0.69
0 1 3 -0.34
1 0 4 0.25
0 5 0 -0.15
1 0 2 -1.38
0 0 0 -64
1 7 5 64
0 0 1 -4.0
1 3 0 4.0
0 4 0 -4.0
1 6 0 4.0
0 6 2 -4.0
1 5 1 4.0
0 6 1 -4.0
1 2 0 4.0
0 7 2 -4.0
1 7 4 4.0
0 1 0 -4.0
1 7 0 4.0
0 7 1 -4.0
0 0 6 -4.0
1 0 7 4.0
