1 4 2 0.0
0 5 4 0.0
1 4 5 0.0
0 3 2 0.0
1 2 3 0.0
0 5 5 0.0
1 2 4 0.0
0 2 2 0.0
1 3 1 0.0
0 3 5 -2.09
1 5 3 3.89
0 1 2 -2.65
1 1 3 3.43
0 0 2 -3.54
1 1 5 3.09
0 1 4 -1.73
1 4 6 1.79
0 3 6 -2.73
1 0 5 3.34
0 0 4 -2.88
1 2 5 3.09
0 2 6 -2.84
1 4 7 4.16
0 5 7 -4.87
1 2 7 4.62
0 6 2 -4.88
1 5 6 4.73
0 5 2 -5.04
1 4 1 4.19
0 2 1 -3.71
1 6 5 4.19
0 7 5 -4.3
1 6 6 3.34
0 2 0 -3.09
1 3 0 2.7
0 1 6 -4.15
1 6 3 5.59
0 7 3 -4.48
1 5 1 3.42
0 6 4 -3.91
1 0 7 2.8
0 0 6 -1.83
1 1 0 1.62
0 3 7 0
1 0 3 0
0 7 7 0.0
1 0 1 0.0
0 5 0 0.0
1 6 7 0.0
0 1 7 0.0
1 7 2 0.0
0 4 0 0.0
1 6 0 0.0
0 7 4 0.0
1 6 1 0.0
0 7 0 0.0
1 7 1 0.0
0 0 0 0.0
1 1 1 0.0
1 7 6 0.0
