1 5 3 -20.0
0 5 2 20.0
1 4 2 -20.0
0 3 2 20.0
1 2 3 -20.0
0 4 5 20.0
1 3 5 -20.0
0 6 3 20.0
1 4 6 -20.0
0 1 3 20.0
1 1 2 -20.0
0 2 5 20.0
1 2 4 -2.58
0 2 2 1.73
1 1 5 -2.03
0 5 4 2.18
1 3 1 -2.5
0 5 6 2.64
1 1 4 -2.7
0 2 1 2.64
1 5 5 -4.18
0 4 7 5.02
1 6 4 -5.24
0 3 6 5.25
1 2 6 -5.38
0 5 1 6.03
1 4 1 -5.28
0 7 4 4.86
1 6 5 -5.48
0 6 2 6.7
1 5 0 -8.09
0 1 7 8.44
1 7 5 -8.62
0 7 3 9.23
1 7 2 -11.63
0 4 0 13.61
1 1 0 -13.74
0 2 0 13.23
1 3 0 -13.05
0 0 5 13.24
1 1 6 -12.49
0 6 6 10.84
1 2 7 -11.07
0 3 7 64
1 5 7 -64
0 7 7 20.0
1 0 7 -20.0
0 0 2 20.0
1 1 1 -20.0
0 0 0 20.0
1 0 1 -20.0
0 6 0 20.0
1 6 1 -20.0
0 0 6 20.0
1 0 4 -20.0
0 0 3 20.0
1 7 6 -20.0
0 6 7 20.0
0 7 1 20.0
1 7 0 -20.0
