1 2 4 -8.0
0 4 5 8.0
1 5 4 -8.0
0 2 3 8.0
1 4 2 -8.0
0 3 2 8.0
1 1 3 -8.0
0 1 4 8.0
1 3 1 -8.0
0 5 3 8.0
1 3 5 -1.41
0 6 4 4.05
1 5 5 -3.49
0 2 6 2.7
1 2 5 -2.63
0 2 2 2.3
1 6 5 -1.83
0 3 6 1.91
1 5 2 -2.2
0 0 2 1.4
1 1 5 -2.15
0 4 6 1.34
1 5 6 -1.27
0 7 5 2.06
1 3 7 -2.83
0 6 3 2.45
1 6 2 -2.27
0 2 1 2.49
1 4 7 -1.95
0 0 5 3.25
1 1 2 -2.91
0 4 0 2.08
1 7 2 -2.48
0 7 3 3.35
1 0 4 -4.58
0 0 3 5.79
1 3 0 -6.96
0 2 0 9.04
1 5 1 -8.91
0 4 1 7.75
1 1 0 -8.05
0 0 0 8.77
1 5 0 -8.01
0 6 0 64
1 6 1 -64
0 7 0 8.0
1 7 1 -8.0
0 2 7 8.0
1 1 7 -8.0
0 0 6 8.0
1 0 1 -8.0
0 1 1 8.0
1 0 7 -8.0
0 1 6 8.0
1 7 4 -8.0
0 6 6 8.0
1 6 7 -8.0
0 5 7 8.0
1 7 7 -8.0
0 7 6 8.0
