1 4 2 -18.0
0 5 2 18.0
1 5 3 -18.0
0 3 2 18.0
1 2 3 -18.0
0 4 5 18.0
1 3 5 -18.0
0 6 3 18.0
1 4 6 -18.0
0 1 3 18.0
1 1 2 -18.0
0 1 4 18.0
1 2 2 -18.0
0 3 1 18.0
1 4 1 -18.0
0 5 4 18.0
1 2 0 -18.0
0 2 4 18.0
1 5 5 -18.0
0 2 6 0.65
1 2 5 -0.65
0 5 1 0.65
1 2 7 -1.75
0 0 2 0.5
1 0 5 -1.23
0 4 0 1.58
1 6 5 -0.64
0 6 4 1.3
1 7 4 -1.82
0 5 6 1.22
1 7 3 -1.42
0 2 1 0.67
1 3 6 -1.11
0 3 7 0.49
1 6 0 -0.25
0 5 0 0.52
1 3 0 -0.31
0 6 2 0.14
1 1 0 -0.35
0 7 2 1.91
1 0 4 -2.52
0 7 5 2.55
1 6 1 -4.75
0 1 7 64
1 0 3 -64
0 0 6 18.0
1 6 6 -18.0
0 7 0 18.0
1 7 1 -18.0
0 0 1 18.0
1 1 1 -18.0
0 0 0 18.0
1 6 7 -18.0
0 7 7 18.0
1 7 6 -18.0
0 1 5 18.0
1 4 7 -18.0
0 5 7 18.0
1 1 6 -18.0
0 0 7 18.0
