1 5 3 0.0
0 3 2 0.0
1 2 5 0.0
0 3 5 0.0
1 2 4 0.0
0 5 4 0.0
1 2 3 0.0
0 1 5 0.0
1 2 6 0.0
0 1 4 0.0
1 4 5 0.0
0 4 2 0.0
1 1 2 0.0
0 2 2 0.0
1 1 3 0.0
0 0 2 0.0
1 0 3 -3.98
0 5 2 3.98
1 6 2 -4.44
0 0 5 6.13
1 0 4 -4.77
0 6 3 5.09
1 2 1 -4.97
0 7 2 5.3
1 3 1 -5.99
0 4 1 5.63
1 6 5 -4.31
0 5 6 2.17
1 4 6 -1.66
0 3 0 3.2
1 4 7 -2.63
0 5 7 0.45
1 6 7 0.17
0 3 6 -0.17
1 6 4 1.87
0 5 5 -1.58
1 3 7 -0.71
0 1 7 0.2
1 7 3 -0.06
0 7 4 1.37
1 7 5 -1.05
0 7 6 0.85
1 2 0 -0.98
0 5 1 0
1 4 0 0
0 1 6 0.0
1 0 7 0.0
0 2 7 0.0
1 6 6 0.0
0 5 0 0.0
1 6 0 0.0
0 7 7 0.0
1 0 6 0.0
0 6 1 0.0
1 0 1 0.0
0 1 0 0.0
1 0 0 0.0
0 1 1 0.0
1 7 1 0.0
0 7 0 0.0
