1 5 3 -2.0
0 3 2 2.0
1 2 4 -2.0
0 3 5 2.0
1 2 3 -2.0
0 5 4 2.0
1 4 5 -2.0
0 5 5 2.0
1 3 6 -3.26
0 2 6 5.27
1 6 4 -5.94
0 2 5 7.13
1 1 4 -7.48
0 1 5 8.88
1 4 2 -9.68
0 0 4 8.89
1 4 6 -8.48
0 1 2 7.99
1 0 5 -7.66
0 6 2 8.24
1 1 3 -8.67
0 2 2 9.3
1 0 3 -10.88
0 0 2 10.01
1 4 1 -9.75
0 0 6 11.74
1 2 1 -12.2
0 3 7 11.17
1 4 7 -10.66
0 5 1 9.45
1 6 3 -8.33
0 5 2 9.11
1 3 1 -8.13
0 5 0 5.71
1 4 0 -5.61
0 5 7 5.86
1 5 6 -6.63
0 6 7 5.1
1 1 7 -5.92
0 6 6 4.92
1 6 5 -5.76
0 7 5 6.36
1 7 2 -6.13
0 7 4 64
1 7 3 -64
0 3 0 2.0
1 7 7 -2.0
0 7 6 2.0
1 2 7 -2.0
0 1 6 2.0
1 2 0 -2.0
0 1 0 2.0
1 0 1 -2.0
0 0 0 2.0
1 1 1 -2.0
0 7 1 2.0
1 0 7 -2.0
1 6 1 -2.0
0 6 0 2.0
1 7 0 -2.0
