1 5 3 4.0
0 3 2 -4.0
1 2 3 4.0
0 5 4 -4.0
1 4 5 4.0
0 5 2 -4.0
1 5 5 4.0
0 2 4 -4.0
1 3 5 4.0
0 4 6 -3.7
1 2 5 2.41
0 2 2 -2.33
1 5 7 2.65
0 1 3 -2.36
1 4 2 3.23
0 3 6 -3.61
1 4 7 3.27
0 4 1 -3.38
1 6 4 3.36
0 6 3 -2.88
1 5 6 1.74
0 1 4 -1.77
1 1 2 2.38
0 2 6 -2.4
1 2 1 2.58
0 3 1 -2.87
1 6 5 2.08
0 7 4 -1.45
1 3 0 0.48
0 3 7 0.49
1 0 5 -1.87
0 0 4 4.01
1 5 0 -4.66
0 7 5 6.06
1 6 2 -6.9
0 7 1 8.44
1 0 2 -9.0
0 0 6 7.95
1 7 3 -6.98
0 7 2 6.61
1 1 1 -6.33
0 6 7 6.63
1 6 6 -7.38
0 0 3 -64
1 0 7 64
0 1 5 -4.0
1 1 7 4.0
0 1 6 -4.0
1 2 7 4.0
0 0 1 -4.0
1 0 0 4.0
0 6 1 -4.0
1 7 0 4.0
0 6 0 -4.0
1 7 6 4.0
0 7 7 -4.0
1 5 1 4.0
0 4 0 -4.0
1 2 0 4.0
0 1 0 -4.0
