1 2 4 26.0
0 4 5 -26.0
1 5 3 26.0
0 4 2 -26.0
1 5 2 26.0
0 6 2 -26.0
1 5 5 26.0
0 6 5 -26.0
1 4 6 26.0
0 3 7 -26.0
1 5 1 4.81
0 3 5 -6.2
1 5 4 6.17
0 6 3 -5.84
1 7 2 6.13
0 2 3 -4.77
1 7 4 6.55
0 7 3 -7.52
1 6 4 7.98
0 4 1 -8.23
1 3 2 8.16
0 7 5 -7.63
1 7 6 6.01
0 5 0 -4.36
1 2 2 3.66
0 2 1 -4.54
1 3 1 4.23
0 2 0 -4.5
1 5 6 5.91
0 3 6 -5.61
1 4 7 5.76
0 1 5 -5.62
1 1 4 5.32
0 1 2 -6.59
1 2 7 6.15
0 0 4 -5.57
1 0 5 5.94
0 0 6 -5.78
1 2 6 5.81
0 1 3 -6.47
1 0 3 6.57
0 0 2 -6.27
1 2 5 7.66
0 1 6 -64
1 1 1 64
0 5 7 -26.0
1 1 0 26.0
0 3 0 -26.0
1 0 7 26.0
0 0 0 -26.0
1 0 1 26.0
0 7 1 -26.0
1 7 0 26.0
0 6 6 -26.0
1 6 0 26.0
0 6 1 -26.0
1 4 0 26.0
0 1 7 -26.0
1 6 7 26.0
0 7 7 -26.0
