1 4 2 12.0
0 5 4 -12.0
1 2 5 12.0
0 2 4 -12.0
1 3 5 12.0
0 3 2 -12.0
1 2 3 12.0
0 2 2 -12.0
1 3 1 12.0
0 1 3 -12.0
1 1 4 -0.91
0 5 2 1.03
1 2 1 -1.23
0 0 5 0.99
1 0 3 -0.77
0 1 2 1.95
1 4 1 -3.38
0 4 5 3.63
1 5 5 -4.5
0 1 5 5.45
1 0 2 -4.59
0 5 0 3.59
1 6 3 -5.0
0 5 6 4.87
1 5 3 -4.55
0 5 1 3.7
1 6 2 -3.48
0 2 6 2.95
1 4 6 -2.79
0 6 4 1.73
1 7 5 -1.15
0 7 2 -0.07
1 7 3 0.59
0 4 7 -1.71
1 6 5 0.44
0 3 6 -0.57
1 3 0 0.17
0 6 1 0.1
1 0 4 0.02
0 0 1 -0.51
1 2 7 1.41
0 3 7 -1.01
1 7 0 2.24
0 7 1 -64
1 5 7 64
0 7 4 -12.0
1 6 0 12.0
0 4 0 -12.0
1 1 1 12.0
0 2 0 -12.0
1 0 6 12.0
0 0 7 -12.0
1 0 0 12.0
0 6 7 -12.0
1 7 7 12.0
0 7 6 -12.0
1 1 0 12.0
0 1 6 -12.0
1 1 7 12.0
1 6 6 12.0
