1 4 2 2.0
0 5 2 -2.0
1 5 3 2.0
0 3 2 -2.0
1 4 1 2.0
0 6 3 -2.0
1 2 3 2.0
0 3 1 -2.0
1 2 4 2.0
0 5 5 -2.0
1 5 1 2.0
0 4 0 -2.0
1 5 0 1.14
0 3 0 -2.03
1 2 0 3.13
0 2 2 -2.59
1 2 1 2.05
0 2 5 -3.63
1 6 2 4.75
0 1 5 -5.42
1 7 3 7.31
0 6 1 -6.34
1 5 4 6.9
0 7 2 -8.26
1 7 0 10.65
0 7 4 -10.2
1 7 1 8.91
0 4 5 -10.7
1 6 4 11.88
0 1 3 -12.19
1 6 5 12.26
0 7 5 -11.05
1 3 5 12.09
0 1 2 -11.57
1 4 6 10.05
0 3 7 -8.34
1 0 2 6.89
0 0 3 -4.9
1 1 4 4.76
0 0 4 -3.09
1 0 5 0.77
0 5 6 -0.18
1 0 1 0.13
0 1 1 -64
1 7 6 64
0 6 0 -2.0
1 3 6 2.0
0 2 7 -2.0
1 6 7 2.0
0 5 7 -2.0
1 4 7 2.0
0 7 7 -2.0
1 6 6 2.0
0 0 6 -2.0
1 0 7 2.0
0 1 6 -2.0
1 1 0 2.0
0 0 0 -2.0
1 1 7 2.0
0 2 6 -2.0
