1 5 3 4.0
0 3 2 -4.0
1 2 4 4.0
0 3 5 -4.0
1 2 5 4.0
0 5 4 -4.0
1 2 3 4.0
0 1 4 -4.0
1 4 5 4.0
0 4 2 3.08
1 5 5 -4.01
0 5 2 4.3
1 5 1 -3.8
0 6 2 4.0
1 4 1 -4.51
0 6 4 3.95
1 2 1 -3.82
0 6 3 3.99
1 1 5 -3.22
0 2 6 3.27
1 6 5 -2.97
0 2 2 2.41
1 1 2 -3.38
0 1 3 3.46
1 3 6 -3.23
0 0 2 4.05
1 3 1 -5.01
0 0 5 5.05
1 1 1 -5.21
0 0 0 4.53
1 1 7 -4.98
0 4 6 4.69
1 4 7 -5.23
0 5 6 5.44
1 5 7 -5.02
0 7 5 5.01
1 1 6 -4.14
0 0 7 3.63
1 0 1 -2.95
0 3 0 2.77
1 4 0 -2.73
0 0 3 1.99
1 0 6 -0.76
0 1 0 -64
1 2 0 64
0 3 7 -4.0
1 2 7 4.0
0 6 1 -4.0
1 5 0 4.0
0 6 0 -4.0
1 0 4 4.0
0 6 7 -4.0
1 7 4 4.0
0 7 3 -4.0
1 7 2 4.0
0 7 1 -4.0
1 7 0 4.0
1 6 6 4.0
0 7 7 -4.0
1 7 6 4.0
