1 2 4 -6.0
0 2 5 6.0
1 3 5 -6.0
0 2 3 6.0
1 1 4 -6.0
0 3 6 6.0
1 2 6 -6.0
0 4 5 6.0
1 4 7 -1.08
0 1 5 1.2
1 2 2 -1.2
0 0 4 1.2
1 3 2 -1.2
0 4 6 1.2
1 5 2 -1.2
0 4 2 1.2
1 5 3 -1.2
0 5 4 1.2
1 3 1 -1.2
0 1 2 1.23
1 0 2 -1.23
0 6 3 3.74
1 0 3 -7.24
0 1 3 6.17
1 0 5 -5.96
0 2 7 5.95
1 1 6 -5.9
0 2 1 6.01
1 4 1 -6.43
0 0 7 8.26
1 7 4 -9.09
0 0 6 10.02
1 3 0 -9.3
0 5 1 8.22
1 5 7 -6.88
0 5 6 7.05
1 6 2 -8.39
0 5 5 9.9
1 4 0 -8.44
0 2 0 9.18
1 6 4 -8.99
0 0 1 6.97
1 3 7 -7.16
0 6 6 64
1 6 5 -64
0 5 0 6.0
1 7 7 -6.0
0 7 1 6.0
1 7 2 -6.0
0 6 0 6.0
1 7 0 -6.0
0 6 1 6.0
1 1 1 -6.0
0 1 0 6.0
1 0 0 -6.0
0 7 3 6.0
1 1 7 -6.0
0 7 6 6.0
1 6 7 -6.0
0 7 5 6.0
