1 4 2 -6.0
0 5 4 6.0
1 2 5 -6.0
0 2 4 6.0
1 3 5 -6.0
0 3 2 6.0
1 4 5 -6.0
0 3 6 6.0
1 4 6 -6.0
0 5 5 6.0
1 2 3 -6.0
0 2 2 6.0
1 2 6 -6.0
0 5 3 6.0
1 5 6 -5.37
0 5 2 5.48
1 6 5 -5.2
0 7 5 6.06
1 2 1 -6.49
0 1 2 6.74
1 6 3 -6.86
0 6 4 7.38
1 7 3 -6.3
0 6 2 7.0
1 4 1 -7.16
0 1 4 5.62
1 3 1 -2.59
0 1 5 2.84
1 5 1 -2.07
0 7 2 1.55
1 7 1 -1.01
0 4 0 0.4
1 2 0 -0.2
0 5 0 1.53
1 0 5 -1.55
0 1 6 2.6
1 0 4 -3.44
0 0 3 3.27
1 0 7 -3.2
0 3 0 5.04
1 6 0 -4.45
0 6 6 4.59
1 6 1 -6.37
0 5 7 64
1 0 2 -64
0 1 3 6.0
1 4 7 -6.0
0 2 7 6.0
1 3 7 -6.0
0 7 0 6.0
1 7 4 -6.0
0 6 7 6.0
1 1 7 -6.0
0 0 6 6.0
1 7 7 -6.0
0 7 6 6.0
1 1 1 -6.0
0 0 0 6.0
1 0 1 -6.0
0 1 0 6.0
