1 5 3 18.0
0 3 2 -18.0
1 2 5 18.0
0 3 5 -18.0
1 2 4 18.0
0 5 4 -18.0
1 2 3 18.0
0 1 5 -18.0
1 2 6 18.0
0 4 2 -18.0
1 2 2 18.0
0 1 4 -18.0
1 1 3 18.0
0 3 6 -18.0
1 4 5 18.0
0 0 2 -18.0
1 2 7 18.0
0 4 7 -0.85
1 2 1 0.85
0 1 2 -0.85
1 5 5 0.85
0 5 2 -0.85
1 3 1 0.85
0 5 1 -0.85
1 4 1 2.14
0 2 0 -2.95
1 6 2 2.52
0 5 0 -2.63
1 0 5 2.93
0 4 6 -3.22
1 3 7 2.62
0 1 7 -1.26
1 5 6 0.11
0 0 4 -0.81
1 3 0 0.36
0 4 0 -0.33
1 1 1 0.27
0 7 2 1.57
1 0 3 -2.95
0 1 6 4.73
1 0 1 -5.26
0 0 0 3.79
1 1 0 -1.46
0 0 6 -64
1 7 1 64
0 7 3 -18.0
1 7 4 18.0
0 6 7 -18.0
1 5 7 18.0
0 6 6 -18.0
1 0 7 18.0
0 6 4 -18.0
1 7 7 18.0
0 6 5 -18.0
1 6 3 18.0
0 7 5 -18.0
1 7 6 18.0
1 6 1 18.0
0 7 0 -18.0
1 6 0 18.0
