1 5 3 -14.0
0 3 2 14.0
1 2 5 -14.0
0 3 5 14.0
1 2 4 -14.0
0 5 4 14.0
1 5 2 -14.0
0 5 5 14.0
1 4 2 -14.0
0 4 1 14.0
1 3 1 -14.0
0 6 2 14.0
1 6 3 -14.0
0 5 1 14.0
1 5 0 -14.0
0 7 2 4.3
1 3 6 -4.3
0 3 0 4.3
1 4 5 -4.3
0 2 0 4.3
1 6 4 -1.48
0 4 6 -0.95
1 7 3 0.12
0 2 7 -0.61
1 5 7 -1.15
0 3 7 2.55
1 7 1 -2.09
0 2 2 1.91
1 2 1 -3.74
0 2 3 4.52
1 5 6 -5.55
0 7 5 6.98
1 6 5 -7.65
0 7 6 6.01
1 4 7 -5.36
0 1 4 5.75
1 1 3 -4.86
0 6 7 3.34
1 6 0 -3.99
0 0 4 4.1
1 0 2 -5.59
0 1 2 7.01
1 6 1 -6.49
0 7 0 64
1 4 0 -64
0 7 4 14.0
1 0 5 -14.0
0 0 3 14.0
1 1 5 -14.0
0 0 6 14.0
1 0 7 -14.0
0 1 6 14.0
1 0 1 -14.0
0 1 1 14.0
1 0 0 -14.0
0 1 0 14.0
1 6 6 -14.0
0 7 7 14.0
1 2 6 -14.0
0 1 7 14.0
