1 4 2 0.0
0 5 2 0.0
1 5 3 0.0
0 5 4 0.0
1 6 2 0.0
0 4 1 0.0
1 3 2 3.56
0 2 2 -3.05
1 6 4 3.49
0 6 3 -3.65
1 6 5 4.98
0 5 1 -4.83
1 2 3 3.97
0 3 1 -2.85
1 7 2 3.19
0 5 5 -2.93
1 2 0 3.06
0 7 5 -1.95
1 3 0 0.0
0 7 4 1.1
1 2 4 0.03
0 5 0 -1.73
1 2 1 1.48
0 1 5 -0.62
1 4 0 0.38
0 1 0 -0.14
1 4 5 -1.62
0 6 0 2.95
1 2 5 -2.68
0 1 2 2.73
1 1 3 -3.88
0 0 4 3.23
1 5 6 -2.75
0 7 3 2.11
1 6 1 -2.31
0 6 6 3.03
1 0 5 -3.6
0 3 6 3.73
1 2 7 -2.82
0 1 4 1.02
1 0 3 0.23
0 7 0 -0.26
1 7 1 1.38
0 4 7 0
1 5 7 0
0 6 7 0.0
1 4 6 0.0
0 3 5 0.0
1 7 7 0.0
0 7 6 0.0
1 3 7 0.0
0 2 6 0.0
1 1 7 0.0
0 0 6 0.0
1 0 1 0.0
0 0 2 0.0
1 0 7 0.0
0 1 6 0.0
1 1 1 0.0
0 0 0 0.0
