1 2 4 4.0
0 4 5 -4.0
1 5 2 4.0
0 4 2 -4.0
1 5 3 4.0
0 2 3 -4.0
1 3 2 4.0
0 2 2 -4.0
1 1 3 4.0
0 3 1 -4.0
1 4 1 -0.05
0 1 2 -0.81
1 1 4 0.48
0 2 5 1.25
1 1 5 -1.53
0 0 3 0.83
1 5 4 -0.08
0 3 5 1.12
1 2 0 -0.28
0 0 6 0.05
1 2 1 -0.45
0 5 5 0.49
1 5 6 -0.77
0 6 4 0.79
1 4 6 -1.03
0 3 6 1.52
1 6 5 -1.25
0 5 1 0.21
1 6 3 -0.63
0 6 2 0.83
1 2 7 -0.6
0 5 0 -0.2
1 4 0 1.26
0 7 3 -0.77
1 7 4 0.58
0 6 1 -0.96
1 7 2 1.3
0 7 1 -1.52
1 1 1 0.09
0 4 7 0.72
1 0 4 -0.92
0 0 2 1.23
1 0 5 -2.74
0 1 6 -64
1 7 0 64
0 6 0 -4.0
1 3 7 4.0
0 6 6 -4.0
1 2 6 4.0
0 5 7 -4.0
1 0 1 4.0
0 0 0 -4.0
1 6 7 4.0
0 1 0 -4.0
1 3 0 4.0
0 1 7 -4.0
1 0 7 4.0
1 7 5 4.0
0 7 7 -4.0
1 7 6 4.0
