1 2 4 -4.0
0 4 5 4.0
1 5 2 -4.0
0 4 2 4.0
1 5 3 -4.0
0 2 3 4.0
1 5 4 -4.0
0 6 2 4.0
1 5 1 -4.0
0 3 5 4.0
1 5 5 -4.0
0 6 3 4.0
1 6 4 -4.0
0 4 1 4.0
1 2 6 -4.0
0 5 6 4.0
1 2 2 -0.23
0 1 2 2.21
1 6 5 -2.21
0 3 2 2.16
1 7 2 -3.41
0 2 5 2.57
1 1 4 -1.71
0 1 5 1.42
1 3 6 -0.56
0 1 3 1.05
1 7 3 -1.73
0 2 7 1.94
1 2 1 -2.5
0 2 0 2.88
1 3 1 -1.66
0 4 7 0.55
1 3 7 -0.24
0 4 6 0.77
1 5 7 -1.68
0 6 7 2.31
1 1 6 -3.7
0 6 6 3.82
1 0 6 -5.17
0 0 4 4.59
1 0 3 -4.18
0 3 0 2.68
1 0 1 -3.6
0 7 5 64
1 7 4 -64
0 0 5 4.0
1 4 0 -4.0
0 5 0 4.0
1 0 7 -4.0
0 6 1 4.0
1 7 7 -4.0
0 1 7 4.0
1 7 6 -4.0
0 0 2 4.0
1 1 0 -4.0
0 0 0 4.0
1 1 1 -4.0
1 7 0 -4.0
0 6 0 4.0
1 7 1 -4.0
