1 4 2 28.0
0 5 4 -28.0
1 2 5 28.0
0 2 4 -28.0
1 3 5 28.0
0 3 2 -28.0
1 4 5 28.0
0 2 6 -28.0
1 1 5 28.0
0 5 3 -28.0
1 5 5 28.0
0 3 6 -28.0
1 4 6 28.0
0 1 4 -28.0
1 2 3 28.0
0 5 7 -28.0
1 0 5 28.0
0 0 3 -0.52
1 2 2 0.52
0 5 2 0.07
1 6 5 1.35
0 6 4 2.98
1 3 7 -1.55
0 4 7 -0.16
1 2 7 -0.38
0 1 7 -0.7
1 0 4 0.72
0 0 6 -2.2
1 5 6 3.72
0 1 3 -4.36
1 6 6 5.77
0 5 1 -7.27
1 4 1 6.39
0 4 0 -3.77
1 1 2 3.16
0 3 1 -3.63
1 2 1 2.73
0 0 2 -3.4
1 3 0 4.17
0 6 3 -6.29
1 1 1 7.9
0 7 4 -9.52
1 7 6 11.73
0 7 7 -64
1 6 7 64
0 0 0 -28.0
1 7 5 28.0
0 1 6 -28.0
1 7 2 28.0
0 6 2 -28.0
1 0 7 28.0
0 7 3 -28.0
1 0 1 28.0
0 7 1 -28.0
1 7 0 28.0
0 1 0 -28.0
1 2 0 28.0
1 6 0 28.0
0 5 0 -28.0
1 6 1 28.0
