1 4 2 6.0
0 5 2 -6.0
1 5 3 6.0
0 3 2 -6.0
1 5 1 6.0
0 4 5 -6.0
1 3 1 6.0
0 4 1 -6.0
1 3 0 6.0
0 5 0 -6.0
1 2 2 6.0
0 2 3 1.95
1 1 3 -1.95
0 2 1 2.36
1 1 0 -2.36
0 6 3 3.04
1 6 2 -3.04
0 5 4 3.04
1 4 0 -3.04
0 1 4 3.04
1 2 4 -3.25
0 0 3 1.99
1 0 2 -3.02
0 0 1 2.18
1 7 3 -0.8
0 3 5 1.23
1 1 5 -1.79
0 1 2 2.1
1 2 5 -2.6
0 3 6 1.97
1 6 5 -3.68
0 5 5 2.7
1 6 4 -1.47
0 7 5 1.7
1 5 6 -2.32
0 7 1 1.2
1 7 2 0.38
0 7 4 0.06
1 2 7 -0.23
0 2 0 1.7
1 6 0 -2.73
0 0 6 2.29
1 6 6 -0.46
0 4 6 -64
1 1 1 64
0 3 7 -6.0
1 4 7 6.0
0 6 7 -6.0
1 7 7 6.0
0 5 7 -6.0
1 7 6 6.0
0 0 0 -6.0
1 7 0 6.0
0 6 1 -6.0
1 2 6 6.0
0 1 6 -6.0
1 0 5 6.0
0 0 7 -6.0
1 0 4 6.0
0 1 7 -6.0
