1 2 4 -20.0
0 4 5 20.0
1 5 4 -20.0
0 2 3 20.0
1 4 2 -20.0
0 5 3 20.0
1 5 2 -20.0
0 5 5 1.52
1 3 5 -5.19
0 6 4 4.16
1 5 6 -5.16
0 6 5 5.47
1 2 5 -6.4
0 3 2 6.25
1 4 6 -6.58
0 6 3 6.44
1 6 2 -6.09
0 1 4 5.3
1 7 2 -6.12
0 4 1 7.16
1 3 0 -8.6
0 7 3 9.05
1 1 3 -8.91
0 5 1 8.48
1 5 0 -8.28
0 1 2 7.63
1 7 4 -7.31
0 4 0 8.84
1 3 1 -9.69
0 2 1 8.55
1 2 0 -8.48
0 2 2 9.33
1 7 1 -10.27
0 1 5 9.88
1 3 6 -9.18
0 2 6 9.4
1 0 4 -9.1
0 0 5 9.96
1 0 6 -10.4
0 4 7 11.27
1 0 1 -10.5
0 7 6 8.93
1 5 7 -10.98
0 3 7 64
1 0 3 -64
0 6 6 20.0
1 2 7 -20.0
0 1 6 20.0
1 0 7 -20.0
0 1 7 20.0
1 1 0 -20.0
0 0 0 20.0
1 7 5 -20.0
0 7 0 20.0
1 6 1 -20.0
0 6 0 20.0
1 1 1 -20.0
0 0 2 20.0
1 6 7 -20.0
0 7 7 20.0
