1 5 3 2.0
0 3 2 -2.0
1 2 3 2.0
0 5 4 -2.0
1 4 5 2.0
0 2 2 -2.0
1 3 5 2.0
0 5 2 -2.0
1 4 2 2.0
0 3 1 -2.0
1 6 5 2.0
0 2 4 -2.0
1 1 4 2.0
0 1 5 -2.0
1 1 2 2.0
0 0 5 0.89
1 4 1 0.05
0 3 0 -0.05
1 6 3 0.63
0 2 5 -0.27
1 5 1 0.09
0 3 6 0.16
1 2 6 -1.06
0 0 2 1.06
1 1 3 -0.4
0 5 5 0.25
1 2 7 -0.45
0 4 7 1.59
1 4 6 -2.41
0 5 7 2.23
1 5 6 -1.8
0 6 0 2.06
1 2 0 -1.73
0 4 0 -1.01
1 1 1 2.95
0 6 4 -4.63
1 6 2 5.83
0 7 5 -4.57
1 7 4 2.4
0 6 1 -1.05
1 6 6 0.85
0 2 1 -0.84
1 7 6 0.05
0 3 7 -64
1 0 1 64
0 7 7 -2.0
1 0 3 2.0
0 0 0 -2.0
1 0 4 2.0
0 1 0 -2.0
1 7 0 2.0
0 7 3 -2.0
1 1 6 2.0
0 0 7 -2.0
1 6 7 2.0
0 7 1 -2.0
1 5 0 2.0
0 1 7 -2.0
1 0 6 2.0
1 7 2 2.0
