1 4 2 -2.0
0 5 2 2.0
1 5 3 -2.0
0 5 4 2.0
1 4 5 -2.0
0 2 3 2.0
1 2 4 -2.0
0 4 1 2.0
1 1 3 -2.0
0 4 6 2.0
1 5 5 -2.0
0 5 6 2.0
1 6 3 -2.0
0 6 4 2.0
1 6 2 -2.0
0 3 2 2.0
1 7 5 -2.0
0 7 3 1.67
1 4 0 -3.34
0 3 1 2.98
1 5 1 -2.72
0 7 2 2.85
1 6 5 -3.44
0 7 4 3.06
1 7 1 -3.27
0 2 2 2.39
1 3 6 -1.6
0 3 5 1.04
1 2 6 -0.76
0 1 5 0.93
1 2 5 -0.65
0 3 0 -0.91
1 5 0 1.69
0 2 1 -1.51
1 1 2 1.91
0 1 4 -1.98
1 0 3 1.72
0 6 0 -1.72
1 0 5 2.01
0 0 2 1.08
1 2 0 -0.99
0 1 0 -1.0
1 0 4 2.32
0 1 1 64
1 4 7 -64
0 2 7 2.0
1 0 0 -2.0
0 0 1 2.0
1 7 0 -2.0
0 6 1 2.0
1 6 6 -2.0
0 7 7 2.0
1 5 7 -2.0
0 3 7 2.0
1 1 7 -2.0
0 1 6 2.0
1 0 7 -2.0
0 0 6 2.0
0 6 7 2.0
1 7 6 -2.0
