1 2 4 -20.0
0 2 5 20.0
1 3 5 -20.0
0 2 3 20.0
1 5 2 -20.0
0 3 6 20.0
1 2 2 -20.0
0 3 2 20.0
1 4 2 -20.0
0 3 1 -0.07
1 4 0 -2.77
0 2 1 2.46
1 1 2 -0.84
0 5 5 0.36
1 1 4 -0.97
0 5 3 -0.13
1 1 5 0.65
0 3 0 0.04
1 4 1 -1.46
0 5 0 1.87
1 2 6 -0.63
0 1 3 -0.7
1 6 4 0.98
0 2 7 0.08
1 5 4 -0.6
0 0 4 -0.13
1 5 6 -1.71
0 0 5 1.63
1 0 3 -1.34
0 5 1 2.27
1 4 6 -5.24
0 0 2 5.31
1 3 7 -4.91
0 4 7 7.17
1 1 1 -10.12
0 4 5 10.01
1 1 0 -9.72
0 0 0 9.86
1 0 1 -10.9
0 2 0 12.37
1 6 1 -14.4
0 6 0 15.16
1 5 7 -15.46
0 6 7 64
1 6 6 -64
0 7 7 20.0
1 6 5 -20.0
0 7 6 20.0
1 6 3 -20.0
0 7 0 20.0
1 1 7 -20.0
0 1 6 20.0
1 0 7 -20.0
0 0 6 20.0
1 7 4 -20.0
0 7 5 20.0
1 7 3 -20.0
0 6 2 20.0
1 7 1 -20.0
0 7 2 20.0
