1 4 2 -2.0
0 5 2 2.0
1 5 3 -2.0
0 3 2 2.0
1 4 1 -2.0
0 6 3 2.0
1 6 2 -2.0
0 4 0 2.0
1 2 4 -2.0
0 5 5 2.0
1 2 3 -2.0
0 6 4 1.66
1 2 1 -4.93
0 5 1 2.48
1 4 5 -2.34
0 7 2 4.54
1 6 5 -4.26
0 2 2 6.38
1 3 1 -6.63
0 1 4 7.02
1 6 0 -7.88
0 5 4 7.74
1 1 3 -8.11
0 0 2 8.38
1 0 4 -10.09
0 0 3 11.67
1 0 1 -12.54
0 3 6 11.45
1 4 6 -11.77
0 3 5 11.28
1 1 2 -11.24
0 5 0 10.29
1 3 0 -10.26
0 2 5 8.98
1 2 7 -7.97
0 5 6 8.12
1 0 5 -7.31
0 5 7 6.49
1 7 3 -6.02
0 1 5 4.11
1 7 4 -3.15
0 7 5 3.87
1 6 1 -5.01
0 2 6 64
1 0 6 -64
0 1 6 2.0
1 4 7 -2.0
0 3 7 2.0
1 0 7 -2.0
0 1 7 2.0
1 7 6 -2.0
0 7 0 2.0
1 6 6 -2.0
0 7 1 2.0
1 6 7 -2.0
0 2 0 2.0
1 1 1 -2.0
0 7 7 2.0
0 0 0 2.0
1 1 0 -2.0
