1 4 2 -16.0
0 5 2 16.0
1 5 3 -16.0
0 5 4 16.0
1 5 5 -16.0
0 2 3 16.0
1 2 2 -16.0
0 4 5 3.89
1 2 4 -4.02
0 4 1 4.66
1 3 5 -5.37
0 3 6 5.12
1 6 2 -4.49
0 6 3 4.79
1 3 2 -5.13
0 5 1 5.41
1 7 3 -5.46
0 5 6 5.53
1 4 6 -6.44
0 2 5 6.4
1 3 0 -6.53
0 4 0 7.67
1 3 1 -9.01
0 2 0 10.23
1 6 5 -10.3
0 4 7 10.52
1 5 7 -11.14
0 1 5 11.26
1 2 7 -11.23
0 3 7 11.86
1 1 4 -11.27
0 0 3 10.76
1 0 4 -9.99
0 1 2 10.8
1 2 1 -11.32
0 0 5 11.2
1 2 6 -11.42
0 1 3 10.98
1 5 0 -12.09
0 6 4 13.34
1 1 0 -14.73
0 7 5 14.13
1 0 2 -13.73
0 7 1 64
1 7 2 -64
0 7 4 16.0
1 6 6 -16.0
0 0 1 16.0
1 1 6 -16.0
0 0 7 16.0
1 0 6 -16.0
0 1 7 16.0
1 0 0 -16.0
0 7 7 16.0
1 6 1 -16.0
0 1 1 16.0
1 7 6 -16.0
0 6 7 16.0
1 7 0 -16.0
0 6 0 16.0
