1 5 3 36.0
0 5 2 -36.0
1 4 2 36.0
0 3 2 -36.0
1 4 1 36.0
0 6 3 -36.0
1 6 2 36.0
0 4 0 -36.0
1 2 3 36.0
0 2 4 -36.0
1 3 1 36.0
0 5 1 -5.9
1 2 2 6.06
0 1 2 -5.75
1 3 5 6.21
0 2 1 -6.24
1 5 0 6.39
0 6 0 -6.41
1 6 4 7.38
0 4 6 -8.77
1 2 6 8.5
0 3 6 -6.97
1 2 0 5.44
0 5 5 -5.43
1 1 0 3.83
0 5 4 -4.53
1 6 5 5.6
0 7 2 -5.94
1 4 5 5.73
0 5 6 -5.8
1 0 2 6.23
0 7 6 -7.56
1 1 3 8.72
0 1 4 -8.31
1 2 5 8.29
0 1 5 -7.86
1 0 5 7.49
0 7 5 -7.12
1 3 7 6.86
0 7 4 -8.82
1 6 7 9.38
0 5 7 -10.09
1 4 7 10.09
0 2 7 -64
1 1 7 64
0 1 6 -36.0
1 7 3 36.0
0 0 3 -36.0
1 0 4 36.0
0 6 6 -36.0
1 7 7 36.0
0 0 6 -36.0
1 0 7 36.0
0 0 1 -36.0
1 0 0 36.0
0 1 1 -36.0
1 7 1 36.0
0 6 1 -36.0
1 3 0 36.0
1 7 0 36.0
