1 5 3 -4.0
0 3 2 4.0
1 2 5 -4.0
0 3 5 4.0
1 2 4 -4.0
0 5 4 4.0
1 2 3 -4.0
0 1 4 4.0
1 4 5 -4.0
0 4 2 3.27
1 5 5 -3.55
0 5 2 4.32
1 5 1 -3.89
0 6 2 3.83
1 4 1 -4.26
0 6 4 3.95
1 6 5 -3.69
0 6 3 4.26
1 2 1 -4.92
0 3 1 5.31
1 7 2 -5.05
0 7 4 5.09
1 3 0 -4.38
0 2 2 4.75
1 1 5 -5.65
0 4 6 5.8
1 3 6 -7.01
0 1 3 8.32
1 4 7 -8.02
0 5 7 8.91
1 5 6 -10.29
0 2 6 10.54
1 7 5 -11.37
0 3 7 12.36
1 7 3 -11.59
0 6 7 10.37
1 0 3 -11.54
0 1 2 10.41
1 0 5 -8.99
0 6 6 8.21
1 7 7 -8.73
0 0 4 7.77
1 0 2 -7.22
0 1 1 64
1 2 7 -64
0 7 6 4.0
1 6 1 -4.0
0 4 0 4.0
1 5 0 -4.0
0 7 0 4.0
1 0 0 -4.0
0 7 1 4.0
1 6 0 -4.0
0 2 0 4.0
1 0 1 -4.0
0 1 0 4.0
1 0 6 -4.0
0 0 7 4.0
0 1 7 4.0
1 1 6 -4.0
