1 4 2 -16.0
0 5 4 16.0
1 4 5 -16.0
0 3 2 16.0
1 2 4 -16.0
0 2 3 16.0
1 3 1 -16.0
0 4 1 16.0
1 5 3 -16.0
0 3 5 16.0
1 1 3 -4.66
0 5 2 4.66
1 2 5 -5.96
0 2 0 7.23
1 5 1 -7.51
0 5 0 7.04
1 6 3 -7.67
0 5 5 7.28
1 2 2 -5.99
0 7 2 5.78
1 4 0 -6.13
0 2 6 7.16
1 3 6 -7.61
0 3 0 7.16
1 6 4 -6.69
0 6 2 5.13
1 5 6 -5.05
0 1 2 3.89
1 2 1 -3.62
0 0 2 4.37
1 7 3 -5.55
0 1 4 6.08
1 1 5 -5.74
0 4 6 5.66
1 0 4 -4.28
0 1 0 5.36
1 7 1 -4.98
0 6 5 4.36
1 7 4 -5.05
0 6 7 5.93
1 1 1 -6.44
0 7 6 4.91
1 1 7 -5.8
0 0 0 64
1 0 1 -64
0 0 3 16.0
1 6 1 -16.0
0 2 7 16.0
1 1 6 -16.0
0 0 7 16.0
1 7 5 -16.0
0 6 0 16.0
1 7 7 -16.0
0 7 0 16.0
1 4 7 -16.0
0 6 6 16.0
1 5 7 -16.0
0 3 7 16.0
1 0 6 -16.0
0 0 5 16.0
