1 4 2 -14.0
0 5 4 14.0
1 4 5 -14.0
0 3 2 14.0
1 2 3 -14.0
0 5 5 14.0
1 2 4 -14.0
0 5 2 14.0
1 5 3 -14.0
0 6 4 14.0
1 3 1 -14.0
0 3 5 14.0
1 3 6 -14.0
0 2 6 3.64
1 4 6 -4.75
0 4 7 4.17
1 6 3 -4.02
0 2 2 4.26
1 5 7 -4.48
0 6 7 4.73
1 4 1 -4.01
0 7 3 3.7
1 6 2 -2.34
0 6 5 1.13
1 5 6 -0.03
0 2 1 -0.89
1 1 2 -0.68
0 4 0 1.27
1 5 0 -1.89
0 6 0 1.58
1 7 2 -1.0
0 3 0 1.34
1 5 1 0.71
0 7 4 -0.91
1 7 6 0.81
0 7 1 1.46
1 2 5 -1.36
0 3 7 1.8
1 2 0 -2.26
0 0 2 1.56
1 0 3 -2.8
0 0 4 2.09
1 1 3 -1.05
0 1 1 64
1 7 0 -64
0 7 5 14.0
1 6 1 -14.0
0 6 6 14.0
1 0 1 -14.0
0 7 7 14.0
1 0 5 -14.0
0 0 0 14.0
1 1 0 -14.0
0 0 6 14.0
1 2 7 -14.0
0 1 6 14.0
1 0 7 -14.0
0 1 7 14.0
0 1 5 14.0
1 1 4 -14.0
