1 5 3 12.0
0 3 2 -12.0
1 2 5 12.0
0 3 5 -12.0
1 2 4 12.0
0 5 4 -12.0
1 2 3 12.0
0 1 5 -12.0
1 3 6 12.0
0 4 5 -12.0
1 2 6 12.0
0 1 4 -1.4
1 2 2 12.0
0 4 2 -12.0
1 1 3 4.02
0 2 7 -4.02
1 4 7 4.02
0 0 3 -2.13
1 0 2 2.13
0 0 1 -2.05
1 6 4 1.36
0 5 5 -2.05
1 1 2 1.27
0 4 6 -0.87
1 3 1 0.55
0 6 5 -0.69
1 5 2 0.62
0 7 4 -1.19
1 6 3 0.88
0 5 6 -0.98
1 5 7 2.21
0 3 7 -2.21
1 1 7 1.96
0 7 2 -1.23
1 0 5 -0.56
0 4 1 1.66
1 5 0 -1.11
0 2 1 -0.19
1 0 4 2.26
0 0 6 -3.12
1 6 2 2.09
0 2 0 -2.77
1 4 0 2.84
0 6 6 -64
1 7 3 64
0 7 5 -12.0
1 5 1 12.0
0 3 0 -12.0
1 1 0 12.0
0 7 1 -12.0
1 7 0 12.0
0 6 0 -12.0
1 6 1 12.0
0 0 0 -12.0
1 1 1 12.0
0 1 6 -12.0
1 0 7 12.0
1 6 7 12.0
0 7 6 -12.0
1 7 7 12.0
