1 5 3 10.0
0 5 2 -10.0
1 4 2 10.0
0 3 2 -10.0
1 2 2 10.0
0 4 5 -10.0
1 5 5 10.0
0 2 3 4.13
1 3 5 -4.66
0 6 3 5.55
1 2 4 -5.8
0 1 4 5.0
1 5 1 -5.24
0 4 1 5.17
1 5 4 -5.13
0 6 2 5.27
1 1 3 -5.14
0 4 0 4.2
1 2 1 -3.48
0 2 5 1.63
1 3 1 -0.02
0 6 4 -0.57
1 6 5 0.49
0 2 6 -0.58
1 4 6 0.86
0 1 5 -1.46
1 0 4 0.85
0 5 6 -1.34
1 7 4 0.81
0 7 3 -1.01
1 7 5 0.59
0 3 6 -0.54
1 7 2 0.76
0 1 0 -0.99
1 2 0 0.91
0 3 0 1.16
1 0 5 -3.14
0 1 2 3.19
1 6 0 -1.66
0 6 6 0.2
1 0 1 0.13
0 1 6 -1.03
1 0 7 2.52
0 0 3 -64
1 3 7 64
0 5 7 -10.0
1 7 7 10.0
0 7 6 -10.0
1 6 7 10.0
0 4 7 -10.0
1 2 7 10.0
0 5 0 -10.0
1 0 0 10.0
0 6 1 -10.0
1 0 2 10.0
0 1 1 -10.0
1 7 1 10.0
0 7 0 -10.0
0 1 7 -10.0
1 0 6 10.0
