1 4 2 -4.0
0 5 2 4.0
1 5 3 -4.0
0 3 2 4.0
1 2 3 -4.0
0 4 5 4.0
1 3 5 -4.0
0 6 3 4.0
1 4 6 -4.0
0 1 3 4.0
1 2 2 -4.0
0 1 2 4.0
1 4 1 -4.0
0 3 1 4.0
1 5 1 -4.0
0 5 4 4.0
1 2 0 -4.0
0 4 0 1.67
1 7 3 -2.93
0 6 4 2.7
1 6 2 -3.09
0 5 0 2.38
1 2 1 -3.27
0 3 0 3.05
1 6 0 -2.62
0 5 5 1.93
1 1 4 -1.34
0 2 4 0.43
1 1 5 -0.55
0 2 6 0.8
1 2 5 -0.48
0 5 6 2.36
1 1 0 -3.53
0 7 4 4.17
1 5 7 -5.6
0 3 6 5.9
1 7 2 -5.87
0 6 5 5.72
1 4 7 -4.26
0 3 7 4.5
1 2 7 -3.96
0 7 1 2.43
1 0 3 -3.18
0 0 5 64
1 0 4 -64
0 0 2 4.0
1 7 6 -4.0
0 0 6 4.0
1 6 6 -4.0
0 7 7 4.0
1 7 5 -4.0
0 6 7 4.0
1 1 6 -4.0
0 6 1 4.0
1 7 0 -4.0
0 1 1 4.0
1 0 1 -4.0
0 0 0 4.0
0 1 7 4.0
1 0 7 -4.0
