1 2 4 -12.0
0 2 5 12.0
1 3 5 -12.0
0 2 3 12.0
1 1 4 -12.0
0 3 6 12.0
1 3 2 -12.0
0 4 5 12.0
1 4 2 -12.0
0 1 3 12.0
1 1 5 -12.0
0 2 2 12.0
1 0 2 -12.0
0 0 4 -5.41
1 5 4 5.76
0 5 3 -4.95
1 5 2 4.73
0 2 1 -4.5
1 0 3 5.15
0 0 1 -6.16
1 1 2 5.63
0 3 1 -5.34
1 5 5 3.37
0 5 1 -3.98
1 5 0 4.17
0 6 5 -3.61
1 6 3 2.13
0 5 6 -2.21
1 2 7 0.96
0 6 2 -1.1
1 4 1 -0.34
0 6 4 2.63
1 5 7 -3.37
0 4 6 2.7
1 2 0 -2.38
0 3 7 3.44
1 0 5 -4.95
0 0 6 5.84
1 4 7 -5.35
0 2 6 6.22
1 1 7 -6.29
0 6 1 6.3
1 7 4 -7.19
0 7 3 64
1 7 5 -64
0 6 6 12.0
1 7 0 -12.0
0 7 6 12.0
1 1 6 -12.0
0 6 0 12.0
1 7 1 -12.0
0 7 2 12.0
1 6 7 -12.0
0 7 7 12.0
0 0 7 12.0
0 1 1 12.0
1 0 0 -12.0
0 3 0 12.0
1 4 0 -12.0
0 1 0 12.0
