1 5 3 -14.0
0 5 2 14.0
1 4 2 -14.0
0 3 2 14.0
1 4 1 -14.0
0 5 1 14.0
1 3 1 -14.0
0 5 0 14.0
1 4 0 3.53
0 3 0 -2.09
1 2 1 0.55
0 2 2 -0.98
1 2 0 2.34
0 1 0 -2.17
1 6 2 2.48
0 7 3 -2.07
1 2 3 0.77
0 6 3 -1.7
1 2 4 1.96
0 6 4 -2.91
1 6 1 1.64
0 5 4 -0.88
1 5 5 0.66
0 1 3 0.59
1 7 1 0.16
0 6 5 -0.52
1 0 3 -1.54
0 5 6 3.26
1 1 2 -2.81
0 4 5 4.69
1 3 5 -4.5
0 1 1 3.73
1 7 5 -5.16
0 0 2 7.41
1 5 7 -10.35
0 7 4 10.11
1 7 2 -10.45
0 2 5 9.87
1 1 4 -9.02
0 0 5 8.31
1 0 4 -9.7
0 1 5 9.54
1 2 6 -10.06
0 3 6 64
1 4 6 -64
0 7 0 14.0
1 6 0 -14.0
0 4 7 14.0
1 3 7 -14.0
0 1 7 14.0
1 0 0 -14.0
0 0 1 14.0
1 1 6 -14.0
0 0 7 14.0
1 0 6 -14.0
0 2 7 14.0
0 7 6 14.0
1 6 6 -14.0
0 6 7 14.0
0 7 7 14.0
