1 2 4 -6.0
0 4 5 6.0
1 5 2 -6.0
0 4 2 6.0
1 5 3 -6.0
0 2 3 6.0
1 3 5 -6.0
0 2 5 6.0
1 3 2 -6.0
0 5 4 6.0
1 5 5 -6.0
0 6 4 6.0
1 4 6 -6.0
0 3 6 6.0
1 6 5 -1.32
0 6 2 2.66
1 7 5 -5.09
0 5 7 4.13
1 2 6 -4.43
0 2 7 5.28
1 7 2 -3.41
0 7 4 3.56
1 6 3 -3.05
0 7 6 2.48
1 4 7 -3.21
0 3 7 4.18
1 6 6 -5.8
0 5 1 6.14
1 2 2 -6.52
0 3 1 6.32
1 1 4 -7.2
0 1 3 8.84
1 0 3 -9.96
0 7 7 9.7
1 2 1 -10.03
0 1 2 10.84
1 3 0 -11.2
0 5 6 9.2
1 4 1 -9.82
0 7 3 9.92
1 1 6 -10.12
0 4 0 10.09
1 1 5 -10.85
0 0 2 64
1 6 0 -64
0 5 0 6.0
1 2 0 -6.0
0 7 0 6.0
1 0 4 -6.0
0 0 7 6.0
1 1 7 -6.0
0 1 0 6.0
1 1 1 -6.0
0 0 6 6.0
1 7 1 -6.0
0 6 1 6.0
1 0 5 -6.0
0 0 0 6.0
1 0 1 -6.0
1 6 7 -6.0
