1 2 4 -4.0
0 4 5 4.0
1 5 2 -4.0
0 4 2 4.0
1 5 3 -4.0
0 2 3 4.0
1 2 5 -4.0
0 2 2 4.0
1 3 5 -4.0
0 3 6 4.0
1 5 5 -4.0
0 1 5 4.0
1 2 7 -4.0
0 2 6 4.0
1 4 1 -4.0
0 5 4 2.95
1 6 3 -0.24
0 6 4 0.48
1 3 2 0.23
0 4 7 1.74
1 1 4 -3.93
0 2 1 2.8
1 3 1 -3.01
0 5 6 4.55
1 7 5 -4.1
0 4 6 4.53
1 1 2 -4.36
0 6 2 4.72
1 3 0 -5.16
0 7 2 5.88
1 7 3 -8.12
0 7 4 9.08
1 7 1 -10.27
0 0 3 10.41
1 1 6 -10.04
0 1 3 9.94
1 5 7 -8.48
0 6 6 7.32
1 3 7 -8.39
0 6 5 7.78
1 1 7 -6.77
0 5 1 5.94
1 7 7 -5.56
0 7 6 64
1 6 7 -64
0 7 0 4.0
1 6 0 -4.0
0 0 2 4.0
1 0 5 -4.0
0 0 4 4.0
1 1 1 -4.0
0 4 0 4.0
1 5 0 -4.0
0 6 1 4.0
1 2 0 -4.0
0 0 0 4.0
1 1 0 -4.0
0 0 6 4.0
1 0 7 -4.0
0 0 1 4.0
