1 4 2 8.0
0 5 4 -8.0
1 2 5 8.0
0 2 4 -8.0
1 3 5 8.0
0 3 2 -8.0
1 4 5 8.0
0 2 6 -8.0
1 1 5 8.0
0 3 6 -8.0
1 5 5 8.0
0 1 4 -8.0
1 5 3 8.0
0 4 6 -8.0
1 4 7 8.0
0 5 1 -8.0
1 3 7 8.0
0 2 7 -1.23
1 1 7 1.23
0 5 2 -1.23
1 2 3 1.23
0 6 5 0.9
1 0 5 -0.23
0 6 4 0.34
1 7 5 0.16
0 0 4 -2.73
1 0 3 2.63
0 5 7 -2.03
1 6 7 0.2
0 5 6 1.25
1 1 3 -2.2
0 2 2 2.66
1 7 4 -2.0
0 7 3 1.68
1 6 2 -0.45
0 6 3 0.84
1 7 2 -0.24
0 6 6 -2.18
1 6 1 6.07
0 1 2 -8.98
1 0 1 9.85
0 1 6 -11.23
1 7 6 12.41
0 7 0 -64
1 7 7 64
0 0 2 -8.0
1 0 6 8.0
0 7 1 -8.0
1 3 1 8.0
0 4 1 -8.0
1 2 1 8.0
0 0 0 -8.0
1 4 0 8.0
0 3 0 -8.0
1 6 0 8.0
0 5 0 -8.0
0 0 7 -8.0
0 2 0 -8.0
1 1 1 8.0
0 1 0 -8.0
