1 5 3 -6.0
0 5 2 6.0
1 4 2 -6.0
0 3 2 6.0
1 4 1 -6.0
0 5 4 6.0
1 6 2 -6.0
0 3 1 6.0
1 2 2 -6.0
0 4 0 6.0
1 3 0 -6.0
0 2 0 6.0
1 2 1 -2.77
0 1 3 2.77
1 6 5 -2.52
0 5 1 -1.61
1 1 2 -0.16
0 2 3 1.52
1 6 3 -2.65
0 5 5 5.96
1 2 5 -8.63
0 3 5 9.99
1 1 4 -12.73
0 7 5 14.62
1 5 0 -15.8
0 6 0 17.81
1 3 6 -17.94
0 2 4 18.5
1 4 5 -19.09
0 6 4 21.46
1 7 4 -23.27
0 7 2 22.78
1 7 6 -23.16
0 4 6 23.22
1 4 7 -21.36
0 0 2 19.6
1 0 1 -18.56
0 0 4 17.31
1 0 3 -16.77
0 0 0 14.92
1 5 6 -12.98
0 7 3 11.21
1 7 1 -10.52
0 2 6 64
1 1 0 -64
0 1 1 6.0
1 7 0 -6.0
0 6 1 6.0
1 2 7 -6.0
0 6 7 6.0
1 5 7 -6.0
0 0 5 6.0
1 1 5 -6.0
0 0 6 6.0
1 7 7 -6.0
0 6 6 6.0
1 1 6 -6.0
0 0 7 6.0
1 1 7 -6.0
0 3 7 6.0
