1 2 4 8.0
0 2 5 -8.0
1 3 5 8.0
0 2 3 -8.0
1 5 2 8.0
0 3 6 -8.0
1 2 2 8.0
0 3 2 -8.0
1 4 2 8.0
0 3 1 -1.95
1 2 0 1.95
0 5 4 -0.7
1 5 5 -0.43
0 4 1 -0.39
1 3 0 1.74
0 5 0 -3.17
1 4 0 2.58
0 1 0 -0.94
1 2 1 1.47
0 5 1 -0.91
1 1 3 0.7
0 4 5 -0.09
1 5 6 -0.49
0 5 3 0.39
1 1 4 -0.38
0 4 6 0.34
1 1 5 -1.57
0 6 4 1.16
1 3 7 1.55
0 1 2 -2.53
1 6 5 1.57
0 2 7 -0.65
1 4 7 -0.63
0 0 3 2.43
1 7 4 -2.37
0 0 5 1.92
1 1 7 -1.99
0 2 6 2.09
1 0 2 -0.96
0 0 4 1.58
1 1 1 -3.78
0 7 5 2.68
1 7 3 -0.82
0 7 2 -64
1 6 3 64
0 6 2 -8.0
1 1 6 8.0
0 6 7 -8.0
1 7 1 8.0
0 7 0 -8.0
1 6 0 8.0
0 0 1 -8.0
1 0 0 8.0
0 6 1 -8.0
1 5 7 8.0
0 0 7 -8.0
1 0 6 8.0
0 6 6 -8.0
1 7 7 8.0
1 7 6 8.0
