1 2 4 -2.0
0 4 5 2.0
1 5 2 -2.0
0 4 2 2.0
1 5 3 -2.0
0 2 3 2.0
1 5 4 -2.0
0 6 3 2.0
1 6 4 -2.0
0 5 5 2.0
1 2 2 -2.0
0 3 5 2.0
1 3 2 -2.0
0 1 5 2.0
1 6 5 -2.0
0 7 4 2.0
1 4 6 2.24
0 4 1 -1.88
1 2 6 2.09
0 3 6 -1.81
1 3 7 1.21
0 2 5 -0.09
1 1 3 -0.22
0 5 6 0.59
1 1 4 -0.05
0 5 1 -0.12
1 4 0 -0.98
0 0 3 0.79
1 7 2 -0.75
0 7 3 1.7
1 0 2 -2.53
0 5 0 2.54
1 1 2 -3.3
0 3 0 5.41
1 3 1 -6.16
0 2 0 6.13
1 7 5 -5.45
0 0 5 5.65
1 0 4 -6.4
0 0 1 7.73
1 2 1 -7.31
0 0 6 7.59
1 5 7 -6.83
0 1 6 64
1 1 1 -64
0 0 0 2.0
1 1 0 -2.0
0 6 7 2.0
1 4 7 -2.0
0 2 7 2.0
1 6 1 -2.0
0 7 6 2.0
1 7 7 -2.0
0 6 6 2.0
1 1 7 -2.0
0 6 2 2.0
1 6 0 -2.0
0 0 7 2.0
1 7 1 -2.0
0 7 0 2.0
