1 4 2 -10.0
0 5 4 10.0
1 2 5 -10.0
0 2 4 10.0
1 3 5 -10.0
0 3 2 10.0
1 4 5 -10.0
0 2 6 10.0
1 1 5 -10.0
0 3 6 10.0
1 2 3 -10.0
0 5 3 10.0
1 5 5 -10.0
0 3 1 10.0
1 5 2 -10.0
0 5 6 10.0
1 5 1 -10.0
0 4 1 10.0
1 2 2 -10.0
0 6 4 10.0
1 6 2 -10.0
0 6 3 10.0
1 2 7 0.0
0 6 5 2.97
1 3 0 -6.7
0 5 0 6.22
1 3 7 -5.28
0 1 3 4.99
1 0 4 -5.34
0 2 0 4.52
1 4 0 -4.62
0 1 4 5.65
1 4 6 -6.1
0 4 7 6.09
1 1 2 -6.09
0 1 7 5.87
1 0 5 -5.86
0 5 7 6.01
1 7 3 -5.73
0 7 4 4.09
1 7 2 -4.38
0 0 3 2.73
1 0 2 -3.11
0 2 1 64
1 6 6 -64
0 7 1 10.0
1 1 1 -10.0
0 0 1 10.0
1 6 0 -10.0
0 7 0 10.0
1 0 0 -10.0
0 1 0 10.0
1 6 1 -10.0
0 1 6 10.0
1 0 7 -10.0
0 0 6 10.0
1 6 7 -10.0
0 7 7 10.0
1 7 6 -10.0
0 7 5 10.0
