1 5 3 2.0
0 3 2 -2.0
1 2 5 2.0
0 3 5 -2.0
1 2 4 2.0
0 5 4 -2.0
1 2 3 2.0
0 1 5 -2.0
1 2 6 2.0
0 1 4 -2.0
1 4 5 2.0
0 4 2 -2.0
1 1 2 2.0
0 2 2 -2.0
1 1 3 2.0
0 0 2 -2.0
1 0 3 -3.98
0 5 2 3.99
1 3 1 -3.99
0 5 6 4.2
1 5 1 -4.2
0 0 4 4.2
1 4 6 -2.48
0 2 1 -0.18
1 2 0 -1.55
0 4 1 2.3
1 4 0 -3.61
0 3 7 4.48
1 6 2 -3.52
0 6 3 3.14
1 5 5 -2.9
0 3 0 1.22
1 5 7 -3.17
0 3 6 4.24
1 7 3 -3.94
0 4 7 3.8
1 6 4 -4.9
0 6 7 5.05
1 0 5 -5.27
0 0 6 4.88
1 1 0 -3.7
0 0 0 3.72
1 5 0 -3.13
0 6 1 -64
1 0 1 64
0 6 0 -2.0
1 0 7 2.0
0 1 1 -2.0
1 2 7 2.0
0 1 7 -2.0
1 7 7 2.0
0 7 2 -2.0
1 6 6 2.0
0 7 4 -2.0
1 7 5 2.0
0 1 6 -2.0
1 6 5 2.0
0 7 6 -2.0
1 7 1 2.0
0 7 0 -2.0
