1 4 2 8.0
0 5 2 -8.0
1 5 3 8.0
0 3 2 -8.0
1 4 1 8.0
0 6 3 -8.0
1 2 3 8.0
0 5 4 -8.0
1 2 4 8.0
0 3 1 -8.0
1 5 1 8.0
0 4 0 -8.0
1 5 0 8.0
0 6 0 -8.0
1 3 0 8.0
0 2 0 -8.0
1 3 5 8.0
0 2 2 -8.0
1 4 5 8.0
0 5 5 -0.91
1 2 1 -4.71
0 1 0 5.62
1 6 5 -6.92
0 5 6 4.91
1 6 4 -2.54
0 7 4 0.61
1 7 5 0.52
0 4 6 -2.1
1 7 2 4.27
0 7 3 -5.72
1 3 6 6.44
0 6 6 -7.68
1 6 2 7.97
0 1 5 -10.0
1 2 5 9.73
0 1 4 -8.16
1 4 7 8.34
0 1 3 -8.4
1 6 1 8.59
0 5 7 -8.47
1 2 6 10.07
0 7 6 -11.1
1 7 7 14.53
0 6 7 -64
1 3 7 64
0 1 6 -8.0
1 2 7 8.0
0 1 7 -8.0
1 0 7 8.0
0 0 6 -8.0
1 0 2 8.0
0 0 3 -8.0
1 0 5 8.0
0 0 4 -8.0
1 1 2 8.0
0 1 1 -8.0
1 0 0 8.0
0 7 0 -8.0
1 7 1 8.0
0 0 1 -8.0
