1 4 2 -6.0
0 5 4 6.0
1 3 5 -6.0
0 4 1 6.0
1 5 5 -6.0
0 4 5 6.0
1 5 2 -6.0
0 3 2 6.0
1 5 3 -6.0
0 6 2 6.0
1 3 1 -6.0
0 2 2 6.0
1 4 0 1.31
0 6 5 -0.77
1 5 1 1.43
0 6 3 -1.7
1 6 4 -0.02
0 7 3 0.13
1 2 1 -0.22
0 5 0 0.64
1 6 0 0.93
0 2 4 -1.85
1 2 3 2.33
0 1 3 -3.4
1 7 2 2.99
0 7 1 -2.98
1 1 4 2.42
0 1 2 -2.06
1 1 5 2.65
0 3 6 -2.05
1 4 6 0.2
0 2 5 0.8
1 5 6 -0.8
0 1 0 0.79
1 0 4 -1.53
0 3 0 1.7
1 2 7 -1.71
0 3 7 2.14
1 0 1 -2.13
0 1 1 0.47
1 2 0 -1.27
0 7 0 2.09
1 6 1 -2.66
0 0 2 64
1 0 3 -64
0 4 7 6.0
1 2 6 -6.0
0 1 7 6.0
1 7 5 -6.0
0 7 4 6.0
1 6 6 -6.0
0 7 7 6.0
1 5 7 -6.0
0 6 7 6.0
1 7 6 -6.0
0 0 5 6.0
1 0 6 -6.0
0 1 6 6.0
1 0 0 -6.0
