1 2 4 -6.0
0 2 5 6.0
1 3 5 -6.0
0 4 5 6.0
1 5 4 -6.0
0 3 2 6.0
1 4 2 -6.0
0 1 4 6.0
1 2 2 -6.0
0 6 4 6.0
1 5 5 -6.0
0 5 3 6.0
1 5 2 -6.0
0 6 3 6.0
1 7 4 -6.0
0 7 2 0.26
1 7 5 -1.38
0 6 5 1.86
1 4 6 -2.2
0 3 6 1.53
1 5 6 -0.99
0 4 7 0.51
1 6 2 -0.89
0 4 1 0.4
1 2 3 -0.3
0 3 1 -0.23
1 2 1 0.47
0 1 3 -0.67
1 1 2 1.15
0 0 2 -1.24
1 2 7 1.08
0 6 7 -2.24
1 1 5 2.95
0 6 6 -2.77
1 0 4 2.17
0 3 7 0.45
1 5 0 -1.09
0 4 0 -0.34
1 2 6 0.86
0 5 1 -2.71
1 2 0 1.39
0 3 0 0.49
1 0 3 -0.5
0 1 7 64
1 5 7 -64
0 0 5 6.0
1 7 7 -6.0
0 1 6 6.0
1 0 7 -6.0
0 0 6 6.0
1 0 1 -6.0
0 7 6 6.0
1 1 1 -6.0
0 7 1 6.0
1 6 1 -6.0
0 7 0 6.0
1 6 0 -6.0
0 7 3 6.0
0 0 0 6.0
1 1 0 -6.0
