1 5 3 -26.0
0 3 2 26.0
1 2 2 -26.0
0 5 4 26.0
1 5 5 -26.0
0 2 3 11.8
1 4 2 -11.38
0 5 2 11.78
1 1 3 -10.97
0 3 1 11.25
1 4 1 -11.49
0 3 0 10.72
1 2 0 -10.4
0 1 0 11.01
1 5 0 -8.94
0 5 1 8.13
1 6 2 -8.29
0 1 2 6.7
1 2 5 -6.55
0 1 4 5.02
1 0 5 -4.06
0 4 5 3.14
1 2 4 -1.66
0 2 1 1.25
1 3 5 -1.42
0 1 5 1.88
1 0 4 -2.62
0 0 3 4.8
1 0 2 -7.58
0 7 3 7.08
1 2 6 -7.48
0 6 4 8.97
1 6 3 -8.48
0 6 5 9.61
1 7 4 -11.09
0 7 5 12.49
1 6 0 -14.5
0 3 6 14.98
1 4 7 -15.2
0 3 7 13.91
1 2 7 -12.95
0 1 1 12.21
1 7 2 -13.41
0 4 0 64
1 4 6 -64
0 7 0 26.0
1 7 1 -26.0
0 6 1 26.0
1 0 1 -26.0
0 5 6 26.0
1 6 7 -26.0
0 5 7 26.0
1 7 6 -26.0
0 0 0 26.0
1 6 6 -26.0
0 7 7 26.0
0 0 6 26.0
1 1 6 -26.0
0 1 7 26.0
1 0 7 -26.0
