1 2 4 48.0
0 2 5 -48.0
1 3 5 48.0
0 2 3 -48.0
1 1 5 48.0
0 4 5 -48.0
1 1 3 48.0
0 1 4 -0.84
1 3 2 0.49
0 4 2 -1.34
1 2 2 2.0
0 3 1 -0.66
1 5 4 0.94
0 5 5 -1.61
1 5 3 1.91
0 6 4 -1.65
1 5 6 2.16
0 0 2 -1.69
1 6 5 1.12
0 4 6 -1.16
1 4 7 2.05
0 3 6 -2.42
1 6 2 2.73
0 3 7 -2.69
1 2 7 2.18
0 2 6 -2.59
1 0 5 2.64
0 5 7 -3.05
1 6 7 3.15
0 0 3 -3.66
1 1 7 4.53
0 7 5 -4.42
1 5 2 4.46
0 6 3 -4.74
1 7 3 4.03
0 7 4 -4.08
1 7 2 5.36
0 7 1 -4.88
1 2 0 3.96
0 3 0 -4.88
1 4 0 5.13
0 2 1 -4.55
1 0 4 4.46
0 0 6 -5.55
1 4 1 7.55
0 5 0 -11.73
1 6 0 13.73
0 1 1 -16.84
1 0 0 22.32
0 1 2 -29.0
1 1 0 29.38
0 6 6 -31.89
1 7 7 39.25
0 6 1 -48.0
1 0 1 48.0
0 5 1 -48.0
1 7 0 48.0
1 7 6 48.0
1 0 7 48.0
1 1 6 48.0
