1 2 4 -22.0
0 4 5 22.0
1 5 4 -22.0
0 2 3 22.0
1 3 2 -22.0
0 5 5 22.0
1 4 2 -22.0
0 2 5 22.0
1 3 5 -22.0
0 4 6 22.0
1 1 3 -22.0
0 5 3 22.0
1 1 4 -22.0
0 5 2 22.0
1 2 6 -22.0
0 4 1 22.0
1 3 6 -22.0
0 2 1 22.0
1 5 7 -22.0
0 2 2 22.0
1 5 6 -22.0
0 4 7 22.0
1 3 1 -22.0
0 6 7 22.0
1 2 0 -5.94
0 1 7 8.63
1 6 5 -12.23
0 6 4 10.72
1 7 4 -10.23
0 1 5 11.55
1 6 3 -11.87
0 3 0 10.98
1 6 2 -12.8
0 5 1 15.89
1 3 7 -16.38
0 2 7 17.22
1 0 5 -16.3
0 1 2 15.33
1 0 2 -14.8
0 1 1 12.97
1 6 0 -12.67
0 1 0 14.01
1 5 0 -16.0
0 4 0 64
1 0 0 -64
0 7 6 22.0
1 1 6 -22.0
0 0 7 22.0
1 7 5 -22.0
0 7 3 22.0
1 0 6 -22.0
0 0 1 22.0
1 0 3 -22.0
0 0 4 22.0
1 7 2 -22.0
0 7 1 22.0
1 6 1 -22.0
0 7 0 22.0
1 6 6 -22.0
0 7 7 22.0
