1 2 4 18.0
0 4 5 -18.0
1 5 2 18.0
0 4 2 -18.0
1 5 3 18.0
0 2 3 -18.0
1 5 4 18.0
0 6 2 -18.0
1 5 1 18.0
0 3 2 -18.0
1 4 1 18.0
0 6 3 -18.0
1 5 5 18.0
0 3 5 -18.0
1 6 4 4.05
0 7 4 -2.45
1 7 5 5.84
0 5 6 -5.84
1 2 5 6.36
0 7 3 -6.46
1 2 1 6.8
0 1 4 -7.45
1 4 6 7.69
0 5 7 -8.3
1 2 6 8.88
0 1 5 -9.37
1 7 2 9.66
0 3 1 -10.27
1 6 5 10.44
0 4 0 -12.29
1 3 6 12.5
0 4 7 -11.93
1 2 7 13.2
0 5 0 -14.65
1 3 7 14.87
0 6 6 -13.8
1 0 5 12.87
0 1 0 -12.48
1 0 4 11.07
0 1 7 -11.81
1 1 2 10.08
0 1 6 -8.9
1 2 2 8.25
0 7 6 -64
1 3 0 64
0 0 3 -18.0
1 1 3 18.0
0 0 6 -18.0
1 0 7 18.0
0 0 2 -18.0
1 0 1 18.0
0 7 1 -18.0
1 7 7 18.0
0 6 7 -18.0
1 6 0 18.0
0 2 0 -18.0
1 0 0 18.0
0 1 1 -18.0
1 6 1 18.0
1 7 0 18.0
