1 5 3 -24.0
0 5 2 24.0
1 2 4 -24.0
0 6 3 24.0
1 4 2 -7.14
0 3 2 7.14
1 4 1 -7.14
0 2 3 7.14
1 2 2 -9.55
0 4 5 9.67
1 5 5 -8.79
0 3 5 8.63
1 5 4 -9.13
0 2 5 9.75
1 6 4 -8.95
0 6 2 8.33
1 5 1 -8.01
0 1 4 9.14
1 4 6 -9.21
0 1 3 8.66
1 1 2 -7.52
0 7 5 8.25
1 0 3 -9.13
0 3 1 8.63
1 2 1 -9.2
0 5 6 10.86
1 6 5 -11.88
0 5 7 13.5
1 2 6 -14.39
0 3 6 14.29
1 0 4 -15.39
0 1 5 15.66
1 7 4 -16.16
0 2 7 16.59
1 7 6 -16.59
0 7 2 19.0
1 0 5 -21.23
0 5 0 20.66
1 7 3 -18.58
0 7 7 18.88
1 6 0 -21.11
0 7 0 20.84
1 7 1 -21.28
0 4 0 64
1 6 7 -64
0 6 6 24.0
1 6 1 -24.0
0 1 6 24.0
1 4 7 -24.0
0 3 7 24.0
1 0 7 -24.0
0 3 0 24.0
1 2 0 -24.0
0 1 0 24.0
1 1 7 -24.0
0 0 6 24.0
1 1 1 -24.0
0 0 0 24.0
1 0 1 -24.0
0 0 2 24.0
