1 2 4 -4.0
0 4 5 4.0
1 5 4 -4.0
0 2 3 4.0
1 3 2 -4.0
0 5 5 4.0
1 4 2 -4.0
0 2 2 4.0
1 3 5 -4.0
0 2 6 4.0
1 3 6 -4.0
0 2 5 4.0
1 4 6 -3.09
0 3 1 3.34
1 1 4 -3.8
0 1 5 2.65
1 0 5 -2.3
0 3 7 1.98
1 1 3 -1.86
0 5 6 3.01
1 4 1 -2.82
0 0 2 2.52
1 0 3 -2.46
0 1 2 2.06
1 3 0 -3.08
0 6 4 2.48
1 2 1 -2.59
0 1 1 3.05
1 2 7 -2.64
0 0 4 2.7
1 6 5 -2.49
0 7 5 3.16
1 4 7 -2.74
0 5 3 3.38
1 6 3 -3.48
0 5 7 0.81
1 6 7 -0.58
0 7 2 1.86
1 1 7 -4.08
0 1 0 4.25
1 1 6 -2.66
0 0 7 1.27
1 0 6 -0.32
0 7 7 64
1 5 2 -64
0 5 0 4.0
1 4 0 -4.0
0 6 2 4.0
1 2 0 -4.0
0 5 1 4.0
1 0 0 -4.0
0 0 1 4.0
1 6 0 -4.0
0 6 1 4.0
1 7 0 -4.0
0 7 1 4.0
1 7 4 -4.0
0 7 3 4.0
1 7 6 -4.0
0 6 6 4.0
