1 4 2 6.0
0 5 4 -6.0
1 2 5 6.0
0 2 4 -6.0
1 3 5 6.0
0 3 2 -6.0
1 5 2 6.0
0 2 2 -6.0
1 5 3 6.0
0 6 3 -6.0
1 6 2 6.0
0 4 5 -6.0
1 5 6 6.0
0 5 1 -6.0
1 2 3 6.0
0 1 3 -6.0
1 0 2 6.0
0 0 4 3.37
1 7 2 -6.57
0 6 4 5.49
1 0 3 -6.15
0 1 5 5.73
1 2 1 -5.48
0 1 2 4.03
1 1 4 -2.04
0 0 1 2.52
1 0 5 -1.92
0 0 6 0.89
1 7 5 -1.2
0 4 6 0.67
1 5 5 -0.07
0 2 6 -0.71
1 4 7 0.04
0 2 0 -0.23
1 2 7 -1.42
0 3 6 1.45
1 3 7 -0.63
0 6 5 1.39
1 5 0 -1.71
0 7 4 2.25
1 7 3 -0.51
0 6 6 -1.77
1 4 1 1.85
0 6 7 -64
1 7 7 64
0 7 6 -6.0
1 5 7 6.0
0 1 6 -6.0
1 0 7 6.0
0 1 7 -6.0
1 0 0 6.0
0 4 0 -6.0
1 1 0 6.0
0 6 0 -6.0
1 1 1 6.0
0 6 1 -6.0
1 3 1 6.0
0 3 0 -6.0
1 7 0 6.0
0 7 1 -6.0
