1 2 4 -10.0
0 2 5 10.0
1 3 5 -10.0
0 4 5 10.0
1 5 4 -10.0
0 3 2 10.0
1 2 2 -10.0
0 2 3 10.0
1 1 4 -10.0
0 1 3 10.0
1 5 2 0.81
0 2 1 -0.81
1 5 6 1.33
0 5 3 -1.33
1 4 2 2.54
0 6 4 -2.08
1 5 5 2.16
0 6 3 -0.38
1 7 3 -1.7
0 3 1 4.05
1 3 6 -4.81
0 4 6 5.95
1 7 2 -6.92
0 0 4 7.06
1 3 7 -5.23
0 6 2 4.83
1 4 1 -5.36
0 2 6 5.88
1 5 1 -5.82
0 6 5 6.61
1 2 0 -7.71
0 2 7 8.13
1 1 7 -8.52
0 7 4 8.8
1 1 2 -8.98
0 0 3 9.55
1 1 5 -11.15
0 4 7 12.05
1 5 7 -10.96
0 0 5 11.13
1 1 0 -11.6
0 6 6 11.21
1 7 7 -9.97
0 6 7 64
1 1 6 -64
0 0 7 10.0
1 0 1 -10.0
0 6 0 10.0
1 4 0 -10.0
0 0 2 10.0
1 0 6 -10.0
0 0 0 10.0
1 7 6 -10.0
0 7 5 10.0
1 1 1 -10.0
0 3 0 10.0
1 5 0 -10.0
0 7 1 10.0
1 7 0 -10.0
0 6 1 10.0
