1 5 3 -8.0
0 3 2 8.0
1 2 4 -8.0
0 3 5 8.0
1 2 5 -8.0
0 5 4 8.0
1 2 3 -8.0
0 1 5 8.0
1 2 6 -8.0
0 4 2 8.0
1 2 2 -8.0
0 1 4 8.0
1 1 2 -8.0
0 3 6 8.0
1 4 5 -1.31
0 1 3 1.81
1 2 7 -2.56
0 5 2 5.05
1 6 4 -3.75
0 6 5 3.38
1 6 3 -4.29
0 5 5 3.48
1 4 6 -3.6
0 5 6 3.88
1 0 2 -4.05
0 2 1 3.54
1 0 3 -3.35
0 0 4 4.9
1 0 5 -4.63
0 7 2 4.84
1 7 3 -4.34
0 5 7 4.64
1 4 7 -5.15
0 7 4 5.38
1 4 1 -6.63
0 5 1 7.91
1 3 1 -7.52
0 3 7 7.13
1 3 0 -7.1
0 1 7 6.11
1 6 6 -4.7
0 6 2 4.53
1 7 6 -7.29
0 4 0 64
1 7 5 -64
0 1 6 8.0
1 7 1 -8.0
0 6 1 8.0
1 5 0 -8.0
0 7 0 8.0
1 6 0 -8.0
0 2 0 8.0
1 1 0 -8.0
0 0 0 8.0
1 0 7 -8.0
0 0 6 8.0
1 6 7 -8.0
0 7 7 8.0
0 1 1 8.0
1 0 1 -8.0
