1 4 2 -10.0
0 5 4 10.0
1 2 5 -10.0
0 2 4 10.0
1 3 5 -10.0
0 3 2 10.0
1 5 3 -10.0
0 5 2 10.0
1 2 3 -10.0
0 4 5 10.0
1 5 5 -10.0
0 4 6 10.0
1 6 4 1.02
0 6 5 -0.69
1 6 3 1.91
0 2 2 -2.76
1 3 6 2.76
0 1 4 -3.23
1 5 6 4.02
0 7 5 -4.2
1 6 2 3.05
0 7 4 -3.73
1 7 3 3.08
0 7 2 -1.91
1 0 3 1.67
0 0 5 -2.91
1 0 4 1.35
0 0 2 0.08
1 1 3 -1.41
0 2 7 1.66
1 3 7 -2.27
0 1 2 3.27
1 1 7 -4.8
0 2 6 5.77
1 1 5 -6.23
0 0 6 5.56
1 4 1 -5.02
0 2 1 4.74
1 3 1 -3.73
0 5 7 3.13
1 4 7 -2.32
0 0 7 3.51
1 1 6 -5.63
0 1 1 64
1 2 0 -64
0 1 0 10.0
1 6 7 -10.0
0 7 7 10.0
1 5 1 -10.0
0 6 6 10.0
1 6 1 -10.0
0 7 0 10.0
1 7 1 -10.0
0 3 0 10.0
1 4 0 -10.0
0 6 0 10.0
1 5 0 -10.0
1 7 6 -10.0
1 0 0 -10.0
0 0 1 10.0
