1 4 2 6.0
0 5 4 -6.0
1 2 5 6.0
0 3 2 -6.0
1 5 2 6.0
0 4 1 -6.0
1 2 2 4.69
0 2 1 -5.63
1 5 3 6.14
0 5 1 -5.48
1 3 1 5.01
0 1 2 -5.4
1 5 5 5.3
0 4 5 -6.14
1 1 3 4.7
0 2 0 -2.75
1 3 5 2.85
0 2 3 -3.48
1 6 4 3.67
0 7 5 -3.01
1 3 0 3.19
0 6 5 -3.85
1 4 0 4.43
0 5 0 -6.23
1 0 2 7.68
0 2 4 -8.16
1 1 4 8.32
0 3 6 -9.23
1 4 6 8.96
0 4 7 -10.1
1 5 6 9.88
0 5 7 -10.27
1 6 6 11.76
0 1 5 -9.47
1 6 7 7.4
0 7 7 -7.16
1 6 2 7.14
0 6 3 -8.85
1 7 3 11.33
0 0 3 -12.84
1 0 4 12.87
0 7 4 -12.58
1 0 1 13.17
0 7 2 -64
1 7 6 64
0 0 5 -6.0
1 0 6 6.0
0 1 6 -6.0
1 0 7 6.0
0 1 1 -6.0
1 2 7 6.0
0 3 7 -6.0
1 2 6 6.0
0 1 7 -6.0
1 0 0 6.0
0 1 0 -6.0
1 6 0 6.0
0 6 1 -6.0
1 7 1 6.0
0 7 0 -6.0
