1 2 4 34.0
0 2 5 -34.0
1 3 5 34.0
0 4 5 -34.0
1 5 4 34.0
0 5 3 -34.0
1 5 5 34.0
0 3 2 -34.0
1 3 6 34.0
0 4 6 -2.19
1 5 6 1.4
0 2 7 -1.03
1 2 3 1.67
0 6 4 -2.46
1 3 7 2.25
0 2 6 -2.09
1 1 4 2.48
0 6 5 -2.25
1 1 5 1.73
0 4 7 -2.22
1 6 7 2.42
0 1 7 -2.51
1 4 2 2.41
0 3 1 -3.48
1 7 5 3.02
0 2 2 -3.12
1 6 2 2.48
0 5 2 -2.06
1 7 3 1.98
0 0 3 -3.26
1 0 4 2.36
0 0 5 -0.97
1 1 3 0.84
0 0 2 -0.91
1 6 3 1.12
0 7 2 -2.64
1 2 1 2.53
0 4 1 -2.91
1 1 2 3.5
0 2 0 -5.82
1 5 1 5.37
0 5 0 -4.46
1 1 1 7.09
0 7 1 -64
1 7 0 64
0 5 7 -34.0
1 0 7 34.0
0 0 0 -34.0
1 6 1 34.0
0 0 1 -34.0
1 6 0 34.0
0 7 4 -34.0
1 0 6 34.0
0 1 6 -34.0
1 1 0 34.0
0 3 0 -34.0
1 4 0 34.0
0 7 6 -34.0
1 7 7 34.0
1 6 6 34.0
