1 5 3 -8.0
0 5 2 8.0
1 4 2 -8.0
0 3 2 8.0
1 5 1 -8.0
0 4 5 8.0
1 2 2 0.08
0 4 1 1.3
1 5 0 -2.72
0 6 3 4.3
1 7 4 -4.3
0 2 1 5.13
1 2 4 -5.2
0 2 3 5.7
1 6 4 -5.02
0 2 5 5.95
1 1 5 -7.91
0 1 4 6.94
1 3 1 -7.63
0 3 0 7.93
1 1 2 -8.02
0 1 3 8.73
1 5 4 -8.75
0 0 3 8.41
1 4 6 -9.59
0 6 2 9.64
1 7 3 -9.18
0 6 5 7.38
1 5 5 -7.82
0 3 5 8.44
1 3 6 -8.24
0 5 6 7.93
1 2 6 -9.01
0 7 5 7.88
1 1 0 -7.21
0 4 0 5.91
1 2 0 -7.11
0 5 7 7.27
1 4 7 -8.48
0 3 7 7.45
1 2 7 -7.45
0 1 7 5.7
1 6 6 -5.07
0 7 2 64
1 0 5 -64
0 6 1 8.0
1 0 4 -8.0
0 0 2 8.0
1 1 6 -8.0
0 7 6 8.0
1 7 0 -8.0
0 6 0 8.0
1 7 1 -8.0
0 7 7 8.0
1 6 7 -8.0
0 0 0 8.0
1 0 7 -8.0
0 1 1 8.0
1 0 1 -8.0
0 0 6 8.0
