1 5 3 4.0
0 3 2 -4.0
1 2 3 4.0
0 5 4 -4.0
1 4 5 4.0
0 5 2 -4.0
1 5 5 4.0
0 4 6 -6.15
1 3 5 5.98
0 2 2 -6.86
1 4 2 7.29
0 4 1 -6.84
1 6 3 6.91
0 2 5 -7.49
1 3 1 7.86
0 2 4 -7.34
1 6 5 6.56
0 5 1 -5.86
1 6 2 6.84
0 4 0 -7.0
1 2 0 6.55
0 3 0 -6.41
1 5 0 7.02
0 6 4 -7.65
1 2 1 7.94
0 7 6 -7.64
1 5 6 7.22
0 7 3 -5.42
1 7 2 5.77
0 7 1 -7.55
1 3 7 6.9
0 6 1 -6.85
1 7 5 4.74
0 7 4 -3.34
1 3 6 1.29
0 2 6 0.32
1 7 0 0.79
0 2 7 -1.01
1 1 7 -0.66
0 6 7 0.79
1 4 7 -2.41
0 5 7 1.09
1 7 7 -0.6
0 6 6 -64
1 1 5 64
0 1 3 -4.0
1 0 2 4.0
0 0 3 -4.0
1 1 2 4.0
0 0 1 -4.0
1 0 4 4.0
0 1 4 -4.0
1 0 0 4.0
0 1 0 -4.0
1 1 1 4.0
0 6 0 -4.0
1 1 6 4.0
0 0 7 -4.0
1 0 5 4.0
0 0 6 -4.0
