1 4 2 -22.0
0 5 4 22.0
1 2 5 -22.0
0 2 4 22.0
1 3 5 -22.0
0 3 2 22.0
1 5 2 -22.0
0 4 1 22.0
1 5 3 -22.0
0 6 4 22.0
1 2 3 -22.0
0 4 5 22.0
1 2 2 -22.0
0 6 3 22.0
1 4 0 -22.0
0 1 3 22.0
1 5 5 -22.0
0 1 4 22.0
1 1 5 -22.0
0 2 6 1.62
1 5 1 -1.62
0 6 2 2.84
1 7 5 -0.66
0 4 6 0.71
1 7 4 -0.2
0 7 2 2.97
1 6 5 -2.84
0 7 3 2.9
1 7 1 -3.75
0 2 1 3.35
1 5 6 -3.45
0 3 1 5.83
1 2 0 -5.32
0 0 4 3.19
1 3 7 -3.06
0 5 7 2.88
1 4 7 -2.82
0 2 7 3.57
1 3 6 -3.84
0 6 7 3.74
1 1 2 -3.93
0 0 3 5.53
1 6 6 -6.03
0 5 0 64
1 3 0 -64
0 7 7 22.0
1 7 6 -22.0
0 7 0 22.0
1 1 6 -22.0
0 0 6 22.0
1 0 7 -22.0
0 1 1 22.0
1 1 7 -22.0
0 0 5 22.0
1 1 0 -22.0
0 0 0 22.0
1 0 2 -22.0
0 0 1 22.0
1 6 1 -22.0
0 6 0 22.0
