1 2 4 -4.0
0 2 5 4.0
1 5 3 -4.0
0 1 4 4.0
1 3 5 -7.14
0 4 5 7.38
1 5 6 -7.38
0 5 5 9.23
1 5 4 -9.23
0 2 3 9.23
1 4 6 -7.71
0 5 7 9.77
1 3 7 -9.43
0 3 2 9.87
1 1 2 -10.19
0 2 2 9.5
1 3 6 -10.39
0 6 4 10.93
1 1 5 -11.53
0 6 2 11.95
1 6 5 -10.38
0 4 2 11.22
1 7 4 -11.91
0 2 6 12.85
1 1 3 -13.77
0 4 7 12.66
1 6 7 -11.94
0 6 3 11.52
1 2 7 -12.3
0 1 6 13.4
1 7 2 -12.47
0 0 6 14.11
1 6 1 -14.02
0 7 3 13.82
1 3 1 -13.71
0 5 1 11.95
1 7 5 -10.7
0 5 2 10.78
1 6 6 -10.7
0 2 1 9.16
1 6 0 -9.35
0 4 1 9.21
1 5 0 -9.01
0 7 7 64
1 7 6 -64
0 1 7 4.0
1 0 5 -4.0
0 4 0 4.0
1 7 1 -4.0
0 7 0 4.0
1 1 0 -4.0
0 2 0 4.0
1 1 1 -4.0
0 0 0 4.0
1 3 0 -4.0
0 0 1 4.0
1 0 2 -4.0
0 0 4 4.0
1 0 3 -4.0
1 0 7 -4.0
