1 5 3 -6.0
0 3 2 6.0
1 2 5 -6.0
0 3 5 6.0
1 2 4 -6.0
0 5 4 6.0
1 5 2 -6.0
0 5 5 6.0
1 6 4 -6.0
0 6 3 6.0
1 4 5 -6.0
0 7 5 6.0
1 6 5 -6.0
0 5 6 6.0
1 4 2 -1.97
0 7 4 3.3
1 6 2 -2.53
0 2 3 0.73
1 4 6 -0.33
0 4 7 0.49
1 5 7 -0.24
0 3 7 1.05
1 2 7 -1.82
0 3 6 0.99
1 7 3 -1.39
0 1 3 2.85
1 1 4 -2.82
0 2 6 1.49
1 7 6 -1.04
0 7 1 2.38
1 5 1 -3.3
0 3 1 5.45
1 1 7 -5.96
0 0 4 5.02
1 4 1 -6.16
0 4 0 6.89
1 2 0 -6.91
0 2 1 5.66
1 1 0 -5.84
0 6 1 6.02
1 1 2 -6.55
0 2 2 5.81
1 1 1 -3.09
0 0 2 64
1 3 0 -64
0 5 0 6.0
1 7 0 -6.0
0 7 2 6.0
1 6 0 -6.0
0 7 7 6.0
1 0 1 -6.0
0 0 0 6.0
1 1 6 -6.0
0 0 7 6.0
1 0 3 -6.0
0 1 5 6.0
1 0 6 -6.0
0 0 5 6.0
0 6 7 6.0
1 6 6 -6.0
