1 5 3 14.0
0 5 2 -14.0
1 4 2 14.0
0 5 4 -14.0
1 6 3 14.0
0 4 1 -14.0
1 5 1 14.0
0 7 3 -14.0
1 4 5 14.0
0 3 5 -14.0
1 6 4 14.0
0 7 4 -14.0
1 5 5 14.0
0 5 6 1.59
1 3 6 -0.46
0 3 1 -1.66
1 7 2 1.73
0 7 1 2.66
1 6 2 -3.51
0 5 0 3.98
1 3 0 -5.48
0 4 0 6.22
1 6 0 -6.76
0 3 2 4.48
1 2 3 -3.88
0 4 6 4.15
1 2 2 -3.33
0 2 4 1.66
1 2 5 -1.07
0 1 4 -0.31
1 1 5 0.87
0 1 3 -0.47
1 0 4 0.0
0 3 7 -2.55
1 6 6 2.95
0 2 0 -3.36
1 1 0 8.15
0 6 5 -10.03
1 7 5 13.55
0 0 2 -18.34
1 7 0 18.59
0 2 6 -17.65
1 6 1 17.75
0 7 7 -64
1 1 6 64
0 2 1 -14.0
1 0 3 14.0
0 0 7 -14.0
1 2 7 14.0
0 0 5 -14.0
1 7 6 14.0
0 6 7 -14.0
1 1 2 14.0
0 0 1 -14.0
1 5 7 14.0
0 4 7 -14.0
1 0 6 14.0
0 1 7 -14.0
1 0 0 14.0
0 1 1 -14.0
