1 2 4 -12.0
0 2 5 12.0
1 3 5 -12.0
0 2 3 12.0
1 3 2 -12.0
0 5 4 12.0
1 5 3 -12.0
0 3 6 12.0
1 6 4 -12.0
0 3 1 12.0
1 2 2 -12.0
0 4 2 1.7
1 5 2 -1.7
0 4 1 2.35
1 2 1 -12.0
0 5 1 1.3
1 2 0 0.95
0 6 3 -0.35
1 7 2 1.52
0 1 2 -1.73
1 1 3 1.7
0 0 2 -0.67
1 4 5 -0.91
0 1 4 -0.27
1 6 2 0.74
0 4 0 -0.6
1 3 0 -1.92
0 5 0 2.25
1 6 0 -1.56
0 5 6 2.6
1 4 6 -3.13
0 5 7 3.02
1 0 5 -4.37
0 0 3 4.91
1 2 6 -4.19
0 5 5 5.02
1 6 5 -5.45
0 1 5 6.09
1 2 7 -6.59
0 3 7 8.28
1 1 1 -9.0
0 7 5 8.8
1 6 6 -7.89
0 7 3 64
1 7 4 -64
0 7 1 12.0
1 4 7 -12.0
0 1 7 12.0
1 0 1 -12.0
0 0 0 12.0
1 1 0 -12.0
0 7 7 12.0
1 6 7 -12.0
0 7 6 12.0
1 0 7 -12.0
0 1 6 12.0
1 0 4 -12.0
0 0 6 12.0
1 6 1 -12.0
0 7 0 12.0
