1 4 2 -8.0
0 5 2 8.0
1 5 3 -8.0
0 5 4 8.0
1 4 5 -8.0
0 2 3 8.0
1 2 4 -8.0
0 4 1 8.0
1 1 3 -8.0
0 4 6 8.0
1 5 6 -8.0
0 3 6 8.0
1 5 5 -8.0
0 6 4 8.0
1 6 3 -8.0
0 3 2 8.0
1 6 5 -5.22
0 2 2 6.59
1 3 5 -6.08
0 5 7 5.3
1 2 7 -5.59
0 1 2 5.0
1 5 1 -5.55
0 2 6 6.15
1 2 5 -7.14
0 0 4 6.57
1 3 0 -5.51
0 1 5 7.7
1 1 4 -10.2
0 3 7 10.8
1 0 3 -10.76
0 3 1 9.88
1 0 5 -9.3
0 4 0 9.27
1 5 0 -11.86
0 2 1 13.4
1 0 2 -13.86
0 1 6 13.41
1 2 0 -13.13
0 6 2 12.87
1 0 7 -12.26
0 1 7 11.48
1 7 2 -10.41
0 0 6 64
1 4 7 -64
0 7 3 8.0
1 7 4 -8.0
0 6 1 8.0
1 6 7 -8.0
0 7 5 8.0
1 7 6 -8.0
0 6 0 8.0
1 7 0 -8.0
0 7 1 8.0
1 6 6 -8.0
0 0 1 8.0
1 0 0 -8.0
0 7 7 8.0
1 1 1 -8.0
0 1 0 8.0
