1 2 4 2.0
0 4 5 -2.0
1 5 2 2.0
0 4 2 -2.0
1 5 3 2.0
0 2 3 -2.0
1 5 4 2.0
0 6 2 -2.0
1 5 1 2.0
0 3 5 -2.0
1 5 5 2.0
0 6 5 -2.0
1 6 3 2.0
0 2 5 -2.0
1 1 2 2.0
0 6 4 -2.0
1 7 2 2.0
0 3 2 -0.27
1 2 2 0.27
0 1 3 0.98
1 1 5 -0.54
0 5 0 1.26
1 7 4 -2.05
0 7 3 2.51
1 4 1 -1.89
0 4 0 2.63
1 1 4 -3.02
0 2 1 2.61
1 2 6 -1.71
0 3 6 0.06
1 2 0 0.0
0 0 3 -1.8
1 0 2 2.13
0 3 0 -2.0
1 0 4 3.27
0 1 0 -2.14
1 5 6 2.1
0 4 6 -3.97
1 0 1 3.6
0 5 7 -3.79
1 2 7 4.19
0 3 7 -4.29
1 3 1 2.98
0 0 6 -64
1 7 5 64
0 1 6 -2.0
1 0 7 2.0
0 0 5 -2.0
1 1 7 2.0
0 0 0 -2.0
1 1 1 2.0
0 6 1 -2.0
1 7 0 2.0
0 6 0 -2.0
1 7 1 2.0
0 6 6 -2.0
1 7 7 2.0
0 6 7 -2.0
1 4 7 2.0
0 7 6 -2.0
