1 4 2 -20.0
0 5 4 20.0
1 2 5 -20.0
0 2 4 20.0
1 3 5 -20.0
0 3 2 20.0
1 4 5 -20.0
0 2 6 20.0
1 1 5 -20.0
0 5 3 20.0
1 5 5 -20.0
0 3 6 20.0
1 4 6 -20.0
0 1 4 20.0
1 2 3 -20.0
0 5 7 20.0
1 0 5 -20.0
0 0 3 -0.75
1 4 7 0.41
0 3 7 0.38
1 6 5 -0.77
0 5 6 1.27
1 0 4 -2.99
0 0 6 5.26
1 2 2 -5.33
0 7 5 4.43
1 1 6 -3.09
0 1 2 3.24
1 6 4 -5.47
0 4 1 6.16
1 1 7 -7.51
0 7 4 9.8
1 5 2 -9.47
0 3 1 8.77
1 7 6 -9.83
0 6 3 11.16
1 7 3 -11.29
0 2 1 10.69
1 1 3 -10.28
0 6 2 11.1
1 6 7 -13.65
0 0 7 14.26
1 2 7 -13.84
0 7 7 64
1 6 6 -64
0 7 2 20.0
1 1 0 -20.0
0 0 2 20.0
1 4 0 -20.0
0 5 0 20.0
1 1 1 -20.0
0 5 1 20.0
1 3 0 -20.0
0 0 0 20.0
1 0 1 -20.0
0 2 0 20.0
1 7 1 -20.0
0 7 0 20.0
1 6 1 -20.0
0 6 0 20.0
