1 5 3 12.0
0 5 2 -12.0
1 4 2 12.0
0 5 4 -12.0
1 6 3 12.0
0 4 1 -12.0
1 4 5 12.0
0 6 4 -12.0
1 3 5 12.0
0 2 2 -12.0
1 3 2 0.59
0 2 3 -0.77
1 6 2 0.17
0 7 3 0.01
1 7 2 -0.2
0 7 4 -0.13
1 7 5 0.72
0 5 5 -0.41
1 6 5 0.49
0 2 4 -1.61
1 5 1 2.45
0 2 6 -1.72
1 4 0 1.28
0 6 1 -1.49
1 1 3 0.82
0 6 0 0.87
1 3 1 -1.44
0 1 4 1.84
1 1 2 -2.05
0 2 5 2.75
1 2 1 -3.33
0 0 3 3.51
1 0 5 -2.88
0 2 0 1.66
1 0 4 -1.26
0 0 6 1.33
1 3 6 -1.81
0 3 0 1.07
1 1 0 -1.24
0 4 7 1.1
1 1 5 -0.4
0 4 6 -2.25
1 7 0 5.1
0 0 2 -64
1 5 0 64
0 6 6 -12.0
1 5 6 12.0
0 7 1 -12.0
1 0 1 12.0
0 0 0 -12.0
1 1 1 12.0
0 6 7 -12.0
1 7 7 12.0
0 1 6 -12.0
1 5 7 12.0
0 7 6 -12.0
1 3 7 12.0
0 2 7 -12.0
1 1 7 12.0
0 0 7 -12.0
