1 5 3 0.0
0 5 2 0.0
1 4 2 0.0
0 3 2 0.0
1 2 5 0.0
0 6 4 0.0
1 2 2 0.0
0 5 4 0.0
1 4 1 0.0
0 3 1 0.0
1 2 3 0.0
0 4 0 0.47
1 6 3 -1.71
0 2 1 1.66
1 4 5 -0.78
0 5 5 0.62
1 5 1 -1.43
0 7 3 1.39
1 3 0 0.77
0 2 0 -1.91
1 5 0 2.27
0 6 0 -1.17
1 6 2 1.98
0 1 4 -1.64
1 2 4 1.06
0 1 5 0.45
1 0 4 -0.13
0 7 2 -0.8
1 0 5 0.68
0 3 5 1.77
1 6 1 -1.93
0 1 2 0.99
1 1 3 -1.54
0 0 3 1.3
1 0 2 -1.48
0 1 1 2.5
1 3 6 -1.74
0 3 7 0.54
1 7 5 -0.79
0 7 4 0.94
1 2 6 -2.02
0 0 1 2.01
1 0 0 -2.52
0 7 0 0
1 6 5 0
0 1 0 0.0
1 2 7 0.0
0 4 6 0.0
1 4 7 0.0
0 5 6 0.0
1 5 7 0.0
0 6 6 0.0
1 7 7 0.0
0 7 6 0.0
1 7 1 0.0
0 0 6 0.0
1 0 7 0.0
0 6 7 0.0
1 1 6 0.0
0 1 7 0.0
