1 2 4 -4.0
0 4 5 4.0
1 5 2 -4.0
0 4 2 4.0
1 5 3 -4.0
0 2 3 4.0
1 5 4 -4.0
0 6 2 4.0
1 5 1 -4.0
0 6 3 4.0
1 3 2 -4.0
0 3 5 4.0
1 6 5 -4.0
0 5 5 4.0
1 6 4 -4.0
0 5 0 3.54
1 2 2 -3.35
0 2 5 3.95
1 7 2 -6.23
0 7 4 8.11
1 7 3 -7.82
0 7 5 6.84
1 7 6 -4.27
0 4 1 3.8
1 3 1 -4.52
0 2 0 5.64
1 4 6 -5.83
0 1 3 4.42
1 1 4 -4.24
0 1 2 4.28
1 2 1 -4.1
0 3 6 3.15
1 5 6 -2.76
0 0 5 3.24
1 1 5 -3.08
0 2 6 2.48
1 0 3 -2.55
0 4 7 2.35
1 0 4 -1.54
0 0 2 1.21
1 4 0 -2.08
0 3 0 1.19
1 2 7 -2.48
0 6 1 64
1 7 0 -64
0 0 6 4.0
1 1 6 -4.0
0 7 1 4.0
1 6 0 -4.0
0 7 7 4.0
1 3 7 -4.0
0 6 7 4.0
1 5 7 -4.0
0 0 7 4.0
1 1 7 -4.0
0 6 6 4.0
1 1 0 -4.0
0 1 1 4.0
1 0 1 -4.0
0 0 0 4.0
