1 4 2 4.0
0 5 4 -4.0
1 3 5 4.0
0 2 4 -4.0
1 2 5 4.0
0 3 2 -4.0
1 5 2 4.0
0 2 2 -4.0
1 5 3 4.0
0 6 3 -4.0
1 6 2 4.0
0 4 5 -4.0
1 2 3 -3.7
0 1 3 -4.0
1 2 1 4.0
0 1 2 -4.0
1 3 1 4.0
0 1 4 -4.0
1 7 4 4.0
0 4 1 2.21
1 6 5 -0.95
0 7 3 1.7
1 7 2 -1.05
0 5 1 0.34
1 6 4 -2.14
0 4 6 1.95
1 1 5 -2.93
0 5 5 3.17
1 5 0 -2.95
0 3 6 2.95
1 0 5 -3.24
0 4 0 2.23
1 3 0 -2.13
0 2 0 1.7
1 0 4 -2.48
0 0 2 2.27
1 1 0 0.55
0 6 1 -2.44
1 0 3 4.34
0 0 6 -7.46
1 2 6 6.55
0 7 5 -5.63
1 7 0 5.91
0 6 0 -64
1 7 1 64
0 0 1 -4.0
1 3 7 4.0
0 5 7 -4.0
1 4 7 4.0
0 5 6 -4.0
1 1 1 4.0
0 2 7 -4.0
1 7 6 4.0
0 0 0 -4.0
1 1 7 4.0
0 0 7 -4.0
1 1 6 4.0
0 6 6 -4.0
1 6 7 4.0
0 7 7 -4.0
