1 5 3 16.0
0 3 2 -16.0
1 2 4 16.0
0 6 3 -16.0
1 2 2 16.0
0 2 3 -16.0
1 3 1 16.0
0 3 5 -16.0
1 1 4 16.0
0 2 5 -16.0
1 4 5 16.0
0 1 3 -16.0
1 0 4 16.0
0 5 6 -16.0
1 2 6 16.0
0 0 2 -16.0
1 5 2 1.18
0 2 1 0.55
1 0 3 -0.13
0 0 5 0.7
1 1 2 -0.3
0 1 5 1.44
1 5 5 -1.39
0 5 1 0.16
1 3 6 0.1
0 4 6 -1.03
1 5 4 2.32
0 4 0 -3.05
1 6 2 2.15
0 4 2 -2.85
1 7 3 3.38
0 6 4 -4.29
1 6 5 4.16
0 4 7 -4.59
1 2 7 5.28
0 3 7 -5.45
1 5 7 6.41
0 0 1 -7.79
1 1 7 7.84
0 7 2 -7.43
1 4 1 7.12
0 7 6 -7.99
1 1 6 7.88
0 3 0 -64
1 6 6 64
0 7 5 -16.0
1 7 4 16.0
0 7 7 -16.0
1 6 7 16.0
0 0 7 -16.0
1 0 6 16.0
1 0 0 16.0
1 1 0 16.0
0 1 1 -16.0
1 6 0 16.0
0 5 0 -16.0
1 2 0 16.0
1 6 1 16.0
0 7 0 -16.0
1 7 1 16.0
