1 4 2 -6.0
0 5 2 6.0
1 5 3 -6.0
0 3 2 6.0
1 2 3 -6.0
0 4 5 6.0
1 4 1 -6.0
0 2 1 6.0
1 3 1 -6.0
0 2 2 6.0
1 5 1 -6.0
0 2 4 6.0
1 1 2 -6.0
0 3 0 6.0
1 1 3 -6.0
0 1 4 3.34
1 0 5 -1.62
0 0 3 1.19
1 1 5 -0.7
0 2 5 -0.34
1 2 0 0.35
0 1 0 1.57
1 0 2 -0.88
0 0 1 -0.41
1 5 5 -0.38
0 5 4 1.76
1 4 6 -1.89
0 3 6 2.34
1 6 4 -1.81
0 4 7 2.69
1 2 7 -2.93
0 5 6 3.13
1 3 7 -3.55
0 1 7 4.97
1 3 5 -4.38
0 2 6 5.77
1 6 7 -8.83
0 6 0 7.67
1 6 1 -7.19
0 7 0 5.77
1 6 2 -4.74
0 7 1 3.73
1 0 4 -2.73
0 6 3 64
1 0 0 -64
0 1 1 6.0
1 6 5 -6.0
0 1 6 6.0
1 4 0 -6.0
0 5 0 6.0
1 7 3 -6.0
0 5 7 6.0
1 6 6 -6.0
0 7 7 6.0
1 0 6 -6.0
0 7 6 6.0
1 7 5 -6.0
0 7 4 6.0
1 7 2 -6.0
1 0 7 -6.0
