1 4 2 6.0
0 5 4 -6.0
1 2 5 6.0
0 2 4 -6.0
1 3 5 6.0
0 3 2 -6.0
1 4 5 6.0
0 2 6 -6.0
1 1 5 6.0
0 3 6 -6.0
1 2 3 6.0
0 5 3 -6.0
1 5 5 6.0
0 5 2 -6.0
1 4 7 6.0
0 3 7 -6.0
1 4 6 6.0
0 5 7 -6.0
1 6 4 6.0
0 6 5 -6.0
1 6 3 6.0
0 7 3 -6.0
1 5 6 6.0
0 7 2 -6.0
1 2 1 6.0
0 6 2 0.0
1 4 1 0.0
0 0 4 0.0
1 7 5 0.0
0 1 4 0.0
1 5 1 0.0
0 1 2 0.0
1 0 3 -0.2
0 0 1 2.36
1 7 4 -3.42
0 0 2 3.23
1 7 1 -3.81
0 3 0 6.02
1 1 7 -6.99
0 6 7 6.3
1 1 0 -7.23
0 3 1 8.09
1 1 6 -4.73
0 1 1 -64
1 0 5 64
0 6 6 -6.0
1 0 0 6.0
0 2 7 -6.0
1 2 0 6.0
0 0 7 -6.0
1 2 2 6.0
0 0 6 -6.0
1 1 3 6.0
0 7 6 -6.0
1 7 7 6.0
0 6 0 -6.0
1 6 1 6.0
0 7 0 -6.0
1 4 0 6.0
0 5 0 -6.0
