1 4 2 -4.0
0 5 2 4.0
1 5 3 -4.0
0 3 2 4.0
1 2 5 -4.0
0 5 4 4.0
1 4 1 -4.06
0 3 1 5.16
1 2 3 -6.47
0 4 0 6.1
1 6 3 -6.46
0 6 4 6.32
1 5 1 -5.64
0 2 2 4.77
1 6 2 -4.6
0 4 5 3.98
1 3 5 -2.99
0 5 0 3.04
1 2 1 -2.89
0 1 3 1.98
1 5 5 -3.08
0 6 5 3.29
1 2 4 -2.6
0 7 4 2.67
1 7 2 -2.23
0 5 6 1.2
1 7 6 -2.09
0 3 6 3.02
1 2 6 -2.78
0 4 6 2.26
1 0 4 -2.48
0 0 2 3.13
1 5 7 -4.01
0 1 5 4.98
1 0 3 -6.16
0 0 5 6.48
1 1 4 -5.52
0 2 7 4.46
1 3 0 -3.72
0 4 7 4.84
1 6 0 -5.37
0 1 2 2.62
1 1 6 -2.64
0 1 0 64
1 3 7 -64
0 7 3 4.0
1 7 5 -4.0
0 6 6 4.0
1 1 7 -4.0
0 0 7 4.0
1 0 6 -4.0
0 6 7 4.0
1 7 7 -4.0
0 7 1 4.0
1 7 0 -4.0
0 6 1 4.0
1 1 1 -4.0
0 2 0 4.0
1 0 0 -4.0
0 0 1 4.0
