1 4 2 34.0
0 5 4 -34.0
1 3 5 34.0
0 4 1 -34.0
1 5 5 34.0
0 4 5 -34.0
1 5 2 34.0
0 3 2 -34.0
1 5 3 34.0
0 6 2 -34.0
1 3 1 34.0
0 2 2 -34.0
1 4 0 34.0
0 5 0 -34.0
1 6 0 0.0
0 2 5 0.73
1 5 1 1.85
0 2 3 0.2
1 2 4 0.63
0 6 3 -1.2
1 6 4 2.95
0 1 3 -4.29
1 2 1 5.09
0 2 0 -4.58
1 2 6 3.95
0 2 7 -5.35
1 4 6 5.95
0 7 5 -4.48
1 0 3 3.47
0 3 0 -3.71
1 1 0 2.77
0 1 4 -3.18
1 0 5 4.19
0 3 6 -5.19
1 6 5 4.09
0 5 7 -4.55
1 5 6 5.48
0 0 2 -7.7
1 0 4 10.78
0 7 6 -11.17
1 7 4 8.34
0 7 2 -7.66
1 7 7 7.56
0 0 6 -64
1 1 5 64
0 7 3 -34.0
1 6 6 34.0
0 6 7 -34.0
1 4 7 34.0
0 3 7 -34.0
1 7 1 34.0
0 1 2 -34.0
1 1 7 34.0
0 6 1 -34.0
1 7 0 34.0
0 1 6 -34.0
1 0 7 34.0
1 0 1 34.0
0 1 1 -34.0
1 0 0 34.0
