1 2 4 -12.0
0 2 5 12.0
1 3 5 -12.0
0 4 5 12.0
1 2 6 -12.0
0 3 2 12.0
1 4 6 -12.0
0 3 6 12.0
1 5 4 -12.0
0 5 5 12.0
1 6 5 -12.0
0 4 7 2.6
1 2 7 -2.82
0 3 7 4.52
1 5 7 -4.7
0 6 3 5.01
1 6 4 -7.21
0 2 3 8.4
1 5 2 -7.17
0 5 6 6.46
1 4 2 -6.46
0 5 3 5.84
1 7 2 -6.98
0 6 2 7.06
1 1 2 -6.63
0 1 4 6.02
1 1 3 -5.37
0 1 5 5.66
1 0 3 -6.19
0 2 2 7.21
1 0 4 -7.02
0 7 5 6.41
1 6 7 -7.63
0 7 3 9.22
1 2 1 -8.99
0 1 6 9.45
1 7 4 -8.9
0 7 1 8.23
1 4 1 -7.68
0 0 6 7.52
1 6 6 -7.98
0 4 0 8.3
1 5 1 -8.45
0 3 1 64
1 0 7 -64
0 1 7 12.0
1 0 5 -12.0
0 1 0 12.0
1 6 1 -12.0
0 0 1 12.0
1 2 0 -12.0
0 3 0 12.0
1 0 2 -12.0
0 1 1 12.0
1 0 0 -12.0
0 7 7 12.0
1 5 0 -12.0
0 7 6 12.0
0 6 0 12.0
1 7 0 -12.0
