1 5 3 8.0
0 3 2 -8.0
1 2 5 8.0
0 5 5 -8.0
1 5 4 8.0
0 3 5 -8.0
1 2 4 8.0
0 1 3 -12.64
1 1 4 12.0
0 6 2 -12.12
1 4 5 11.61
0 2 6 -12.19
1 2 3 12.03
0 2 2 -11.37
1 5 2 11.16
0 4 2 -11.15
1 0 3 11.56
0 4 6 -10.06
1 5 6 9.28
0 0 5 -9.34
1 0 4 8.2
0 0 2 -7.3
1 1 5 6.99
0 6 3 -6.55
1 1 2 5.44
0 3 6 -5.41
1 6 4 6.05
0 7 4 -5.25
1 3 1 3.99
0 0 1 -3.89
1 2 7 3.84
0 0 6 -3.49
1 4 1 3.17
0 2 1 -4.08
1 5 7 4.66
0 4 7 -4.54
1 3 7 4.09
0 2 0 -5.47
1 3 0 5.39
0 6 5 -5.54
1 6 1 4.92
0 5 0 -5.49
1 5 1 6.14
0 4 0 -64
1 7 3 64
0 7 5 -8.0
1 7 1 8.0
0 6 6 -8.0
1 1 6 8.0
0 7 2 -8.0
1 7 6 8.0
0 0 7 -8.0
1 1 7 8.0
0 6 7 -8.0
1 7 0 8.0
0 6 0 -8.0
1 1 1 8.0
0 1 0 -8.0
1 0 0 8.0
1 7 7 8.0
