1 4 2 30.0
0 5 2 -30.0
1 5 3 30.0
0 3 2 -30.0
1 4 1 30.0
0 6 3 -30.0
1 2 3 30.0
0 5 1 -30.0
1 2 4 30.0
0 4 5 -30.0
1 5 4 30.0
0 3 5 -0.7
1 6 2 -0.52
0 5 5 -30.0
1 7 3 30.0
0 1 4 -30.0
1 4 6 0.0
0 2 1 0.0
1 6 5 0.0
0 3 6 0.35
1 2 2 -0.35
0 5 7 -0.84
1 6 4 0.34
0 5 6 -1.45
1 2 0 1.6
0 3 0 -2.14
1 5 0 2.66
0 3 1 -1.67
1 2 7 0.38
0 2 6 -0.88
1 0 5 -0.13
0 0 4 0.28
1 0 3 -2.25
0 1 3 2.65
1 1 2 -0.87
0 2 5 1.41
1 6 0 1.98
0 0 1 -6.12
1 4 0 7.16
0 1 1 -9.57
1 1 5 10.29
0 1 6 -11.66
1 0 6 12.96
0 7 4 -64
1 0 7 64
0 1 7 -30.0
1 4 7 30.0
0 3 7 -30.0
1 6 7 30.0
0 6 6 -30.0
1 7 7 30.0
0 7 2 -30.0
1 7 5 30.0
0 7 6 -30.0
1 7 1 30.0
0 1 0 -30.0
1 0 0 30.0
0 6 1 -30.0
1 7 0 30.0
1 0 2 30.0
