1 4 2 16.0
0 5 2 -16.0
1 5 3 16.0
0 5 4 -16.0
1 6 3 16.0
0 4 1 -16.0
1 5 1 16.0
0 7 3 -16.0
1 6 4 16.0
0 6 2 -16.0
1 4 5 16.0
0 5 5 -16.0
1 6 5 16.0
0 3 2 2.51
1 2 1 -4.22
0 2 2 3.76
1 3 1 -3.8
0 3 6 1.7
1 4 6 -0.83
0 3 5 0.12
1 7 2 -0.25
0 7 4 0.95
1 7 5 -0.7
0 2 0 1.21
1 2 7 -1.09
0 5 7 -0.63
1 4 7 -0.81
0 5 6 1.25
1 2 5 -0.13
0 2 3 -0.2
1 2 4 -0.65
0 5 0 -0.37
1 7 1 1.87
0 6 6 -2.15
1 1 2 0.19
0 0 2 0.21
1 1 3 0.91
0 1 1 -0.72
1 6 1 0.26
0 3 7 0.38
1 7 6 -2.67
0 0 4 2.1
1 0 3 -0.39
0 4 0 -64
1 0 5 64
0 1 7 -16.0
1 2 6 16.0
0 0 6 -16.0
1 3 0 16.0
0 7 7 -16.0
1 6 7 16.0
0 7 0 -16.0
1 6 0 16.0
0 1 6 -16.0
1 0 7 16.0
0 1 5 -16.0
1 1 4 16.0
1 0 1 16.0
0 1 0 -16.0
1 0 0 16.0
