1 2 4 -18.0
0 4 5 18.0
1 5 2 -18.0
0 4 2 18.0
1 5 3 -18.0
0 2 3 18.0
1 3 5 -18.0
0 2 5 18.0
1 3 2 -18.0
0 5 4 18.0
1 5 5 -18.0
0 6 5 18.0
1 4 6 -2.05
0 2 2 2.68
1 5 6 -2.12
0 5 7 2.63
1 3 7 -3.47
0 6 3 3.68
1 3 6 -6.5
0 2 6 8.57
1 7 5 -9.56
0 6 4 8.3
1 7 4 -7.38
0 2 1 7.85
1 6 2 -8.36
0 7 3 7.15
1 7 2 -5.03
0 3 1 4.23
1 5 1 -5.91
0 4 1 9.74
1 2 0 -13.13
0 3 0 13.69
1 1 3 -12.82
0 4 7 14.55
1 6 7 -14.46
0 1 2 12.77
1 4 0 -13.07
0 0 2 11.38
1 1 4 -10.2
0 1 5 10.5
1 2 7 -12.32
0 6 0 14.09
1 5 0 -13.71
0 1 0 64
1 0 3 -64
0 0 5 18.0
1 0 4 -18.0
0 6 6 18.0
1 0 1 -18.0
0 0 0 18.0
1 1 1 -18.0
0 0 6 18.0
1 1 6 -18.0
0 0 7 18.0
1 7 7 -18.0
0 1 7 18.0
0 7 6 18.0
0 6 1 18.0
1 7 1 -18.0
0 7 0 18.0
