1 2 4 -16.0
0 4 5 16.0
1 5 4 -16.0
0 2 3 16.0
1 3 2 -16.0
0 5 3 16.0
1 4 2 -5.8
0 3 5 6.14
1 5 5 -5.4
0 5 2 5.5
1 6 4 -4.85
0 2 2 3.7
1 4 1 -4.02
0 6 3 3.27
1 5 1 -3.36
0 2 5 2.7
1 7 2 -1.65
0 6 5 1.52
1 5 6 -2.17
0 7 4 2.34
1 7 3 -1.73
0 7 1 3.3
1 3 6 -3.38
0 6 2 3.35
1 2 1 -4.28
0 3 1 4.17
1 1 3 -3.61
0 1 2 3.45
1 4 6 -3.84
0 1 5 4.94
1 2 6 -4.04
0 5 7 4.1
1 4 0 -4.79
0 4 7 4.2
1 7 6 -3.45
0 2 0 1.3
1 3 0 -0.22
0 5 0 0.13
1 0 2 -0.17
0 0 4 0.64
1 0 5 -0.12
0 0 3 2.69
1 0 1 -3.26
0 0 0 64
1 1 4 -64
0 0 6 16.0
1 1 6 -16.0
0 3 7 16.0
1 1 1 -16.0
0 0 7 16.0
1 6 6 -16.0
0 1 0 16.0
1 6 7 -16.0
0 7 7 16.0
1 7 5 -16.0
1 6 0 -16.0
0 7 0 16.0
1 6 1 -16.0
1 2 7 -16.0
0 1 7 16.0
