1 5 3 4.0
0 5 2 -4.0
1 4 2 4.0
0 5 4 -4.0
1 6 3 4.0
0 4 1 -4.0
1 5 1 4.0
0 7 3 -4.0
1 3 5 4.0
0 2 2 -4.0
1 3 1 4.0
0 2 4 -4.0
1 6 4 4.0
0 7 4 -4.0
1 4 5 -3.41
0 5 5 3.88
1 3 2 -4.56
0 2 3 5.2
1 6 5 -6.79
0 6 2 8.59
1 1 5 -8.87
0 2 0 9.16
1 1 3 -7.51
0 3 0 7.14
1 5 0 -6.53
0 0 4 5.09
1 0 2 -4.98
0 0 3 4.81
1 0 5 -2.81
0 1 4 0.21
1 2 5 0.38
0 2 1 -1.51
1 4 0 1.71
0 6 0 -2.07
1 1 2 3.19
0 5 6 -4.93
1 7 5 3.75
0 3 6 -3.42
1 2 6 3.17
0 4 6 -4.2
1 3 7 4.73
0 1 7 -5.41
1 5 7 5.52
0 1 6 -64
1 4 7 64
0 7 6 -4.0
1 7 1 4.0
0 2 7 -4.0
1 0 7 4.0
0 0 6 -4.0
1 6 1 4.0
0 6 6 -4.0
1 7 7 4.0
0 6 7 -4.0
1 7 2 4.0
0 0 1 -4.0
1 0 0 4.0
0 7 0 -4.0
1 1 0 4.0
0 1 1 -4.0
