1 2 4 -8.0
0 2 5 8.0
1 3 5 -8.0
0 2 3 8.0
1 1 5 -8.0
0 4 5 8.0
1 3 2 -8.0
0 4 2 8.0
1 1 3 -8.0
0 2 2 8.0
1 1 2 1.2
0 0 2 -1.05
1 2 1 1.05
0 3 6 -1.05
1 4 1 1.05
0 3 1 -1.05
1 5 1 -0.38
0 5 3 0.1
1 3 0 1.7
0 0 3 -1.71
1 0 4 0.95
0 5 0 -2.58
1 5 4 2.88
0 1 4 -3.82
1 4 0 4.06
0 0 5 -3.58
1 5 2 4.37
0 2 0 -3.26
1 2 6 1.18
0 4 6 -1.79
1 5 5 2.63
0 3 7 -4.82
1 1 0 6.66
0 0 0 -5.78
1 1 1 4.09
0 5 6 3.38
1 5 7 -9.52
0 0 1 10.19
1 4 7 -11.34
0 2 7 10.01
1 1 7 -8.93
0 1 6 10.41
1 0 7 -9.68
0 0 6 64
1 6 7 -64
0 6 6 8.0
1 7 7 -8.0
0 6 4 8.0
1 7 4 -8.0
0 6 3 8.0
1 7 3 -8.0
0 7 2 8.0
1 7 1 -8.0
0 6 5 8.0
1 6 2 -8.0
0 7 5 8.0
1 7 6 -8.0
0 6 1 8.0
1 7 0 -8.0
0 6 0 8.0
