1 2 4 8.0
0 4 5 -8.0
1 5 2 8.0
0 4 2 -8.0
1 5 3 8.0
0 6 2 -8.0
1 5 4 8.0
0 5 5 2.69
1 6 3 -2.77
0 3 2 3.34
1 6 4 -2.49
0 2 3 1.37
1 2 2 -1.26
0 3 5 1.15
1 2 1 0.36
0 1 5 -1.63
1 5 1 1.12
0 7 5 -0.98
1 7 4 0.95
0 6 5 0.34
1 4 1 -0.2
0 7 3 -0.18
1 1 4 0.41
0 5 0 -0.5
1 3 6 -0.05
0 2 5 -0.86
1 2 6 0.6
0 2 7 -1.02
1 4 7 1.02
0 4 0 -0.51
1 6 1 0.6
0 0 4 -1.01
1 1 3 0.67
0 7 0 -0.36
1 5 6 0.23
0 5 7 -0.2
1 6 7 -1.51
0 0 3 1.57
1 1 2 -1.43
0 3 1 1.95
1 0 2 -1.16
0 3 0 0.77
1 2 0 -0.38
0 4 6 -64
1 6 6 64
0 3 7 -8.0
1 0 5 8.0
0 1 0 -8.0
1 0 1 8.0
0 7 7 -8.0
1 6 0 8.0
0 1 1 -8.0
1 0 0 8.0
0 0 6 -8.0
1 0 7 8.0
0 1 6 -8.0
1 7 6 8.0
1 1 7 8.0
1 7 1 8.0
0 7 2 -8.0
