1 2 4 -2.0
0 4 5 2.0
1 5 2 -2.0
0 4 2 2.0
1 5 3 -2.0
0 2 3 2.0
1 5 4 -2.0
0 6 2 2.0
1 5 1 -2.0
0 4 1 2.0
1 3 5 -2.0
0 6 3 2.0
1 1 3 0.84
0 5 0 0.94
1 4 6 -0.69
0 2 5 0.98
1 6 4 -2.37
0 3 2 2.48
1 2 2 -2.14
0 7 5 0.88
1 2 1 -2.63
0 3 1 2.23
1 3 0 -1.13
0 1 2 1.45
1 4 0 -0.72
0 2 0 0.63
1 7 3 -0.99
0 6 5 1.7
1 5 5 -1.61
0 3 6 1.79
1 1 5 -0.28
0 0 4 1.09
1 0 2 -0.08
0 0 3 0.59
1 0 5 -0.98
0 1 4 0.97
1 2 7 -1.45
0 5 6 2.16
1 7 1 -2.97
0 7 4 1.81
1 7 2 -1.12
0 7 0 2.13
1 0 1 -1.51
0 3 7 64
1 2 6 -64
0 1 1 2.0
1 0 0 -2.0
0 1 0 2.0
1 6 0 -2.0
0 6 1 2.0
1 4 7 -2.0
0 5 7 2.0
1 6 7 -2.0
0 1 7 2.0
1 6 6 -2.0
0 7 7 2.0
1 7 6 -2.0
0 1 6 2.0
1 0 7 -2.0
0 0 6 2.0
