1 4 2 32.0
0 5 4 -32.0
1 3 5 32.0
0 2 4 -32.0
1 2 5 32.0
0 3 2 -32.0
1 5 2 32.0
0 2 2 -32.0
1 5 3 32.0
0 5 5 -32.0
1 4 5 6.6
0 4 6 -8.03
1 3 6 7.58
0 4 1 -8.07
1 6 3 8.79
0 6 4 -7.75
1 6 2 6.33
0 5 1 -6.98
1 1 4 6.45
0 7 4 -5.63
1 7 2 4.77
0 6 5 -4.98
1 2 3 5.04
0 7 3 -3.44
1 7 5 2.33
0 5 6 -3.44
1 7 1 5.48
0 2 7 -5.16
1 3 1 6.27
0 1 2 -6.51
1 2 1 6.06
0 1 5 -6.05
1 0 2 5.13
0 0 4 -5.01
1 3 0 5.75
0 4 0 -6.71
1 2 6 4.98
0 3 7 -6.05
1 0 3 6.73
0 0 5 -8.06
1 1 3 11.87
0 0 1 -13.17
1 6 6 13.31
0 7 6 -14.12
1 7 7 15.26
0 6 1 -15.76
1 7 0 16.0
0 6 7 -20.87
1 5 7 24.9
0 4 7 -22.86
1 1 7 20.98
0 2 0 -23.05
1 1 6 28.12
0 0 6 -32.0
1 0 7 32.0
0 6 0 -32.0
1 5 0 32.0
1 1 0 32.0
0 1 1 -32.0
1 0 0 32.0
