1 2 4 -10.0
0 2 5 10.0
1 3 5 -10.0
0 4 5 10.0
1 2 6 -10.0
0 3 2 10.0
1 4 6 -10.0
0 3 6 10.0
1 5 5 -10.0
0 5 4 10.0
1 4 2 -10.0
0 5 6 10.0
1 3 7 -10.0
0 1 5 10.0
1 1 4 -10.0
0 5 3 10.0
1 6 2 -10.0
0 4 1 10.0
1 6 3 -3.88
0 6 5 3.15
1 5 2 -3.4
0 6 4 3.42
1 4 7 -2.74
0 5 1 1.19
1 7 5 -1.59
0 2 3 0.18
1 7 4 0.44
0 6 6 -0.33
1 0 4 -1.44
0 0 5 4.48
1 1 2 -5.02
0 1 3 4.47
1 2 1 -6.36
0 0 3 8.3
1 0 2 -7.95
0 2 2 7.41
1 3 1 -8.74
0 2 0 8.9
1 7 7 -7.66
0 5 7 8.05
1 0 6 -9.03
0 3 0 10.38
1 1 1 -10.34
0 2 7 64
1 4 0 -64
0 1 6 10.0
1 0 7 -10.0
0 1 7 10.0
1 1 0 -10.0
0 7 3 10.0
1 6 7 -10.0
0 7 2 10.0
1 6 1 -10.0
0 7 0 10.0
1 7 1 -10.0
0 7 6 10.0
0 5 0 10.0
1 6 0 -10.0
0 0 0 10.0
1 0 1 -10.0
