1 2 4 -8.0
0 4 5 8.0
1 5 2 -8.0
0 4 2 8.0
1 5 3 -8.0
0 2 3 8.0
1 2 5 -8.0
0 2 2 8.0
1 3 5 -8.0
0 3 6 8.0
1 2 6 -8.0
0 5 4 8.0
1 3 2 -8.0
0 3 1 8.0
1 1 2 -8.0
0 2 1 8.0
1 1 3 -8.0
0 4 1 8.0
1 4 7 -8.0
0 1 4 3.6
1 1 5 -3.6
0 6 4 3.99
1 2 0 0.0
0 0 2 0.0
1 0 3 0.0
0 0 4 0.0
1 0 5 0.0
0 0 6 0.0
1 1 1 0.0
0 5 1 0.46
1 5 0 -1.06
0 4 0 1.29
1 3 0 -2.38
0 1 6 1.5
1 6 0 0.33
0 2 7 0.16
1 6 2 -2.34
0 0 0 2.23
1 0 1 -3.56
0 1 0 4.41
1 6 3 -6.11
0 7 3 6.4
1 5 5 -5.0
0 7 1 64
1 7 2 -64
0 7 0 8.0
1 7 5 -8.0
0 6 6 8.0
1 0 7 -8.0
0 6 1 8.0
1 1 7 -8.0
0 3 7 8.0
1 7 7 -8.0
0 7 4 8.0
1 5 6 -8.0
0 4 6 8.0
1 5 7 -8.0
0 6 7 8.0
1 6 5 -8.0
0 7 6 8.0
