1 4 2 -2.0
0 5 4 2.0
1 5 5 -2.0
0 3 2 2.0
1 5 3 -2.0
0 5 2 1.31
1 4 1 0.87
0 5 1 -0.57
1 3 1 0.48
0 6 3 0.84
1 2 1 -1.8
0 2 2 2.09
1 6 4 -1.87
0 5 0 1.1
1 4 0 -0.59
0 2 0 0.42
1 6 0 -1.11
0 3 0 1.69
1 1 0 -0.84
0 2 3 1.63
1 2 5 -2.98
0 3 5 3.88
1 4 5 -3.95
0 4 6 4.14
1 4 7 -4.88
0 7 5 6.23
1 7 2 -6.7
0 6 2 6.52
1 1 4 -5.7
0 2 4 6.43
1 1 5 -6.28
0 0 5 5.73
1 0 3 -4.49
0 6 1 3.7
1 7 4 -2.23
0 7 3 0.52
1 7 0 -1.81
0 7 1 1.54
1 7 6 -1.98
0 1 1 2.02
1 1 3 -5.65
0 1 2 7.21
1 0 0 -6.67
0 0 1 64
1 0 2 -64
0 0 6 2.0
1 1 6 -2.0
0 0 7 2.0
1 2 6 -2.0
0 2 7 2.0
1 1 7 -2.0
0 5 7 2.0
1 3 7 -2.0
0 3 6 2.0
1 5 6 -2.0
0 6 5 2.0
1 6 7 -2.0
0 0 4 2.0
1 6 6 -2.0
0 7 7 2.0
