1 5 3 -2.0
0 3 2 2.0
1 2 5 -2.0
0 3 5 2.0
1 2 4 -2.0
0 5 4 2.0
1 2 3 -2.0
0 1 5 2.0
1 2 6 -2.0
0 4 5 2.0
1 3 6 -2.0
0 2 2 2.0
1 1 4 -2.0
0 1 3 2.0
1 0 5 -2.0
0 4 6 2.16
1 0 4 -1.94
0 5 5 2.13
1 4 2 -2.96
0 3 7 2.85
1 0 2 -1.63
0 2 7 2.97
1 2 1 -4.73
0 3 1 4.45
1 2 0 -3.73
0 4 0 2.72
1 6 4 -1.63
0 5 1 1.06
1 1 2 0.4
0 6 5 -1.39
1 3 0 0.81
0 6 2 -1.67
1 5 0 3.48
0 0 3 -3.14
1 6 0 1.83
0 7 4 -3.48
1 5 2 3.91
0 4 1 -3.93
1 7 2 3.55
0 1 1 -3.65
1 0 0 2.84
0 1 0 -2.23
1 0 1 1.8
0 7 0 64
1 6 3 -64
0 7 3 2.0
1 6 1 -2.0
0 7 1 2.0
1 5 7 -2.0
0 4 7 2.0
1 1 7 -2.0
0 1 6 2.0
1 0 7 -2.0
0 0 6 2.0
1 5 6 -2.0
0 6 6 2.0
1 7 6 -2.0
0 7 5 2.0
1 6 7 -2.0
0 7 7 2.0
