1 2 4 14.0
0 4 5 -14.0
1 5 3 14.0
0 1 4 -14.0
1 5 5 14.0
0 5 4 -14.0
1 6 5 14.0
0 5 2 -14.0
1 3 2 14.0
0 6 4 -14.0
1 2 5 -0.69
0 2 3 0.69
1 4 6 0.52
0 5 6 -1.29
1 3 5 0.74
0 2 6 -0.73
1 7 5 2.04
0 3 6 -2.7
1 5 1 2.81
0 7 3 -4.19
1 1 2 4.48
0 6 2 -5.41
1 4 2 5.34
0 7 4 -4.73
1 7 2 3.09
0 2 2 -2.36
1 1 3 1.55
0 4 1 -1.91
1 3 0 1.91
0 6 3 -2.24
1 3 1 2.2
0 4 0 -1.62
1 7 6 1.33
0 5 0 -1.63
1 6 0 -0.41
0 2 0 1.8
1 1 0 1.45
0 2 1 -5.76
1 0 5 6.34
0 6 6 -7.8
1 3 7 7.94
0 0 4 -6.77
1 7 7 5.34
0 6 7 -64
1 0 2 64
0 1 5 -14.0
1 5 7 14.0
0 0 3 -14.0
1 1 1 14.0
0 2 7 -14.0
1 1 7 14.0
0 4 7 -14.0
1 1 6 14.0
0 6 1 -14.0
1 7 0 14.0
0 0 7 -14.0
1 7 1 14.0
0 0 6 -14.0
0 0 1 -14.0
