1 4 2 2.0
0 5 4 -2.0
1 3 5 2.0
0 2 6 -2.0
1 3 6 2.0
0 3 2 -2.0
1 5 2 2.0
0 4 1 -2.91
1 2 2 3.82
0 2 5 -3.82
1 5 3 4.41
0 2 3 -4.41
1 5 5 4.62
0 4 6 -4.52
1 2 4 3.9
0 6 4 -3.02
1 2 1 2.91
0 4 5 -2.75
1 3 1 3.14
0 6 5 -2.95
1 5 6 3.14
0 4 7 -4.1
1 7 4 4.36
0 6 2 -3.65
1 6 3 3.47
0 5 1 -4.05
1 7 5 5.6
0 1 5 -5.13
1 1 4 5.14
0 3 0 -4.69
1 2 0 4.21
0 0 4 -3.83
1 7 1 3.66
0 1 3 -2.8
1 1 2 2.79
0 4 0 -1.45
1 5 7 -0.27
0 6 6 -1.12
1 3 7 2.11
0 2 7 -0.8
1 1 7 -0.8
0 7 6 0.93
1 0 2 0.09
0 7 2 -64
1 7 3 64
0 7 0 -2.0
1 0 6 2.0
0 0 5 -2.0
1 0 3 2.0
0 1 0 -2.0
1 6 1 2.0
0 5 0 -2.0
1 6 0 2.0
0 1 1 -2.0
1 0 0 2.0
0 0 1 -2.0
1 1 6 2.0
0 0 7 -2.0
1 6 7 2.0
0 7 7 -2.0
