1 2 4 -18.0
0 2 5 18.0
1 3 5 -18.0
0 4 5 18.0
1 5 4 -18.0
0 3 2 18.0
1 4 2 -18.0
0 1 3 18.0
1 2 2 -18.0
0 6 4 0.0
1 5 5 0.0
0 5 3 0.0
1 4 6 0.0
0 3 6 1.7
1 5 2 -3.55
0 6 3 4.71
1 7 5 -4.52
0 6 2 5.27
1 6 5 -5.45
0 7 4 6.43
1 7 2 -8.17
0 2 3 8.07
1 3 7 -6.48
0 5 6 6.51
1 7 3 -5.02
0 2 7 4.77
1 5 7 -5.04
0 2 6 6.85
1 1 2 -6.96
0 3 1 6.98
1 1 4 -6.91
0 4 7 5.99
1 1 7 -5.34
0 0 5 4.77
1 0 4 -3.97
0 1 5 2.85
1 7 6 -3.23
0 4 1 4.48
1 0 6 -5.29
0 6 1 5.87
1 5 1 -8.05
0 0 2 9.14
1 7 0 -10.88
0 0 3 64
1 0 1 -64
0 6 0 18.0
1 6 6 -18.0
0 7 7 18.0
1 6 7 -18.0
0 7 1 18.0
1 2 0 -18.0
0 3 0 18.0
1 2 1 -18.0
0 0 7 18.0
1 1 6 -18.0
0 0 0 18.0
1 4 0 -18.0
0 5 0 18.0
0 1 0 18.0
1 1 1 -18.0
