1 2 4 -10.0
0 2 5 10.0
1 3 5 -10.0
0 4 5 10.0
1 2 6 -10.0
0 3 2 10.0
1 4 6 -10.0
0 3 6 10.0
1 5 5 -10.0
0 5 4 10.0
1 4 2 -10.0
0 5 6 10.0
1 3 7 -10.0
0 1 5 10.0
1 1 4 -10.0
0 5 3 2.66
1 6 2 -10.0
0 4 1 10.0
1 6 3 -4.05
0 6 5 3.77
1 5 2 -3.31
0 6 4 3.59
1 4 7 -2.26
0 2 3 0.64
1 7 5 -1.2
0 0 5 1.34
1 5 7 -0.21
0 5 1 -0.83
1 7 4 0.7
0 7 2 -0.27
1 1 3 0.76
0 1 7 -0.51
1 2 1 0.27
0 7 3 -0.89
1 7 1 0.48
0 3 1 0.69
1 2 7 -3.13
0 6 7 4.02
1 2 0 -3.09
0 0 2 2.88
1 3 0 -4.34
0 2 2 5.85
1 6 0 -8.05
0 6 6 64
1 0 3 -64
0 0 4 10.0
1 7 7 -10.0
0 7 6 10.0
1 0 7 -10.0
0 1 2 10.0
1 6 1 -10.0
0 5 0 10.0
1 4 0 -10.0
0 7 0 10.0
1 0 6 -10.0
0 1 0 10.0
1 0 1 -10.0
0 1 6 10.0
1 1 1 -10.0
0 0 0 10.0
