1 5 3 24.0
0 3 2 -24.0
1 2 5 24.0
0 3 5 -24.0
1 2 4 24.0
0 5 4 -24.0
1 5 2 24.0
0 5 5 -24.0
1 4 2 24.0
0 4 1 -24.0
1 3 1 24.0
0 6 2 -24.0
1 3 0 2.1
0 2 0 -3.88
1 5 1 3.82
0 4 0 -3.4
1 6 3 3.92
0 2 3 -5.41
1 2 1 5.73
0 4 5 -4.63
1 6 4 5.06
0 1 3 -5.02
1 1 5 5.05
0 2 2 -6.12
1 0 2 6.53
0 0 4 -6.08
1 2 6 5.87
0 3 6 -6.34
1 1 2 6.34
0 1 4 -6.47
1 0 3 6.43
0 0 5 -7.66
1 0 6 8.59
0 2 7 -9.11
1 4 6 7.82
0 7 5 -8.3
1 7 3 8.61
0 7 4 -9.63
1 7 6 8.84
0 6 5 -8.36
1 5 6 7.63
0 3 7 -9.65
1 5 7 11.77
0 4 7 -64
1 1 7 64
0 6 7 -24.0
1 7 7 24.0
0 6 6 -24.0
1 7 2 24.0
0 1 6 -24.0
1 0 7 24.0
0 0 1 -24.0
1 0 0 24.0
0 1 1 -24.0
1 6 0 24.0
0 6 1 -24.0
1 7 0 24.0
0 7 1 -24.0
1 5 0 24.0
1 1 0 24.0
