1 5 3 18.0
0 3 2 -18.0
1 2 4 18.0
0 6 3 -18.0
1 2 2 18.0
0 1 2 -18.0
1 5 2 4.09
0 5 4 -3.73
1 5 5 2.97
0 4 1 -4.24
1 4 2 5.45
0 2 3 -5.59
1 3 1 6.3
0 6 5 -6.0
1 7 3 7.08
0 4 0 -7.95
1 2 0 9.3
0 7 2 -9.7
1 7 1 10.08
0 2 1 -10.45
1 6 4 11.36
0 3 5 -11.56
1 5 1 11.6
0 2 5 -12.16
1 7 6 13.63
0 6 2 -15.77
1 1 3 15.1
0 5 6 -14.93
1 4 5 13.38
0 7 4 -12.71
1 7 5 11.98
0 3 0 -11.56
1 5 0 12.23
0 0 2 -12.02
1 1 4 11.01
0 6 1 -12.01
1 4 6 12.02
0 2 6 -9.94
1 1 5 10.13
0 0 5 -8.62
1 4 7 7.81
0 0 4 -8.67
1 1 0 10.15
0 3 6 -64
1 1 7 64
0 2 7 -18.0
1 1 1 18.0
0 6 7 -18.0
1 3 7 18.0
0 6 6 -18.0
1 7 7 18.0
0 5 7 -18.0
1 0 6 18.0
0 0 1 -18.0
1 0 0 18.0
0 0 7 -18.0
1 1 6 18.0
1 0 3 18.0
1 6 0 18.0
0 7 0 -18.0
