1 5 3 -14.0
0 3 2 14.0
1 2 5 -14.0
0 3 5 14.0
1 2 4 -14.0
0 5 4 14.0
1 5 2 -14.0
0 6 3 14.0
1 6 2 -14.0
0 4 5 14.0
1 4 2 -14.0
0 2 3 7.38
1 2 2 -7.19
0 4 1 5.87
1 5 1 -5.71
0 3 1 6.97
1 3 0 -7.02
0 4 0 6.56
1 5 0 -7.2
0 6 4 7.21
1 2 1 -6.92
0 1 4 6.37
1 1 5 -7.91
0 3 6 8.36
1 0 5 -8.31
0 0 3 8.09
1 1 3 -6.98
0 1 2 5.48
1 7 3 -6.44
0 0 4 6.52
1 0 2 -5.8
0 1 0 5.67
1 7 4 -5.84
0 6 5 4.71
1 3 7 -5.21
0 7 2 5.09
1 7 1 -6.01
0 7 5 7.75
1 7 6 -7.54
0 2 6 9.48
1 2 0 -10.88
0 6 0 11.19
1 2 7 -13.09
0 1 6 64
1 6 6 -64
0 1 7 14.0
1 0 7 -14.0
0 0 6 14.0
1 5 5 -14.0
0 5 6 14.0
1 4 6 -14.0
0 4 7 14.0
1 5 7 -14.0
0 7 7 14.0
1 6 7 -14.0
0 7 0 14.0
1 6 1 -14.0
0 1 1 14.0
1 0 0 -14.0
0 0 1 14.0
