1 2 4 -4.0
0 4 5 4.0
1 5 2 -4.0
0 4 2 4.0
1 5 3 -4.0
0 2 3 4.0
1 5 4 -4.0
0 6 2 4.0
1 5 1 -4.0
0 6 3 4.0
1 5 5 -4.0
0 4 1 4.0
1 7 2 -4.0
0 3 5 4.0
1 7 3 -4.0
0 6 4 4.24
1 7 4 -2.58
0 7 5 -0.03
1 7 6 -1.8
0 6 5 2.11
1 5 6 -4.03
0 4 6 3.88
1 2 6 -2.94
0 1 4 2.58
1 2 5 -1.91
0 1 5 1.38
1 3 2 -1.15
0 2 1 1.48
1 3 7 -1.03
0 2 2 0.53
1 3 6 -0.74
0 2 7 1.79
1 0 5 -1.46
0 0 4 0.86
1 0 3 -1.0
0 1 3 1.06
1 0 6 -2.59
0 6 1 3.13
1 3 0 -3.36
0 4 0 2.96
1 0 2 -2.49
0 1 2 3.41
1 0 1 -1.79
0 2 0 64
1 3 1 -64
0 1 1 4.0
1 0 0 -4.0
0 1 0 4.0
1 7 0 -4.0
0 7 1 4.0
1 1 7 -4.0
0 5 7 4.0
1 4 7 -4.0
0 0 7 4.0
1 1 6 -4.0
0 7 7 4.0
1 6 6 -4.0
0 6 7 4.0
1 5 0 -4.0
