1 2 4 4.0
0 2 5 -4.0
1 3 5 4.0
0 4 5 -4.0
1 3 6 4.0
0 1 4 -4.0
1 5 4 4.0
0 2 3 -4.0
1 5 3 4.0
0 4 6 -4.0
1 2 6 4.0
0 3 7 -4.0
1 2 7 2.06
0 1 7 -4.0
1 4 7 4.0
0 5 7 -4.0
1 1 5 -2.37
0 5 5 2.98
1 5 2 -3.71
0 5 6 5.3
1 3 2 -6.67
0 0 5 7.59
1 1 2 -8.05
0 4 2 7.22
1 0 3 -6.41
0 0 4 6.17
1 6 5 -5.96
0 0 2 5.21
1 1 3 -5.02
0 7 5 4.7
1 7 6 -2.14
0 7 4 3.55
1 7 3 -2.17
0 1 1 2.48
1 5 1 -5.47
0 2 2 6.28
1 1 6 -6.55
0 0 7 5.7
1 2 1 -6.64
0 2 0 5.27
1 0 6 -3.96
0 3 1 2.52
1 3 0 -1.55
0 4 0 -64
1 0 0 64
0 0 1 -4.0
1 1 0 4.0
0 4 1 -4.0
1 5 0 4.0
0 6 3 -4.0
1 6 2 4.0
0 7 2 -4.0
1 7 1 4.0
0 6 4 -4.0
1 6 1 4.0
0 7 0 -4.0
1 6 0 4.0
0 7 7 -4.0
1 6 6 4.0
0 6 7 -4.0
