1 2 4 0.0
0 4 5 0.0
1 5 2 0.0
0 4 2 0.0
1 5 3 0.0
0 2 3 0.0
1 2 5 0.0
0 2 2 0.0
1 3 5 0.0
0 3 6 0.0
1 2 6 0.0
0 5 4 0.0
1 3 2 0.0
0 3 1 0.0
1 1 3 0.0
0 4 1 0.0
1 2 1 0.0
0 1 5 0.0
1 5 6 0.0
0 1 4 0.0
1 1 2 -0.24
0 0 3 2.19
1 2 7 -2.19
0 6 4 3.85
1 6 5 -3.85
0 5 5 3.85
1 5 0 -4.51
0 4 0 3.8
1 4 6 -4.31
0 6 3 5.39
1 0 2 -5.29
0 0 4 4.67
1 3 0 -3.98
0 1 0 2.96
1 7 3 -2.84
0 7 4 4.08
1 7 5 -5.15
0 5 1 4.91
1 7 2 -4.74
0 6 6 2.9
1 6 0 -3.11
0 3 7 4.48
1 6 2 -4.41
0 5 7 0
1 0 5 0
0 1 7 0.0
1 4 7 0.0
0 6 7 0.0
1 0 7 0.0
0 1 1 0.0
1 7 7 0.0
0 7 6 0.0
1 0 0 0.0
0 0 1 0.0
1 1 6 0.0
0 6 1 0.0
1 2 0 0.0
0 0 6 0.0
1 7 0 0.0
0 7 1 0.0
