1 5 3 -28.0
0 3 2 28.0
1 2 5 -28.0
0 3 5 28.0
1 2 4 -28.0
0 5 4 28.0
1 5 2 -28.0
0 6 3 28.0
1 4 2 -28.0
0 3 1 28.0
1 4 5 -28.0
0 2 3 28.0
1 5 5 -28.0
0 4 1 28.0
1 7 3 -28.0
0 4 6 28.0
1 2 2 -28.0
0 3 6 28.0
1 2 6 -28.0
0 1 5 2.02
1 0 5 -1.75
0 1 4 2.32
1 0 4 -4.9
0 1 3 5.95
1 0 3 -6.24
0 6 2 6.26
1 2 7 -5.4
0 5 6 4.18
1 5 7 -4.03
0 1 2 2.67
1 6 4 -4.19
0 7 2 5.3
1 6 5 -5.55
0 3 7 7.26
1 4 7 -7.84
0 7 4 7.66
1 3 0 -7.18
0 4 0 7.83
1 5 0 -8.27
0 2 1 8.11
1 2 0 -7.71
0 7 5 7.2
1 5 1 -8.07
0 1 1 64
1 7 6 -64
0 7 7 28.0
1 0 0 -28.0
0 6 6 28.0
1 0 2 -28.0
0 6 7 28.0
1 1 0 -28.0
0 0 1 28.0
1 7 1 -28.0
0 1 7 28.0
0 1 6 28.0
1 0 7 -28.0
0 0 6 28.0
0 6 0 28.0
1 7 0 -28.0
0 6 1 28.0
