1 2 4 -10.0
0 4 5 10.0
1 5 4 -10.0
0 2 3 10.0
1 3 2 -10.0
0 2 5 10.0
1 2 2 -10.0
0 3 1 -5.7
1 1 3 5.13
0 5 2 -6.53
1 3 5 7.04
0 3 6 -6.69
1 5 3 5.46
0 1 2 -5.97
1 4 6 5.57
0 0 4 -2.92
1 3 7 0.03
0 1 4 0.88
1 1 5 0.29
0 2 6 -1.52
1 0 5 2.2
0 4 2 -2.37
1 2 7 2.46
0 5 7 -2.95
1 5 6 2.68
0 0 6 -1.49
1 5 1 0.49
0 6 3 -1.5
1 7 2 1.32
0 6 2 -0.17
1 7 3 -0.47
0 6 4 1.63
1 4 1 -0.64
0 1 6 0.06
1 2 0 -0.16
0 5 5 0.78
1 2 1 -0.13
0 1 1 0.34
1 7 5 -1.78
0 4 7 0.97
1 6 5 0.27
0 4 0 0.99
1 3 0 -2.17
0 1 0 64
1 0 7 -64
0 5 0 10.0
1 6 6 -10.0
0 7 7 10.0
1 7 6 -10.0
0 6 7 10.0
1 0 0 -10.0
0 0 1 10.0
1 6 0 -10.0
0 1 7 10.0
1 6 1 -10.0
0 7 0 10.0
1 7 1 -10.0
0 7 4 10.0
1 0 3 -10.0
0 0 2 10.0
