1 4 2 22.0
0 5 4 -22.0
1 4 5 22.0
0 3 2 -22.0
1 2 3 22.0
0 5 5 -22.0
1 2 4 22.0
0 5 2 -22.0
1 5 3 22.0
0 6 4 -22.0
1 3 1 22.0
0 3 5 -22.0
1 4 1 22.0
0 2 5 -22.0
1 6 2 22.0
0 1 4 5.06
1 1 5 -5.06
0 0 5 5.06
1 7 5 -9.15
0 7 4 7.18
1 7 3 -6.82
0 6 3 5.46
1 6 5 -5.91
0 5 1 5.47
1 4 0 -4.1
0 1 2 2.77
1 5 6 -2.95
0 5 7 3.51
1 4 6 -2.68
0 2 1 0.94
1 2 2 -0.59
0 3 0 -1.15
1 2 0 1.56
0 1 1 -1.99
1 0 0 3.11
0 4 7 -4.8
1 0 3 7.63
0 6 6 -11.24
1 7 7 15.43
0 0 2 -18.65
1 0 1 20.3
0 6 1 -18.32
1 1 3 16.87
0 7 2 -64
1 0 4 64
0 1 0 -22.0
1 3 7 22.0
0 2 7 -22.0
1 6 7 22.0
0 3 6 -22.0
1 1 7 22.0
0 5 0 -22.0
1 7 0 22.0
0 7 6 -22.0
1 0 6 22.0
0 1 6 -22.0
1 2 6 22.0
0 7 1 -22.0
1 6 0 22.0
