1 5 3 -2.0
0 5 2 2.0
1 4 2 -2.0
0 3 2 2.0
1 5 1 -2.0
0 4 5 2.0
1 3 1 -2.0
0 4 1 2.0
1 3 0 -2.0
0 5 0 2.0
1 2 2 -2.0
0 2 3 -0.69
1 3 5 1.63
0 6 3 -1.42
1 1 3 0.27
0 1 2 -1.07
1 2 4 0.48
0 2 0 -0.69
1 4 0 1.32
0 5 4 0.09
1 1 4 -0.97
0 2 1 1.27
1 0 2 -1.1
0 3 6 0.86
1 5 6 -2.52
0 2 5 2.66
1 6 2 -1.83
0 5 5 2.69
1 1 5 -2.39
0 6 4 2.66
1 2 6 -0.6
0 5 7 -1.69
1 3 7 2.24
0 2 7 -3.04
1 4 6 3.36
0 0 5 -1.53
1 1 7 -0.72
0 4 7 1.69
1 6 7 -1.89
0 0 4 1.57
1 0 3 -2.24
0 1 6 2.48
1 0 7 -2.03
0 0 6 64
1 7 5 -64
0 7 4 2.0
1 6 6 -2.0
0 1 1 2.0
1 6 5 -2.0
0 7 3 2.0
1 0 0 -2.0
0 7 2 2.0
1 1 0 -2.0
0 0 1 2.0
1 6 0 -2.0
0 7 7 2.0
1 7 6 -2.0
0 6 1 2.0
1 7 0 -2.0
0 7 1 2.0
