1 5 3 12.0
0 3 2 -12.0
1 2 4 12.0
0 3 5 -12.0
1 2 5 12.0
0 5 4 -12.0
1 2 3 12.0
0 1 4 -12.0
1 1 5 12.0
0 2 6 -12.0
1 3 1 12.0
0 2 2 -12.0
1 4 2 12.0
0 1 3 -12.0
1 0 3 12.0
0 1 2 -3.98
1 0 2 4.13
0 4 0 -4.32
1 6 5 3.11
0 5 1 -3.28
1 5 2 2.88
0 6 3 -3.5
1 2 0 2.81
0 2 1 -2.52
1 3 0 3.69
0 1 0 -4.09
1 4 5 3.39
0 6 2 -2.21
1 4 1 0.13
0 5 0 -0.67
1 2 7 0.24
0 5 5 0.06
1 6 4 -0.61
0 4 6 1.5
1 0 4 -2.56
0 7 4 3.51
1 7 3 -1.91
0 7 5 1.9
1 7 6 -2.16
0 7 2 2.34
1 7 1 -1.55
0 1 6 1.52
1 3 7 -1.16
0 0 6 -64
1 3 6 64
0 0 5 -12.0
1 5 6 12.0
0 0 1 -12.0
1 0 7 12.0
0 1 1 -12.0
1 0 0 12.0
0 4 7 -12.0
1 5 7 12.0
0 1 7 -12.0
1 6 0 12.0
0 6 6 -12.0
1 7 7 12.0
0 6 7 -12.0
1 6 1 12.0
0 7 0 -12.0
