1 2 4 28.0
0 4 5 -28.0
1 5 2 28.0
0 4 2 -28.0
1 5 3 28.0
0 2 3 -28.0
1 5 4 28.0
0 6 2 -28.0
1 3 1 28.0
0 3 2 -28.0
1 4 1 28.0
0 6 3 9.3
1 7 2 -9.3
0 5 1 9.3
1 2 2 -11.52
0 4 0 11.48
1 7 3 -10.97
0 6 4 10.69
1 3 0 -10.91
0 3 5 12.37
1 5 0 -13.55
0 2 0 13.45
1 1 0 -13.28
0 2 1 13.73
1 7 5 -15.01
0 7 4 14.13
1 6 5 -13.34
0 7 1 10.96
1 7 0 -11.03
0 5 5 15.31
1 2 6 -16.28
0 2 5 10.54
1 1 5 -5.33
0 7 6 0.27
1 6 6 1.32
0 3 6 -3.69
1 2 7 12.52
0 5 6 -17.59
1 6 7 18.98
0 4 6 -18.77
1 5 7 18.58
0 1 6 -20.09
1 3 7 21.16
0 1 1 -64
1 4 7 64
0 6 0 -28.0
1 6 1 28.0
0 0 0 -28.0
1 1 2 28.0
0 0 5 -28.0
1 7 7 28.0
0 1 7 -28.0
1 0 4 28.0
0 0 3 -28.0
1 1 4 28.0
0 1 3 -28.0
1 0 7 28.0
1 0 6 28.0
1 0 2 28.0
0 0 1 -28.0
