1 4 2 24.0
0 5 2 -24.0
1 5 3 24.0
0 3 2 -24.0
1 5 1 24.0
0 6 2 -24.0
1 4 1 24.0
0 6 3 -24.0
1 5 4 7.63
0 5 5 -7.47
1 4 5 7.76
0 6 4 -7.23
1 7 5 6.53
0 7 4 -6.84
1 3 5 5.74
0 3 1 -5.18
1 6 5 5.06
0 2 6 -4.7
1 2 4 4.71
0 4 6 -5.78
1 2 3 6.27
0 2 2 -6.3
1 3 6 4.79
0 5 6 -4.1
1 4 7 4.22
0 1 3 -4.38
1 1 2 4.44
0 2 5 -4.8
1 7 3 6.02
0 7 2 -6.91
1 7 1 6.61
0 6 6 -6.69
1 2 0 7.81
0 2 7 -10.7
1 2 1 11.29
0 5 7 -12.35
1 7 6 13.18
0 3 7 -13.66
1 0 4 12.69
0 0 2 -11.0
1 1 4 11.8
0 0 3 -13.84
1 7 7 13.38
0 6 7 -64
1 1 5 64
0 0 5 -24.0
1 1 6 24.0
0 0 7 -24.0
1 1 7 24.0
0 6 0 -24.0
1 5 0 24.0
0 6 1 -24.0
1 0 6 24.0
0 4 0 -24.0
1 3 0 24.0
0 1 0 -24.0
1 7 0 24.0
1 0 0 24.0
1 0 1 24.0
0 1 1 -24.0
