1 2 4 4.0
0 4 5 -4.0
1 5 2 4.0
0 4 2 -4.0
1 5 3 4.0
0 2 3 -4.0
1 5 4 4.0
0 6 2 -4.0
1 5 1 4.0
0 3 2 -4.0
1 4 1 4.0
0 5 5 -4.0
1 6 3 4.0
0 7 2 -4.0
1 1 3 4.0
0 2 2 -4.0
1 3 5 4.0
0 2 6 -4.0
1 6 4 4.0
0 7 3 -4.0
1 7 5 2.2
0 3 0 -3.44
1 4 0 3.34
0 5 0 -2.75
1 5 6 2.48
0 2 5 -3.11
1 2 1 2.91
0 7 4 -3.98
1 7 1 4.14
0 3 6 -3.28
1 3 1 3.26
0 6 5 -3.3
1 3 7 3.16
0 1 2 -3.26
1 4 6 3.06
0 2 0 -1.91
1 1 4 1.21
0 0 3 -2.23
1 7 6 0.5
0 2 7 1.25
1 1 5 -0.66
0 0 4 -0.68
1 4 7 2.29
0 5 7 -64
1 6 1 64
0 6 6 -4.0
1 7 7 4.0
0 1 7 -4.0
1 0 2 4.0
0 6 7 -4.0
1 0 7 4.0
0 0 5 -4.0
1 0 6 4.0
0 1 6 -4.0
1 1 0 4.0
0 0 1 -4.0
1 0 0 4.0
0 1 1 -4.0
1 6 0 4.0
0 7 0 -4.0
