1 5 3 -12.0
0 3 2 12.0
1 2 5 -12.0
0 3 5 12.0
1 2 4 -12.0
0 5 4 12.0
1 2 3 -12.0
0 1 5 12.0
1 4 6 -12.0
0 4 5 12.0
1 3 6 -12.0
0 1 4 9.3
1 0 5 -6.45
0 2 2 7.59
1 4 2 -8.23
0 2 6 7.55
1 3 7 -7.29
0 5 7 6.25
1 4 7 -6.34
0 5 5 6.5
1 6 7 -6.48
0 6 2 7.91
1 3 1 -7.34
0 5 2 6.99
1 6 3 -7.59
0 7 3 7.34
1 5 6 -6.33
0 6 4 7.49
1 1 2 -8.16
0 1 3 8.01
1 0 2 -8.35
0 0 4 8.78
1 0 3 -8.13
0 1 7 8.42
1 2 1 -8.87
0 1 6 7.82
1 4 1 -8.8
0 2 7 7.79
1 0 7 -6.92
0 0 6 6.24
1 6 5 -6.1
0 5 0 5.66
1 4 0 -6.66
0 5 1 7.7
1 6 0 -8.44
0 7 6 8.06
1 7 2 -8.42
0 7 1 8.18
1 7 4 -7.2
0 7 5 5.45
1 6 6 -3.42
0 2 0 4.44
1 3 0 -5.95
0 7 0 12.0
1 6 1 -12.0
0 7 7 12.0
0 1 0 12.0
1 1 1 -12.0
0 0 1 12.0
1 0 0 -12.0
