1 2 4 20.0
0 4 5 -20.0
1 5 2 20.0
0 4 2 -20.0
1 5 3 20.0
0 6 2 -20.0
1 4 1 1.59
0 2 3 -3.46
1 7 2 2.97
0 2 5 -1.48
1 6 4 1.25
0 6 3 -1.91
1 5 4 1.1
0 7 3 -1.76
1 3 2 2.9
0 7 5 -2.75
1 3 5 4.52
0 3 1 -5.32
1 5 5 5.51
0 2 6 -5.6
1 5 1 6.83
0 2 2 -8.26
1 3 6 8.57
0 4 7 -8.92
1 2 0 8.64
0 5 6 -9.19
1 7 4 8.55
0 7 1 -9.27
1 4 6 9.35
0 2 1 -9.32
1 6 6 7.75
0 6 5 -7.61
1 3 7 8.7
0 2 7 -8.17
1 6 7 8.22
0 3 0 -7.4
1 4 0 5.81
0 6 0 -4.58
1 1 5 3.98
0 0 5 -3.77
1 1 3 1.78
0 0 3 -3.27
1 0 4 4.02
0 1 4 -64
1 1 2 64
0 7 7 -20.0
1 0 2 20.0
0 5 7 -20.0
1 0 6 20.0
0 1 0 -20.0
1 0 0 20.0
0 0 1 -20.0
1 1 1 20.0
0 0 7 -20.0
1 1 6 20.0
0 5 0 -20.0
1 1 7 20.0
1 7 6 20.0
1 7 0 20.0
1 6 1 20.0
