1 4 2 -4.0
0 5 4 4.0
1 2 5 -4.0
0 2 4 4.0
1 3 5 -4.0
0 3 2 4.0
1 2 3 -4.0
0 2 2 4.0
1 5 3 -4.0
0 3 6 0.95
1 5 5 -0.45
0 2 6 1.46
1 1 2 -1.58
0 4 1 2.1
1 1 3 -2.32
0 5 2 2.0
1 3 1 -1.47
0 4 5 2.59
1 1 4 -3.04
0 3 0 3.13
1 2 1 -3.16
0 1 5 3.44
1 2 0 -3.87
0 5 1 4.71
1 6 2 -4.34
0 6 4 3.66
1 5 6 -5.27
0 4 6 6.7
1 3 7 -7.55
0 2 7 8.04
1 4 7 -7.55
0 6 3 7.5
1 0 5 -6.77
0 1 6 6.55
1 6 0 -5.55
0 0 2 6.19
1 0 4 -6.88
0 0 3 8.16
1 6 5 -7.66
0 7 3 7.44
1 7 2 -8.18
0 7 1 6.21
1 0 7 -4.39
0 4 0 64
1 5 0 -64
0 1 1 4.0
1 1 7 -4.0
0 5 7 4.0
1 6 7 -4.0
0 0 6 4.0
1 1 0 -4.0
0 7 4 4.0
1 7 5 -4.0
0 7 6 4.0
1 0 1 -4.0
0 0 0 4.0
1 6 6 -4.0
0 7 7 4.0
1 6 1 -4.0
0 7 0 4.0
