1 4 2 4.0
0 5 4 -4.0
1 4 5 4.0
0 3 2 -4.0
1 2 3 4.0
0 5 5 -4.0
1 2 4 4.0
0 5 2 -4.0
1 5 3 4.0
0 6 4 -4.0
1 2 1 4.0
0 3 5 -4.0
1 3 6 4.0
0 2 6 -4.0
1 4 1 4.0
0 2 5 -4.0
1 4 6 4.0
0 1 3 -4.0
1 1 2 4.0
0 1 4 -4.0
1 6 5 -5.77
0 2 2 5.53
1 3 1 -5.83
0 5 0 5.13
1 7 4 -5.8
0 3 0 5.51
1 6 3 -4.67
0 6 2 4.45
1 4 0 -5.63
0 5 1 5.6
1 2 0 -6.24
0 1 0 6.02
1 7 1 -6.59
0 3 7 6.34
1 0 3 -5.78
0 0 4 4.78
1 0 5 -4.37
0 0 2 4.3
1 4 7 -3.45
0 5 7 2.37
1 2 7 -3.52
0 5 6 3.5
1 1 5 -2.97
0 0 6 -64
1 1 6 64
0 0 7 -4.0
1 1 7 4.0
0 7 5 -4.0
1 7 6 4.0
0 6 6 -4.0
1 6 1 4.0
0 7 0 -4.0
1 6 0 4.0
0 7 3 -4.0
1 7 2 4.0
0 7 7 -4.0
1 0 0 4.0
1 6 7 4.0
1 1 1 4.0
0 0 1 -4.0
