1 4 2 -18.0
0 5 4 18.0
1 3 5 -18.0
0 4 1 18.0
1 5 5 -18.0
0 4 5 18.0
1 5 2 -18.0
0 3 2 18.0
1 5 3 -18.0
0 6 4 18.0
1 6 3 0.92
0 6 5 0.39
1 4 6 -0.39
0 7 2 0.39
1 5 1 -0.39
0 6 2 0.39
1 5 6 -0.39
0 2 3 0.73
1 2 2 -0.73
0 2 4 0.73
1 7 4 0.44
0 3 7 -2.76
1 2 1 1.55
0 2 6 -0.38
1 4 7 -0.85
0 3 1 2.21
1 2 7 -2.25
0 1 3 2.05
1 4 0 -1.25
0 3 6 2.16
1 2 0 -3.53
0 3 0 4.23
1 7 5 -5.57
0 7 3 5.27
1 7 1 -4.7
0 1 2 4.23
1 0 3 -6.41
0 1 4 8.04
1 6 6 -7.48
0 5 7 7.97
1 0 2 -9.37
0 5 0 9.84
1 6 0 -11.65
0 7 7 64
1 0 5 -64
0 0 4 18.0
1 1 5 -18.0
0 7 6 18.0
1 6 1 -18.0
0 1 1 18.0
1 2 5 -18.0
0 7 0 18.0
1 1 0 -18.0
0 0 0 18.0
1 0 1 -18.0
0 1 6 18.0
1 1 7 -18.0
0 0 7 18.0
1 0 6 -18.0
1 6 7 -18.0
