1 4 2 -6.0
0 5 4 6.0
1 2 5 -6.0
0 3 2 6.0
1 5 3 -6.0
0 2 2 -0.31
1 2 3 0.31
0 4 1 -0.7
1 5 2 4.15
0 3 5 -1.52
1 5 5 0.3
0 2 4 0.37
1 4 5 -0.61
0 6 2 0.83
1 5 1 0.47
0 6 3 0.66
1 1 4 -0.4
0 5 0 1.06
1 4 0 -1.85
0 6 5 2.09
1 6 4 -2.59
0 3 1 2.72
1 6 0 -2.49
0 7 5 2.23
1 7 2 -1.18
0 7 4 0.38
1 7 1 -0.31
0 5 6 0.13
1 4 6 -1.84
0 3 7 4.1
1 6 1 -4.39
0 3 6 3.77
1 7 3 -3.52
0 2 6 3.26
1 3 0 -2.91
0 7 0 2.23
1 2 1 -1.63
0 1 0 2.17
1 1 2 -1.95
0 0 5 2.2
1 1 3 -2.84
0 0 3 3.63
1 0 4 -5.03
0 0 2 64
1 1 5 -64
0 1 6 6.0
1 2 7 -6.0
0 1 7 6.0
1 0 7 -6.0
0 0 6 6.0
1 4 7 -6.0
0 5 7 6.0
1 1 1 -6.0
0 0 0 6.0
1 0 1 -6.0
0 2 0 6.0
1 6 7 -6.0
0 6 6 6.0
1 7 7 -6.0
0 7 6 6.0
