1 5 3 0.0
0 5 2 0.0
1 4 2 0.0
0 3 2 0.0
1 2 3 0.0
0 4 5 0.0
1 4 1 0.0
0 2 4 0.0
1 5 4 0.0
0 3 1 0.0
1 3 5 5.41
0 2 5 -5.06
1 2 2 6.57
0 1 3 -6.63
1 1 4 6.27
0 1 2 -5.95
1 0 2 4.6
0 0 5 -3.84
1 2 0 3.91
0 0 4 -4.27
1 2 1 4.72
0 5 0 -6.67
1 4 0 7.45
0 5 5 -6.99
1 3 6 6.46
0 2 7 -6.66
1 6 3 6.23
0 4 6 -5.92
1 1 5 6.01
0 2 6 -5.2
1 5 7 4.72
0 3 7 -4.55
1 1 6 4.09
0 3 0 -5.63
1 6 0 4.6
0 1 1 -3.36
1 0 6 3.6
0 5 1 -5.01
1 6 4 3.83
0 6 5 -3.36
1 6 2 5.47
0 7 3 -4.13
1 0 0 0.53
0 0 1 0
1 4 7 0
0 5 6 0.0
1 1 7 0.0
0 7 2 0.0
1 6 1 0.0
0 0 7 0.0
1 1 0 0.0
0 6 7 0.0
1 7 5 0.0
0 7 4 0.0
1 7 1 0.0
0 7 0 0.0
1 7 6 0.0
0 0 3 0.0
1 6 6 0.0
0 7 7 0.0
