1 5 3 -12.0
0 5 2 12.0
1 4 2 -12.0
0 5 4 12.0
1 5 5 -12.0
0 2 3 12.0
1 2 4 -5.35
0 3 2 4.84
1 2 2 -5.06
0 4 5 5.82
1 3 5 -7.43
0 2 5 7.23
1 2 6 -7.4
0 1 3 6.77
1 1 2 -6.86
0 1 4 5.95
1 0 4 -6.71
0 0 3 7.56
1 0 2 -6.68
0 1 5 5.64
1 0 5 -6.65
0 2 1 6.09
1 3 0 -6.44
0 1 0 5.63
1 6 4 -5.33
0 7 5 4.95
1 6 3 -5.09
0 6 5 4.16
1 7 4 -4.52
0 3 6 4.02
1 2 7 -4.14
0 4 6 6.0
1 5 7 -6.27
0 5 6 4.23
1 4 1 -4.92
0 3 1 5.28
1 5 1 -6.54
0 7 2 5.86
1 7 3 -6.63
0 3 7 6.5
1 7 1 -4.87
0 7 0 5.01
1 4 7 -5.52
0 6 2 64
1 2 0 -64
0 4 0 12.0
1 6 7 -12.0
0 1 6 12.0
1 6 6 -12.0
0 1 7 12.0
1 0 7 -12.0
0 0 6 12.0
1 5 0 -12.0
0 1 1 12.0
1 0 0 -12.0
0 0 1 12.0
1 7 6 -12.0
0 7 7 12.0
1 6 1 -12.0
0 6 0 12.0
