1 5 3 0.0
0 3 2 0.0
1 2 3 0.0
0 5 4 0.0
1 4 5 0.0
0 2 2 0.0
1 3 5 0.0
0 5 2 0.0
1 4 2 0.0
0 3 1 0.0
1 6 5 0.0
0 2 4 0.0
1 1 4 0.0
0 1 5 0.0
1 6 3 0.0
0 2 5 0.0
1 1 3 0.0
0 0 3 0.0
1 0 4 0.0
0 0 5 0.0
1 1 2 0.0
0 0 2 0.0
1 5 1 0.0
0 3 6 0.0
1 4 6 0.0
0 5 7 1.76
1 4 1 -3.09
0 5 6 3.41
1 2 0 -3.28
0 5 5 3.27
1 2 7 -7.65
0 4 7 6.8
1 2 1 -6.34
0 7 4 5.63
1 6 6 -3.56
0 6 4 2.73
1 7 6 -0.63
0 7 3 2.17
1 7 5 -2.86
0 6 1 3.17
1 6 2 -3.02
0 7 2 3.18
1 3 7 -2.89
0 2 6 0
1 7 0 0
0 5 0 0.0
1 4 0 0.0
0 7 7 0.0
1 1 1 0.0
0 0 0 0.0
1 1 6 0.0
0 1 0 0.0
1 7 1 0.0
0 3 0 0.0
1 1 7 0.0
0 6 0 0.0
1 0 1 0.0
0 0 7 0.0
1 0 6 0.0
1 6 7 0.0
