1 2 4 -2.0
0 4 5 2.0
1 5 2 -2.0
0 4 2 2.0
1 5 3 -2.0
0 2 3 2.0
1 2 5 -2.0
0 2 2 2.0
1 1 3 -2.0
0 1 4 2.0
1 3 2 -2.0
0 3 1 2.0
1 4 1 0.03
0 0 2 -0.03
1 3 5 0.2
0 2 6 -0.2
1 0 3 0.2
0 0 4 0.31
1 1 2 0.0
0 4 6 0.0
1 3 6 0.0
0 5 4 0.0
1 6 5 0.0
0 4 7 1.34
1 3 0 -3.66
0 6 4 3.73
1 7 5 -3.3
0 6 3 3.33
1 7 4 -3.75
0 7 2 1.63
1 0 5 -2.38
0 0 6 3.63
1 1 5 -4.17
0 0 1 3.19
1 2 7 -3.91
0 3 7 4.86
1 5 7 -3.52
0 5 6 2.36
1 1 7 -2.02
0 6 6 2.65
1 1 1 -3.2
0 5 1 2.77
1 6 7 -1.62
0 5 5 64
1 7 3 -64
0 0 0 2.0
1 7 7 -2.0
0 7 6 2.0
1 2 1 -2.0
0 6 2 2.0
1 1 0 -2.0
0 4 0 2.0
1 5 0 -2.0
0 2 0 2.0
1 1 6 -2.0
0 6 1 2.0
1 6 0 -2.0
0 7 0 2.0
1 7 1 -2.0
0 0 7 2.0
