1 2 4 -6.0
0 4 5 6.0
1 5 2 -6.0
0 4 2 6.0
1 5 3 -6.0
0 2 3 6.0
1 5 4 -6.0
0 6 2 6.0
1 5 1 -6.0
0 3 2 6.0
1 4 1 -6.0
0 5 5 6.0
1 6 3 -6.0
0 6 4 6.0
1 7 2 -6.0
0 3 1 3.52
1 1 3 -2.79
0 2 2 3.84
1 3 5 -3.45
0 4 0 3.02
1 7 5 -3.19
0 7 4 2.91
1 7 3 -2.83
0 5 0 2.63
1 2 0 -1.84
0 3 0 1.45
1 6 0 -2.15
0 6 1 4.16
1 4 6 -5.66
0 2 5 5.85
1 1 2 -6.47
0 1 4 7.07
1 7 0 -6.71
0 2 1 6.8
1 0 5 -6.15
0 6 5 6.02
1 1 0 -5.65
0 7 1 5.84
1 5 6 -5.66
0 4 7 5.88
1 1 1 -6.88
0 0 3 7.7
1 0 4 -6.68
0 0 2 64
1 2 6 -64
0 0 6 6.0
1 5 7 -6.0
0 6 7 6.0
1 6 6 -6.0
0 1 7 6.0
1 2 7 -6.0
0 3 7 6.0
1 3 6 -6.0
0 1 5 6.0
1 1 6 -6.0
0 0 7 6.0
0 0 0 6.0
1 0 1 -6.0
0 7 6 6.0
1 7 7 -6.0
