1 4 2 4.0
0 5 4 -4.0
1 2 5 4.0
0 2 4 -4.0
1 3 5 4.0
0 3 2 -4.0
1 4 5 4.0
0 2 6 -4.0
1 1 5 4.0
0 5 3 -4.0
1 5 5 4.0
0 3 6 -4.0
1 4 6 4.0
0 1 4 -4.0
1 2 3 4.0
0 5 7 -4.0
1 0 5 4.0
0 3 1 -4.0
1 4 7 4.0
0 2 2 0.4
1 1 2 1.06
0 0 2 -2.4
1 1 3 2.2
0 0 3 -1.37
1 6 4 1.55
0 3 7 -0.73
1 5 1 -1.09
0 5 2 1.25
1 4 1 -0.1
0 0 4 0.09
1 0 1 -0.33
0 6 5 0.43
1 3 0 -2.12
0 2 1 0.7
1 0 6 0.39
0 7 4 -0.95
1 2 0 0.73
0 1 1 0.2
1 6 2 -1.4
0 5 6 1.68
1 6 3 -3.1
0 7 3 1.68
1 1 7 -1.36
0 7 2 -64
1 7 6 64
0 7 5 -4.0
1 7 1 4.0
0 1 0 -4.0
1 0 0 4.0
0 4 0 -4.0
1 5 0 4.0
0 1 6 -4.0
1 6 7 4.0
0 7 7 -4.0
1 6 6 4.0
0 7 0 -4.0
1 0 7 4.0
0 6 1 -4.0
1 2 7 4.0
1 6 0 4.0
