1 2 4 -18.0
0 2 5 18.0
1 3 5 -18.0
0 2 3 18.0
1 3 2 -18.0
0 4 5 18.0
1 1 4 -18.0
0 4 2 18.0
1 5 3 -2.88
0 5 2 2.73
1 5 4 -1.93
0 6 4 2.84
1 5 6 -3.07
0 5 5 2.48
1 4 1 -2.84
0 5 7 2.73
1 6 2 -4.27
0 1 3 5.27
1 1 5 -4.98
0 2 2 6.01
1 4 6 -7.22
0 6 3 7.28
1 7 3 -7.96
0 6 5 8.63
1 2 6 -9.06
0 4 7 10.13
1 3 6 -12.46
0 3 7 12.96
1 7 5 -12.39
0 3 1 10.19
1 2 7 -9.84
0 1 7 11.35
1 7 4 -11.05
0 0 5 12.59
1 2 0 -15.23
0 0 4 15.02
1 1 2 -15.68
0 0 1 17.57
1 1 6 -17.19
0 2 1 16.7
1 1 0 -17.34
0 5 1 17.41
1 4 0 -15.77
0 6 0 64
1 6 6 -64
0 6 7 18.0
1 5 0 -18.0
0 7 7 18.0
1 7 6 -18.0
0 6 1 18.0
1 7 0 -18.0
0 3 0 18.0
1 7 1 -18.0
0 7 2 18.0
1 0 6 -18.0
0 0 7 18.0
1 0 2 -18.0
0 0 0 18.0
1 1 1 -18.0
0 0 3 18.0
