1 4 2 0.0
0 5 4 0.0
1 2 5 0.0
0 2 4 0.0
1 3 5 0.0
0 3 2 0.0
1 4 5 0.0
0 2 6 0.0
1 1 5 0.0
0 5 3 0.0
1 3 6 0.0
0 2 2 0.0
1 2 3 0.0
0 1 3 0.0
1 3 1 0.0
0 1 4 0.0
1 2 1 -1.81
0 4 7 2.3
1 0 2 -1.88
0 0 3 0.18
1 5 5 0.52
0 4 1 -1.05
1 0 4 1.73
0 4 6 -0.3
1 5 0 -0.15
0 5 6 -0.27
1 5 1 -1.51
0 1 2 4.48
1 2 7 -4.19
0 5 2 6.05
1 3 7 -6.56
0 0 6 5.04
1 6 5 -3.91
0 7 5 4.93
1 5 7 -4.45
0 6 4 4.22
1 1 1 -3.19
0 0 5 2.37
1 0 7 -0.9
0 1 7 0.27
1 1 6 -0.46
0 0 0 0.36
1 0 1 -1.69
0 6 6 0
1 6 2 0
0 6 3 0.0
1 7 2 0.0
0 7 3 0.0
1 7 6 0.0
0 7 1 0.0
1 7 4 0.0
0 7 7 0.0
1 6 7 0.0
0 3 0 0.0
1 4 0 0.0
0 1 0 0.0
1 2 0 0.0
0 6 0 0.0
1 6 1 0.0
0 7 0 0.0
