1 5 3 -4.0
0 3 2 4.0
1 2 3 -4.0
0 5 4 4.0
1 4 5 -4.0
0 2 2 4.0
1 3 5 -4.0
0 5 2 4.0
1 4 2 -4.0
0 3 1 4.0
1 6 4 -4.0
0 2 4 4.0
1 6 3 -4.0
0 2 5 4.0
1 1 4 -4.0
0 4 6 4.0
1 5 5 -4.0
0 3 6 3.58
1 2 7 -5.05
0 3 7 6.78
1 1 3 -7.71
0 6 2 6.76
1 2 6 -5.32
0 1 2 3.95
1 5 7 -2.67
0 7 5 1.3
1 7 4 -0.3
0 4 7 -1.13
1 5 6 2.49
0 7 2 -5.61
1 7 3 7.24
0 6 5 -6.63
1 2 1 6.2
0 3 0 -5.66
1 6 6 5.44
0 0 3 -5.2
1 7 6 5.02
0 4 1 -3.63
1 0 4 1.8
0 0 5 -1.45
1 1 5 1.9
0 0 6 -1.48
1 0 2 0.34
0 1 6 64
1 0 7 -64
0 1 7 4.0
1 7 1 -4.0
0 7 7 4.0
1 6 7 -4.0
0 7 0 4.0
1 5 0 -4.0
0 4 0 4.0
1 6 1 -4.0
0 6 0 4.0
1 5 1 -4.0
0 1 1 4.0
1 1 0 -4.0
0 2 0 4.0
1 0 0 -4.0
0 0 1 4.0
