1 5 3 -16.0
0 5 2 16.0
1 4 2 -16.0
0 5 4 16.0
1 2 5 -16.0
0 3 2 16.0
1 5 5 -16.0
0 2 4 16.0
1 2 3 -16.0
0 1 4 16.0
1 0 3 -16.0
0 0 5 16.0
1 2 2 -16.0
0 1 3 16.0
1 0 2 -16.0
0 4 5 16.0
1 1 5 -0.63
0 5 6 -0.03
1 6 3 -0.91
0 3 5 1.01
1 6 5 -1.77
0 0 4 1.58
1 0 6 -2.91
0 6 2 3.9
1 3 1 -3.18
0 7 3 3.87
1 4 1 -5.99
0 6 4 6.18
1 2 6 -5.78
0 3 6 5.35
1 3 7 -5.34
0 1 1 5.05
1 2 1 -5.16
0 7 6 4.36
1 4 6 -2.77
0 1 0 3.09
1 1 6 -5.68
0 0 7 6.66
1 0 0 -9.26
0 0 1 11.8
1 7 5 -12.4
0 7 4 14.0
1 2 0 -15.66
0 1 2 64
1 6 7 -64
0 1 7 16.0
1 2 7 -16.0
0 4 7 16.0
1 5 1 -16.0
0 6 6 16.0
1 7 2 -16.0
0 7 1 16.0
1 7 7 -16.0
0 5 7 16.0
1 7 0 -16.0
0 3 0 16.0
1 4 0 -16.0
0 6 0 16.0
1 6 1 -16.0
0 5 0 16.0
