1 4 2 -10.0
0 5 4 10.0
1 4 5 -10.0
0 3 2 10.0
1 2 3 -10.0
0 5 2 10.0
1 5 3 -0.91
0 6 4 2.59
1 6 3 -2.63
0 5 5 1.85
1 6 2 -1.83
0 2 5 2.62
1 2 4 -2.84
0 7 3 2.02
1 7 2 -2.75
0 7 4 3.19
1 7 5 -3.04
0 6 5 4.39
1 4 6 -5.12
0 5 6 4.29
1 5 1 -5.38
0 3 7 5.66
1 5 7 -5.8
0 3 6 5.43
1 2 7 -5.15
0 4 7 2.82
1 3 5 -0.94
0 5 0 -1.06
1 2 2 0.7
0 1 4 -2.21
1 7 6 2.27
0 2 6 -3.24
1 1 3 3.63
0 3 1 -2.83
1 2 1 1.8
0 0 4 -1.0
1 1 5 0.73
0 1 2 0.41
1 2 0 -0.14
0 4 1 -0.15
1 4 0 -0.28
0 0 5 1.04
1 6 6 -3.21
0 7 7 64
1 6 7 -64
0 7 1 10.0
1 6 0 -10.0
0 3 0 10.0
1 6 1 -10.0
0 7 0 10.0
1 0 3 -10.0
0 0 2 10.0
1 1 1 -10.0
0 0 0 10.0
1 1 7 -10.0
0 0 7 10.0
1 0 1 -10.0
0 1 0 10.0
1 0 6 -10.0
0 1 6 10.0
