1 2 4 -4.0
0 4 5 4.0
1 5 4 -4.0
0 2 3 4.0
1 3 2 -4.0
0 5 5 4.0
1 4 2 -4.0
0 2 5 4.0
1 3 5 -4.0
0 2 6 -1.64
1 1 2 1.64
0 5 3 -1.64
1 3 6 1.64
0 5 2 -1.38
1 4 6 1.38
0 5 7 -1.38
1 4 7 3.34
0 2 1 -6.7
1 3 1 4.4
0 0 3 -3.59
1 1 3 5.29
0 3 7 -4.13
1 1 5 3.92
0 0 4 -3.51
1 6 4 1.78
0 5 6 -0.74
1 6 5 0.72
0 1 4 0.02
1 0 2 -0.66
0 0 1 1.15
1 6 2 -1.0
0 7 5 0.84
1 7 6 -1.56
0 7 4 1.23
1 7 3 -1.43
0 6 3 1.53
1 0 6 -1.15
0 5 1 0.23
1 4 1 0.75
0 2 2 0.02
1 4 0 0.41
0 2 0 -1.51
1 3 0 1.73
0 5 0 64
1 6 6 -64
0 7 7 4.0
1 6 1 -4.0
0 7 0 4.0
1 2 7 -4.0
0 6 0 4.0
1 0 5 -4.0
0 0 7 4.0
1 1 7 -4.0
0 1 6 4.0
1 6 7 -4.0
0 7 2 4.0
1 7 1 -4.0
1 1 0 -4.0
0 0 0 4.0
1 1 1 -4.0
