1 4 2 -6.0
0 5 4 6.0
1 2 5 -6.0
0 2 4 6.0
1 3 5 -6.0
0 3 2 6.0
1 4 5 -6.0
0 2 6 6.0
1 1 5 -6.0
0 3 6 6.0
1 2 3 -6.0
0 1 3 6.0
1 1 4 -6.0
0 2 2 6.0
1 5 6 -6.0
0 5 1 6.0
1 4 7 -6.0
0 3 7 0.96
1 3 1 -0.52
0 5 7 0.22
1 5 3 -1.52
0 4 1 1.48
1 2 1 -0.96
0 0 4 1.24
1 5 5 -0.82
0 6 4 -0.29
1 6 3 2.03
0 4 6 -1.17
1 5 0 1.52
0 1 2 -2.39
1 5 2 3.16
0 1 1 -4.3
1 7 4 3.66
0 6 7 -3.13
1 0 2 2.48
0 2 0 -1.56
1 6 5 0.55
0 3 0 0.46
1 0 3 -1.61
0 4 0 3.94
1 0 0 -3.64
0 0 5 2.27
1 1 7 -0.53
0 6 6 -0.63
1 1 0 1.06
0 7 3 -0.45
1 7 5 0.14
0 2 7 -3.25
1 7 7 6.58
0 6 1 -6.29
1 6 0 8.96
0 6 2 -8.91
1 7 1 4.77
0 7 2 6.0
1 1 6 -6.0
0 7 0 6.0
1 0 6 -6.0
0 0 7 6.0
0 0 1 6.0
0 7 6 6.0
