1 4 2 14.0
0 5 4 -14.0
1 2 5 14.0
0 2 4 -14.0
1 3 5 14.0
0 3 2 -14.0
1 5 3 14.0
0 5 2 -14.0
1 2 3 14.0
0 4 5 -14.0
1 5 5 14.0
0 5 6 -14.0
1 6 5 14.0
0 4 6 -14.0
1 6 3 -0.19
0 6 4 -0.24
1 3 6 0.48
0 7 5 0.85
1 6 2 -0.94
0 7 4 0.0
1 2 1 -0.16
0 2 2 0.0
1 4 7 0.34
0 1 3 -1.2
1 4 1 1.59
0 3 1 -1.35
1 3 0 2.2
0 1 5 -3.88
1 5 1 3.55
0 2 7 -3.54
1 3 7 3.56
0 5 7 -3.17
1 7 3 3.0
0 2 6 -3.25
1 1 2 4.32
0 0 2 -4.09
1 1 4 4.27
0 2 0 -3.15
1 0 6 3.37
0 4 0 -3.49
1 0 3 4.6
0 5 0 -6.84
1 0 1 7.43
0 7 2 -64
1 6 1 64
0 0 5 -14.0
1 0 4 14.0
0 1 1 -14.0
1 6 0 14.0
0 7 0 -14.0
1 6 6 14.0
0 7 7 -14.0
1 6 7 14.0
1 7 6 14.0
1 1 6 14.0
0 0 7 -14.0
1 7 1 14.0
0 0 0 -14.0
1 1 0 14.0
1 1 7 14.0
