1 4 2 -8.0
0 5 4 8.0
1 2 5 -8.0
0 2 4 8.0
1 3 5 -8.0
0 3 2 8.0
1 5 2 -8.0
0 2 2 8.0
1 5 3 -8.0
0 6 3 8.0
1 6 4 -8.0
0 5 1 8.0
1 4 1 -8.0
0 4 5 8.0
1 5 5 -8.0
0 6 2 8.0
1 7 3 -8.0
0 5 0 8.0
1 1 4 -8.0
0 7 5 6.44
1 2 3 -6.44
0 6 5 7.66
1 3 0 -10.66
0 4 0 10.93
1 7 4 -10.93
0 7 2 10.05
1 6 0 -8.93
0 3 1 8.33
1 2 0 -8.59
0 1 3 8.3
1 2 1 -7.65
0 3 6 6.78
1 2 6 -5.72
0 5 6 5.89
1 1 2 -5.2
0 0 5 4.13
1 4 7 -4.0
0 1 5 3.13
1 4 6 -4.29
0 0 2 4.3
1 6 1 -5.01
0 6 6 5.23
1 5 7 -3.94
0 7 0 64
1 1 1 -64
0 6 7 8.0
1 7 7 -8.0
0 3 7 8.0
1 7 1 -8.0
0 7 6 8.0
1 0 4 -8.0
0 0 3 8.0
1 2 7 -8.0
0 0 0 8.0
1 1 0 -8.0
0 1 7 8.0
1 0 7 -8.0
0 0 1 8.0
1 1 6 -8.0
0 0 6 8.0
