1 2 4 -30.0
0 4 5 30.0
1 5 4 -30.0
0 2 3 30.0
1 3 6 -30.0
0 5 5 7.38
1 3 2 -10.3
0 2 5 10.02
1 3 5 -9.13
0 4 6 9.67
1 1 2 -10.89
0 5 3 10.36
1 1 5 -9.91
0 5 2 9.91
1 1 4 -7.92
0 0 4 5.98
1 1 3 -4.62
0 2 7 3.63
1 5 6 -3.5
0 4 2 2.66
1 6 4 -2.79
0 6 5 2.9
1 2 2 -3.49
0 5 7 3.43
1 5 1 -4.17
0 7 5 3.77
1 2 6 -2.76
0 0 5 4.75
1 6 3 -7.31
0 5 0 7.77
1 6 2 -7.39
0 0 3 8.43
1 7 4 -9.17
0 0 2 9.95
1 7 6 -10.01
0 1 7 14.45
1 4 0 -19.8
0 3 0 24.62
1 6 6 -27.29
0 0 1 23.73
1 3 7 -22.72
0 4 7 23.48
1 6 7 -27.21
0 7 7 64
1 1 6 -64
0 2 1 30.0
1 2 0 -30.0
0 1 0 30.0
1 0 6 -30.0
0 0 7 30.0
1 1 1 -30.0
0 0 0 30.0
1 3 1 -30.0
0 7 2 30.0
1 7 3 -30.0
0 4 1 30.0
1 6 1 -30.0
0 7 0 30.0
1 6 0 -30.0
0 7 1 30.0
