1 4 2 -12.0
0 5 2 12.0
1 5 3 -12.0
0 3 2 12.0
1 2 3 -12.0
0 4 5 12.0
1 3 5 -12.0
0 6 3 12.0
1 4 6 -12.0
0 1 3 12.0
1 2 2 -12.0
0 1 2 12.0
1 4 1 -12.0
0 3 1 12.0
1 5 1 -12.0
0 5 4 12.0
1 2 0 -12.0
0 4 0 1.67
1 7 3 -3.18
0 6 4 2.77
1 6 2 -3.2
0 5 0 2.19
1 2 1 -2.88
0 3 0 2.76
1 6 0 -2.57
0 5 5 1.9
1 1 4 -1.59
0 2 4 0.9
1 1 5 -0.24
0 2 6 0.77
1 2 5 -0.38
0 5 6 2.0
1 1 0 -2.76
0 7 4 3.54
1 7 5 -4.55
0 4 7 4.15
1 6 5 -4.2
0 7 2 4.2
1 7 1 -3.58
0 0 5 3.52
1 5 7 -3.32
0 3 6 3.8
1 1 7 -3.77
0 2 7 64
1 3 7 -64
0 6 6 12.0
1 1 6 -12.0
0 0 7 12.0
1 7 6 -12.0
0 0 6 12.0
1 0 4 -12.0
0 0 3 12.0
1 0 2 -12.0
0 0 1 12.0
1 6 1 -12.0
0 7 0 12.0
1 1 1 -12.0
0 0 0 12.0
0 7 7 12.0
1 6 7 -12.0
