1 2 4 -8.0
0 4 5 8.0
1 5 4 -8.0
0 2 3 8.0
1 3 2 -8.0
0 5 5 8.0
1 4 2 -8.0
0 2 5 8.0
1 3 5 -8.0
0 4 6 8.0
1 1 2 -8.0
0 5 3 8.0
1 1 4 -8.0
0 5 2 8.0
1 2 6 -8.0
0 4 1 8.0
1 3 6 -8.0
0 2 1 8.0
1 5 7 -8.0
0 2 2 8.0
1 5 6 -8.0
0 0 2 6.73
1 6 5 -6.85
0 1 3 7.41
1 6 4 -8.2
0 0 5 9.16
1 6 2 -9.12
0 1 5 10.89
1 5 1 -11.14
0 2 7 10.55
1 0 3 -9.84
0 7 2 8.56
1 7 3 -8.41
0 5 0 7.1
1 7 1 -6.67
0 0 4 7.05
1 6 1 -7.31
0 3 7 7.49
1 4 7 -6.96
0 6 7 6.5
1 3 0 -7.52
0 3 1 6.05
1 1 0 -4.71
0 2 0 64
1 4 0 -64
0 0 0 8.0
1 0 6 -8.0
0 0 7 8.0
1 1 7 -8.0
0 1 6 8.0
1 7 7 -8.0
0 6 6 8.0
1 7 5 -8.0
0 6 3 8.0
1 1 1 -8.0
0 0 1 8.0
1 6 0 -8.0
0 7 0 8.0
1 7 4 -8.0
0 7 6 8.0
