1 5 3 0.0
0 3 2 0.0
1 2 4 0.0
0 3 5 0.0
1 4 2 0.0
0 5 4 0.0
1 4 5 0.0
0 5 5 0.0
1 2 5 0.0
0 1 4 -1.19
1 2 3 1.09
0 2 2 -0.72
1 0 5 -0.2
0 1 5 -0.21
1 3 6 0.47
0 2 6 -0.62
1 2 7 0.35
0 5 1 0.65
1 0 4 -1.87
0 6 4 1.65
1 5 6 -2.81
0 4 6 3.27
1 5 7 -2.7
0 3 7 0.95
1 4 7 -1.75
0 5 2 1.88
1 3 1 -1.26
0 2 1 0.71
1 1 3 -1.04
0 1 2 0.38
1 6 5 -0.45
0 4 1 2.3
1 7 4 -0.88
0 6 6 0.83
1 6 3 -1.78
0 7 6 1.56
1 0 1 -2.81
0 7 2 3.52
1 7 3 -2.32
0 7 5 0.95
1 6 2 -2.13
0 1 1 1.79
1 4 0 -1.49
0 5 0 0
1 7 7 0
0 6 1 0.0
1 0 0 0.0
0 0 2 0.0
1 0 3 0.0
0 3 0 0.0
1 7 0 0.0
0 6 7 0.0
1 1 0 0.0
0 2 0 0.0
1 7 1 0.0
0 6 0 0.0
0 0 6 0.0
1 1 6 0.0
0 1 7 0.0
1 0 7 0.0
