1 5 3 12.0
0 3 2 -12.0
1 2 5 12.0
0 3 5 -12.0
1 2 4 12.0
0 5 4 -12.0
1 2 3 12.0
0 1 4 -12.0
1 1 3 12.0
0 2 2 -12.0
1 5 5 12.0
0 4 2 -12.0
1 4 5 12.0
0 3 6 -12.0
1 1 2 12.0
0 0 3 -12.0
1 4 1 1.05
0 5 2 -2.2
1 5 1 2.45
0 4 0 -3.02
1 2 7 1.64
0 4 7 -1.07
1 2 1 1.27
0 3 1 -0.2
1 2 0 -3.26
0 0 2 3.37
1 1 1 -4.47
0 4 6 6.41
1 3 0 -5.13
0 0 0 2.57
1 5 0 -3.23
0 1 0 3.57
1 0 5 -2.49
0 0 4 1.84
1 5 6 -1.7
0 6 0 1.2
1 1 5 0.22
0 6 1 -0.7
1 6 3 0.17
0 7 4 -1.56
1 7 3 2.32
0 7 2 -2.48
1 6 4 2.56
0 7 5 -64
1 6 2 64
0 6 7 -12.0
1 6 5 12.0
0 2 6 -12.0
1 5 7 12.0
0 7 1 -12.0
1 7 0 12.0
0 7 6 -12.0
1 7 7 12.0
0 6 6 -12.0
1 0 6 12.0
0 0 7 -12.0
1 0 1 12.0
0 1 6 -12.0
1 3 7 12.0
1 1 7 12.0
