1 2 4 16.0
0 4 5 -16.0
1 5 4 16.0
0 2 3 -16.0
1 3 2 16.0
0 5 5 -16.0
1 3 5 16.0
0 2 6 -16.0
1 4 6 16.0
0 2 5 -16.0
1 3 6 16.0
0 4 7 4.59
1 5 6 -3.96
0 5 7 -16.0
1 2 7 16.0
0 6 7 6.43
1 1 5 -4.24
0 1 3 3.24
1 1 7 -2.3
0 5 2 0.67
1 4 2 0.93
0 5 1 -2.65
1 1 2 3.55
0 2 2 -3.44
1 0 3 4.39
0 0 2 -2.7
1 0 1 2.98
0 1 4 -5.86
1 1 6 7.25
0 6 5 -7.62
1 5 3 7.44
0 6 6 -7.94
1 7 5 8.51
0 0 7 -11.63
1 3 7 13.46
0 0 6 -13.05
1 4 1 13.56
0 4 0 -13.67
1 3 1 13.34
0 2 1 -12.16
1 6 2 13.09
0 7 3 -13.94
1 7 1 13.75
0 1 1 -64
1 5 0 64
0 7 4 -16.0
1 7 2 16.0
0 6 4 -16.0
1 6 3 16.0
0 6 1 -16.0
1 3 0 16.0
0 2 0 -16.0
1 0 4 16.0
0 0 5 -16.0
1 7 0 16.0
0 6 0 -16.0
1 1 0 16.0
0 0 0 -16.0
1 7 7 16.0
1 7 6 16.0
