1 2 4 8.0
0 2 5 -8.0
1 3 5 8.0
0 4 5 -8.0
1 3 6 8.0
0 1 4 -8.0
1 1 5 8.0
0 3 7 -8.0
1 5 4 8.0
0 5 3 -8.0
1 4 6 8.0
0 2 6 -6.17
1 5 5 5.92
0 6 5 -6.1
1 4 2 6.59
0 5 6 -6.06
1 2 7 6.96
0 1 7 -6.38
1 5 7 5.27
0 0 5 -4.98
1 0 3 5.81
0 0 4 -6.17
1 0 6 7.96
0 1 3 -7.52
1 0 2 7.95
0 2 3 -9.23
1 7 5 8.57
0 1 2 -7.85
1 6 7 8.87
0 4 1 -8.77
1 6 4 8.13
0 1 6 -8.55
1 6 2 9.73
0 7 4 -10.08
1 6 3 9.65
0 7 6 -8.42
1 3 1 6.48
0 5 1 -6.72
1 2 1 6.52
0 5 2 -4.81
1 3 2 2.94
0 2 2 -2.43
1 3 0 2.15
0 7 1 -64
1 5 0 64
0 6 1 -8.0
1 7 0 8.0
0 1 0 -8.0
1 7 3 8.0
0 4 7 -8.0
1 0 7 8.0
0 4 0 -8.0
1 7 2 8.0
0 0 1 -8.0
1 0 0 8.0
0 2 0 -8.0
1 1 1 8.0
0 6 0 -8.0
1 7 7 8.0
0 6 6 -8.0
