1 5 3 -4.0
0 3 2 4.0
1 2 4 -4.0
0 3 5 4.0
1 2 5 -4.0
0 5 4 4.0
1 2 3 -4.0
0 1 5 4.0
1 2 6 -4.0
0 1 4 4.0
1 4 5 -4.0
0 4 2 4.0
1 2 2 -4.0
0 5 2 4.0
1 0 3 -4.0
0 0 4 4.0
1 1 3 -4.0
0 0 2 4.0
1 3 1 -4.0
0 2 1 4.0
1 4 1 -4.0
0 4 0 4.0
1 1 2 -4.0
0 3 0 4.0
1 0 6 -4.0
0 0 1 4.0
1 6 5 -4.0
0 5 5 5.67
1 6 3 -5.67
0 4 6 5.67
1 5 0 -6.57
0 5 1 6.41
1 6 2 -7.48
0 3 6 8.4
1 3 7 -8.41
0 6 0 7.41
1 6 4 -6.95
0 5 7 7.37
1 1 6 -7.33
0 1 1 8.41
1 0 5 -8.13
0 0 7 8.46
1 1 7 -7.9
0 6 1 64
1 7 0 -64
0 5 6 4.0
1 6 6 -4.0
0 7 7 4.0
1 6 7 -4.0
0 7 4 4.0
1 7 3 -4.0
0 7 5 4.0
1 4 7 -4.0
0 2 7 4.0
1 7 6 -4.0
0 7 2 4.0
1 0 0 -4.0
0 1 0 4.0
1 2 0 -4.0
1 7 1 -4.0
