White 045 155 054 135 056 142 036 146 037 127 025 126 024 114 004 115 005 147 057 167 053 123 052 165 064 174 032 122 013 102 003 106 012 163 016 101 073 172 076 175 071 111 010 100 021 120 031 162 041 150 051 160 061 130 040 170 017 107 066 177
Draw 045 155 054 135 024 142 032 164 052 114 025 123 022 113 004 102 015 112 003 105 056 153 065 146 047 141 062 163 074 151 072 121 026 127 036 137 017 157 067 173 031 140 066 116 050 175 007 106 030 120 010 111 061 170 071 160 076 177 001 100
Black 045 155 054 135 056 142 036 146 037 127 026 147 053 115 057 167 024 125 032 123 052 164 013 112 065 175 014 104 006 105 003 102 001 122 031 163 073 172 074 162 051 141 050 140 030 121 016 107 017 120 010 100 011 160 061 170 077 076 166 071
White 045 153 022 123 032 135 042 131 052 154 055 121 024 141 025 136 013 112 026 103 027 162 051 140 050 163 030 120 010 165 014 105 002 104 011 137 046 164 057 147 015 100 001 161 070 160 071 172 056 166 073 175 077 174 006 107 076 116 117 167
Black 045 155 054 135 024 142 056 125 046 126 023 114 032 122 041 153 052 163 064 136 013 151 065 115 004 105 012 102 006 174 027 137 057 117 031 120 047 167 003 107 016 121 030 140 050 160 072 175 062 173 061 170 076 166 010 100 077 111 071 001
Black 045 155 054 135 056 142 036 146 037 127 025 126 024 114 004 115 005 147 053 162 023 112 057 167 032 165 064 175 041 163 052 151 072 140 074 121 022 131 002 111 000 173 076 161 010 113 003 120 030 166 077 116 017 107 006 101 071 070 160 050
White 045 155 054 135 024 142 046 126 056 125 015 114 053 136 032 152 041 122 031 150 023 151 040 164 065 162 004 163 075 113 021 120 060 147 072 157 027 137 067 103 005 174 073 112 017 130 016 170 011 110 002 161 071 107 006 177 176 066 101 000
Black 045 153 022 123 032 135 055 125 054 164 063 156 075 165 046 157 037 141 031 174 073 142 052 172 071 162 040 166 051 120 026 113 030 121 015 147 024 136 027 105 016 150 012 103 004 114 006 161 070 107 060 111 067 177 076 117 010 000 101 002
White 045 153 022 123 032 135 042 121 012 124 013 152 031 120 026 125 054 136 041 104 003 102 027 130 050 165 014 155 056 146 057 140 074 105 063 164 062 173 072 147 015 106 051 137 001 100 016 107 017 166 076 175 067 177 010 111 160 161 071 170
Black 045 155 054 135 046 164 065 153 073 157 052 156 037 136 027 175 026 174 076 142 062 172 063 177 047 124 025 117 067 166 007 115 005 116 006 014 123 012 113 002 104 003 101 011 121 000 010 022 020 032 041 151 050 140 030 131 060 161 071 170
White 045 153 022 135 055 123 032 146 054 163 025 124 036 164 012 142 057 113 052 126 065 121 003 102 001 141 020 131 015 104 005 114 037 176 074 166 072 173 056 147 077 175 050 151 060 167 062 140 030 161 070 171 011 100 010 106 016 107 017 127
Black 045 153 032 123 022 135 042 121 012 131 024 114 040 130 013 150 025 115 003 136 046 152 006 105 004 101 027 154 055 156 065 147 037 117 064 174 063 175 073 172 041 116 051 162 010 157 007 120 060 126 002 161 000 111 067 166 077 176 071 170
Black 045 155 054 135 046 164 024 125 042 123 036 126 056 122 032 153 013 114 065 151 041 152 021 112 015 104 027 120 073 130 063 162 031 140 011 147 037 117 072 161 001 100 002 103 010 157 066 177 067 176 007 175 074 171 070 160 050 006 116 005
White 045 153 022 123 032 135 042 121 012 124 013 152 015 154 031 155 041 140 046 126 020 125 050 130 037 157 051 162 036 147 067 114 005 117 063 161 064 156 070 160 066 165 071 172 073 174 075 102 027 177 076 103 004 106 011 101 000 110 007 116
Black 045 153 022 123 032 135 055 146 054 163 024 142 025 114 015 164 051 156 052 150 065 174 047 126 036 127 057 137 017 105 003 121 031 130 041 112 062 140 013 172 061 170 073 166 004 102 071 175 067 106 060 177 010 107 016 120 076 100 011 101
Draw 045 153 022 123 032 135 055 125 054 164 063 156 073 142 052 162 072 165 076 141 051 131 020 130 024 150 021 115 046 114 012 157 036 147 013 126 004 105 006 174 075 161 070 171 060 102 011 177 040 101 003 107 010 166 016 127 017 137 067 100
Black 045 155 054 153 042 124 023 135 014 122 032 152 036 113 002 125 046 126 031 105 004 115 012 157 065 127 063 164 074 172 073 162 071 141 021 130 056 120 051 160 040 103 010 101 017 161 047 116 067 175 037 170 007 150 006 100 011 166 076 177
Black 045 153 042 135 024 152 023 155 054 163 026 132 031 121 051 122 041 150 046 140 030 120 073 164 062 174 075 172 071 165 076 136 056 147 025 157 037 166 061 112 002 115 014 113 004 103 027 116 005 106 007 117 001 111 000 110 060 170 077 167
Black 032 122 023 142 055 145 054 125 053 152 024 135 036 146 014 104 026 115 037 113 051 157 041 117 056 164 031 163 065 120 072 173 074 162 030 167 047 127 071 140 050 160 021 112 011 175 076 100 002 166 001 110 003 161 077 006 116 007 005 070
Black 032 124 055 154 045 142 053 152 023 122 041 163 064 125 013 151 031 114 021 120 035 140 030 115 050 162 073 112 010 172 026 175 074 146 056 137 002 165 066 147 027 117 067 157 077 176 036 101 007 103 006 116 005 104 061 160 070 111 071 000
Black 032 122 023 142 055 145 054 125 053 152 024 135 036 146 014 104 026 115 037 113 051 157 041 117 056 164 031 147 067 121 012 130 040 103 020 165 075 173 066 162 074 177 027 176 007 111 005 150 061 110 063 160 000 172 070 171 001 102 106 016
Black 032 122 023 142 053 135 045 163 052 154 055 162 031 164 065 156 041 174 021 124 015 114 073 172 051 113 004 102 005 150 036 146 075 176 025 137 026 103 047 106 027 157 067 112 011 100 061 170 071 166 077 110 020 130 040 160 001 116 007 117
Black 032 122 023 142 053 135 045 163 052 154 055 162 031 164 065 156 041 174 021 124 015 114 073 172 051 113 004 102 005 150 036 146 075 176 025 137 026 103 047 106 027 157 067 112 011 100 061 170 071 166 077 110 020 130 040 160 001 116 007 117
White 045 153 042 135 024 152 023 155 054 163 036 126 046 137 057 127 065 156 064 122 032 162 051 150 073 172 067 174 075 176 047 177 066 125 014 141 031 112 021 113 015 140 030 103 001 102 004 105 006 116 060 161 011 100 007 117 070 171 020 110
White 032 124 055 154 045 142 022 131 023 114 053 121 051 135 013 104 026 112 025 136 027 152 041 163 030 120 010 146 037 165 062 164 056 172 011 140 050 147 003 100 067 160 057 161 005 166 015 101 002 117 077 116 006 107 076 175 074 173 071 170
Black 032 124 055 154 045 142 035 156 065 146 053 163 037 152 047 123 022 131 064 174 051 141 072 175 073 171 062 140 060 113 020 167 036 121 057 127 026 117 014 125 015 103 004 105 016 161 070 150 030 107 076 166 077 010 111 000 112 006 101 002
Black 032 122 023 142 031 121 041 120 030 113 010 150 051 152 053 154 014 124 004 105 006 140 060 111 063 164 000 172 062 103 012 107 074 102 035 125 045 136 046 155 056 165 001 171 027 157 073 175 047 137 067 161 076 177 066 117 016 126 015 070
White 054 135 022 132 023 153 055 164 045 156 036 124 062 142 031 113 012 121 004 126 014 125 015 120 037 146 041 105 006 147 057 151 050 140 063 152 027 174 072 116 067 165 076 175 073 102 061 170 060 171 066 177 030 103 007 117 011 101 000 010
Draw 032 124 055 142 022 131 023 152 035 113 002 125 014 136 053 145 054 104 046 157 003 101 041 130 050 140 012 160 051 121 026 105 016 115 047 164 063 173 062 172 037 127 017 161 067 165 056 166 010 120 070 171 074 176 011 100 075 177 107 006
Black 032 124 055 154 045 142 022 131 023 114 053 121 051 135 013 104 026 112 025 136 027 147 003 102 041 156 030 164 037 165 046 117 005 157 001 116 015 162 073 152 063 150 020 140 011 100 010 161 007 106 067 166 076 175 077 074 172 070 160 071
Black 032 124 055 154 045 142 035 156 065 153 064 125 046 122 047 152 023 114 062 172 036 163 073 126 071 157 037 127 041 140 031 151 012 175 013 103 002 115 004 105 006 120 074 170 016 107 017 101 011 110 000 121 076 166 030 177 060 150 061 067
White 032 122 023 124 035 153 054 142 063 155 045 125 041 164 075 152 013 114 065 162 056 173 074 176 036 126 046 157 072 171 051 131 020 130 004 140 015 147 021 137 066 116 067 177 007 110 061 150 017 127 070 160 000 106 005 103 002 112 011 101
White 045 153 022 123 032 135 055 125 054 164 063 156 046 142 051 152 041 165 062 172 057 140 024 113 036 114 050 160 031 126 074 176 075 137 012 147 003 167 077 166 005 171 015 116 007 106 027 104 020 111 000 102 001 117 061 170 173 130 021 110
Draw 045 153 022 123 032 135 055 146 054 163 024 142 025 164 051 141 052 131 062 121 050 140 073 112 075 174 030 120 072 156 036 165 013 160 061 127 002 114 047 157 067 166 077 170 071 104 011 176 026 115 037 100 010 101 006 103 017 105 016 107
White 045 153 022 123 032 135 055 125 054 164 063 156 046 142 051 152 041 165 062 172 013 131 057 114 073 174 026 130 040 120 075 176 061 136 012 124 027 121 005 166 010 170 071 160 077 167 011 103 050 100 001 102 015 137 047 106 004 116 007 117
Black 045 153 042 135 024 152 023 155 054 163 036 132 046 122 031 121 041 140 030 120 051 162 065 125 064 150 073 126 072 137 014 115 013 103 012 104 002 161 005 116 047 157 070 156 007 106 017 127 067 176 075 166 060 171 077 174 011 101 010 000
Black 045 155 054 135 024 142 046 126 052 153 036 123 065 125 063 162 041 131 032 122 051 150 072 164 014 173 040 130 015 147 057 127 074 156 013 112 020 110 021 103 005 160 004 102 066 177 067 176 075 161 070 171 000 106 001 111 007 037 117 016
Black 045 153 042 135 024 152 023 125 046 136 054 155 063 162 064 172 065 156 073 175 071 141 031 132 027 112 013 115 014 102 026 122 003 105 047 104 021 120 057 174 076 166 050 140 077 137 061 151 030 170 010 167 001 116 006 107 017 100 060 111
Black 045 153 022 123 032 135 055 146 024 125 036 147 026 164 052 151 054 163 062 173 065 156 072 171 074 175 027 142 067 121 020 112 031 157 037 114 041 150 004 115 013 116 003 105 006 130 007 117 076 177 066 101 002 110 000 111 040 061 160 070
Black 045 153 042 135 024 152 023 155 054 163 036 126 056 127 046 137 064 165 047 157 074 125 032 162 073 172 071 131 051 141 030 140 050 114 020 113 003 102 001 112 022 111 015 105 000 121 004 110 006 116 007 117 067 166 077 161 070 160 075 176
Black 045 155 054 135 024 142 032 123 022 115 046 156 025 163 036 153 052 141 005 147 064 175 073 162 065 174 076 127 037 121 031 120 050 151 072 112 013 104 003 166 002 111 040 114 077 126 000 101 016 160 010 130 070 117 057 167 007 106 061 171
White 045 153 042 135 024 152 023 155 054 163 036 125 014 122 021 132 046 113 012 147 031 141 050 130 051 120 040 160 057 127 056 165 037 167 064 175 062 173 074 172 061 115 066 110 026 177 076 105 004 117 006 103 002 170 071 111 016 107 001 100
White 045 153 022 123 032 135 055 146 054 163 024 142 025 164 047 114 052 113 012 126 036 157 067 137 027 115 062 116 056 165 002 103 072 173 076 175 074 141 051 131 040 160 050 130 011 100 020 101 070 171 007 106 021 177 017 166 061 110 005 104
White 045 155 054 135 056 153 052 164 075 165 074 157 032 142 023 124 026 136 022 163 062 151 015 173 072 114 005 113 004 102 050 121 027 146 047 131 003 112 001 137 067 117 007 106 011 100 040 130 041 176 077 166 010 120 016 125 160 061 170 071
White 045 153 022 123 032 135 042 121 012 131 024 154 052 155 040 130 020 141 050 151 060 125 062 113 046 136 063 173 065 156 072 171 057 101 003 102 000 174 004 164 075 176 011 114 026 110 005 137 061 170 027 147 067 177 066 117 016 106 007 115
Black 045 155 054 135 056 152 046 153 025 164 042 136 065 163 074 147 072 132 051 175 062 157 031 130 023 122 024 115 041 121 027 112 013 103 014 173 076 137 026 117 005 166 020 140 050 104 002 116 077 167 007 106 160 070 161 071 110 000 111 001
White 045 153 022 123 032 135 042 121 012 131 024 114 013 125 051 156 040 130 004 152 041 150 064 115 036 154 055 146 047 127 037 157 065 126 062 172 063 161 016 107 017 106 005 103 010 120 070 160 071 166 075 100 077 167 076 174 001 111 002 073
White 045 153 022 123 032 135 042 121 012 131 024 114 013 125 051 156 040 130 004 152 041 150 064 115 036 154 055 146 047 127 037 157 065 126 062 172 063 161 016 107 017 106 005 103 010 120 070 160 071 166 075 100 077 167 076 174 001 111 002 073
White 045 155 054 135 056 153 024 125 036 123 026 146 015 127 047 104 052 137 017 164 073 162 072 175 005 106 063 114 042 167 074 166 022 141 031 165 032 130 003 102 077 157 016 107 076 113 040 150 020 121 060 151 011 112 001 100 061 170 010 171
Black 045 155 054 135 056 153 024 125 036 123 026 164 015 157 052 142 014 162 065 146 047 113 067 104 002 103 005 116 074 137 032 122 066 163 073 172 012 175 021 120 031 141 051 140 007 106 017 127 060 177 076 111 050 170 030 161 071 101 000 010
Black 045 153 022 135 055 123 032 146 054 165 063 142 026 141 024 136 021 162 025 173 072 131 074 115 030 114 064 151 047 112 037 127 075 152 017 110 005 140 020 111 004 113 001 156 000 157 067 116 066 102 003 177 007 106 076 171 050 160 070 161
Black 045 153 032 123 022 135 055 146 052 124 063 173 014 113 004 102 012 151 056 125 047 131 041 142 021 120 036 103 030 105 054 126 062 150 040 164 075 174 072 165 017 157 067 166 011 160 070 110 000 101 015 127 006 107 016 171 061 176 077 037
White 045 153 022 123 032 135 055 146 052 124 063 131 042 141 013 154 015 151 064 156 026 136 050 121 062 114 065 102 030 140 005 120 010 161 057 171 047 104 025 174 003 106 075 176 070 160 073 172 077 100 012 101 011 116 066 167 017 107 127 037
White 045 153 022 123 032 135 042 121 012 124 013 152 031 120 026 136 025 102 041 130 050 103 014 115 006 155 054 156 005 146 037 163 057 140 010 104 001 147 073 162 027 164 061 170 065 174 071 166 072 160 016 100 051 107 017 111 076 177 067 175
Black 045 155 054 135 056 142 036 146 025 124 032 126 047 165 064 123 012 131 013 115 053 122 037 157 067 152 075 162 014 104 005 106 021 174 003 102 073 127 017 166 063 120 030 140 041 151 072 161 071 116 010 100 001 111 007 070 160 050 076 177
White 045 153 032 146 052 142 063 123 041 122 024 131 014 113 025 150 035 154 056 155 065 105 064 151 040 130 012 115 002 103 021 126 047 136 004 101 037 120 027 162 071 116 011 174 072 175 061 117 007 106 073 170 060 166 077 176 000 110 067 157
White 045 153 022 123 032 135 055 125 054 164 063 156 046 142 051 152 041 162 075 174 065 157 073 121 024 131 013 140 050 112 014 160 037 147 067 104 015 136 027 126 017 161 030 120 011 172 001 116 005 103 002 107 006 100 070 110 071 177 166 076
Black 045 153 022 123 032 135 042 121 012 131 024 114 013 125 041 150 063 156 040 130 005 103 036 146 054 102 020 126 015 110 004 152 057 147 055 173 062 151 017 165 064 166 037 106 077 167 074 176 016 175 061 160 071 172 070 127 007 000 001 011
