1 4 2 -8
0 5 4 8
1 4 5 -8
0 3 2 8
1 6 4 -8
0 4 1 4
1 2 4 -4
0 5 5 4
1 6 5 -4
0 2 5 3
1 2 6 -3
0 1 4 2
1 0 3 -1
0 4 6 1
1 3 6 -2
0 7 3 1
1 5 6 0
0 3 7 2
1 5 2 -2
0 5 3 2
1 7 4 -2
0 7 5 2
1 4 7 -3
0 5 7 3
1 6 2 -3
0 2 3 2
1 3 1 -2
0 0 5 1
1 2 1 0
0 3 5 1
1 3 0 -3
0 6 3 4
1 2 2 -6
0 4 0 6
1 5 0 -7
0 1 3 7
1 0 4 -8
0 0 2 8
1 1 2 -8
0 0 1 8
1 7 6 -8
0 7 7 8
1 2 7 -8
0 6 6 8
1 7 2 -8
0 7 1 8
1 6 1 -8
0 2 0 8
1 1 0 -8
0 7 0 8
1 1 1 -8
0 5 1 8
1 1 5 -8
0 0 6 8
1 6 0 -8
0 0 0 8
1 1 6 -8
0 1 7 8
1 0 7 -8
1 6 7 -8
