1 3 5 5
0 2 3 -5
1 3 2 5
0 4 5 -5
1 5 4 5
0 2 2 -5
1 5 3 5
0 5 5 -5
1 4 6 5
0 3 6 1
1 2 7 -5
0 4 2 -2
1 2 4 -6
0 6 4 -1
1 5 2 -4
0 6 3 0
1 6 2 -4
0 1 5 -4
1 5 6 -3
0 6 5 -4
1 4 1 -5
0 3 1 0
1 1 3 -7
0 4 0 2
1 5 1 -3
0 7 3 -4
1 7 6 -5
0 4 7 -1
1 7 2 -6
0 5 7 5
1 0 6 -8
0 1 2 5
1 2 1 -8
0 0 3 7
1 6 0 -8
0 3 0 5
1 2 5 -8
0 5 0 6
1 2 0 -7
0 1 6 7
1 0 5 -8
0 0 7 7
1 1 7 -7
0 1 1 -8
1 0 4 8
0 7 5 -5
1 7 4 5
0 1 4 -5
1 0 0 5
0 2 6 -5
1 3 7 5
0 1 0 -5
1 6 1 5
0 7 0 -5
1 7 1 5
0 7 7 -5
1 0 1 5
0 0 2 -5
1 6 7 5
0 6 6 -5
