1 5 3 -2
0 3 2 2
1 2 4 -2
0 3 5 2
1 2 3 -2
0 5 4 2
1 4 5 -2
0 5 5 2
1 2 6 -2
0 2 2 2
1 4 2 -2
0 3 6 3
1 4 1 -3
0 3 1 3
1 6 4 -3
0 6 2 0
1 5 2 -5
0 7 3 -4
1 3 0 -4
0 2 5 -2
1 7 5 -6
0 7 4 -1
1 6 5 -6
0 5 6 2
1 1 2 -6
0 6 3 5
1 7 2 -7
0 1 3 6
1 3 7 -8
0 4 7 6
1 2 7 -8
0 2 1 7
1 0 3 -8
0 4 6 5
1 1 4 -8
0 2 0 5
1 1 0 -7
0 5 1 7
1 6 0 -7
0 5 0 4
1 4 0 -8
0 1 1 7
1 7 6 -7
0 6 6 8
1 6 1 -8
0 0 1 2
1 6 7 -2
0 0 2 2
1 0 0 -2
0 7 0 2
1 0 4 -2
0 7 1 2
1 5 7 -2
0 7 7 2
0 1 7 2
1 1 6 -2
0 0 6 2
1 0 7 -2
0 0 5 2
1 1 5 -2
