1 4 2 6
0 5 4 -6
1 4 5 6
0 3 2 -6
1 2 3 6
0 5 2 -6
1 2 2 6
0 3 5 -6
1 5 3 4
0 5 5 -6
1 2 4 4
0 6 2 -7
1 3 6 6
0 2 6 -7
1 5 6 4
0 2 7 -7
1 3 1 2
0 2 5 -7
1 6 3 4
0 2 0 -8
1 4 6 5
0 1 4 -7
1 3 7 3
0 1 3 -6
1 1 2 4
0 4 1 -4
1 2 1 2
0 0 2 -6
1 6 5 1
0 3 0 -5
1 1 5 4
0 7 3 -7
1 1 7 6
0 6 4 -7
1 0 4 6
0 7 6 -4
1 7 5 0
0 7 4 -2
1 5 0 -5
0 4 0 2
1 0 3 2
0 6 6 -5
1 5 1 0
0 6 7 -8
1 5 7 8
0 6 0 -6
1 0 1 6
0 0 5 -6
1 0 6 6
0 6 1 -6
1 1 1 6
0 0 0 -6
1 1 0 6
0 0 7 -6
1 7 7 6
0 4 7 -6
1 1 6 6
1 7 0 6
0 7 1 -6
1 7 2 6
