1 2 4 6
0 2 5 -6
1 3 5 6
0 4 5 -6
1 5 4 6
0 3 2 -6
1 3 6 6
0 5 5 -6
1 2 6 6
0 1 4 0
1 5 6 1
0 1 5 -1
1 5 3 2
0 4 6 -4
1 4 2 3
0 4 1 -3
1 3 7 3
0 5 7 -3
1 2 2 3
0 4 7 -3
1 2 7 3
0 1 7 -3
1 2 3 1
0 1 3 -2
1 1 2 2
0 3 1 -2
1 2 1 3
0 0 2 -3
1 5 0 3
0 3 0 -2
1 5 2 3
0 6 7 -3
1 0 4 4
0 4 0 -5
1 0 3 6
0 0 5 -6
1 5 1 6
0 6 0 -6
1 1 1 6
0 6 5 -6
1 2 0 5
0 6 1 -6
1 6 2 6
0 0 0 -6
1 7 0 7
0 6 3 -7
1 7 3 7
0 0 1 -8
1 1 0 8
0 7 1 -8
1 7 2 8
0 7 4 -7
1 7 5 7
1 0 6 6
0 0 7 -6
1 1 6 6
1 6 4 6
1 7 6 6
1 6 6 6
0 7 7 -6
