1 2 4 7
0 2 5 -7
1 3 5 7
0 4 5 -7
1 5 4 7
0 3 2 -7
1 4 2 7
0 1 4 -7
1 3 1 7
0 6 4 -7
1 5 5 7
0 6 5 -7
1 3 6 7
0 4 6 -7
1 2 6 7
0 2 3 -7
1 5 7 7
0 3 7 5
1 4 7 -5
0 6 7 6
1 1 2 -7
0 5 6 0
1 1 5 -6
0 0 5 -2
1 1 6 -4
0 5 3 2
1 7 4 -3
0 6 3 4
1 7 3 -2
0 7 2 -5
1 5 2 -2
0 7 5 -4
1 2 7 6
0 6 2 -8
1 6 6 6
0 0 1 -8
1 2 2 6
0 6 1 -8
1 7 7 7
0 7 6 -8
1 7 0 6
0 3 0 -8
1 7 1 7
0 0 7 -8
1 0 3 8
0 1 3 -7
1 2 1 7
0 4 1 -7
1 0 2 7
0 0 4 -7
1 0 6 7
0 1 7 -7
1 0 0 7
0 2 0 -7
1 5 0 7
0 4 0 -7
1 1 0 7
0 1 1 -7
1 5 1 7
0 6 0 -7
