1 4 2 26.0
0 5 4 -26.0
1 4 5 26.0
0 3 2 -26.0
1 2 3 26.0
0 2 5 -4.29
1 2 2 3.55
0 1 3 -2.77
1 3 5 1.92
0 2 4 -2.76
1 5 5 3.24
0 3 6 -3.59
1 5 3 4.05
0 6 4 -3.32
1 1 4 2.71
0 1 2 -1.74
1 0 2 1.69
0 4 6 -0.99
1 7 5 0.66
0 6 2 -1.27
1 1 5 0.67
0 0 3 -2.0
1 6 3 1.77
0 7 2 -2.42
1 7 3 3.73
0 7 4 -4.82
1 7 1 5.76
0 5 2 -5.89
1 5 6 6.84
0 5 7 -7.11
1 2 6 6.05
0 4 1 -5.9
1 2 7 5.84
0 3 7 -6.16
1 0 4 6.55
0 2 1 -5.5
1 2 0 4.67
0 1 1 -3.66
1 5 1 4.05
0 1 0 -4.55
1 4 0 6.59
0 3 1 -7.43
1 3 0 8.34
0 0 5 -10.76
1 1 6 12.19
0 0 1 -14.7
1 0 0 16.72
0 0 7 -19.75
1 0 6 24.79
0 1 7 -27.64
1 6 5 25.67
0 5 0 -24.68
1 6 0 22.98
0 7 6 -26.0
1 7 7 26.0
0 6 1 -26.0
1 7 0 26.0
1 6 7 26.0
0 6 6 -26.0
1 4 7 26.0
