1 5 3 32.0
0 5 2 -32.0
1 4 2 32.0
0 3 2 -32.0
1 5 1 32.0
0 5 4 -32.0
1 2 3 32.0
0 2 4 -32.0
1 3 1 32.0
0 2 2 -32.0
1 2 1 1.3
0 4 1 -1.8
1 1 2 1.14
0 2 0 -1.2
1 4 0 0.57
0 0 2 -0.47
1 1 3 -0.3
0 3 0 0.05
1 1 5 -0.52
0 2 5 -0.16
1 1 4 0.76
0 0 3 -1.57
1 0 5 1.93
0 6 4 -1.18
1 6 3 0.5
0 0 4 -0.77
1 0 1 1.04
0 7 3 -0.21
1 1 0 0.55
0 6 2 -0.34
1 7 2 0.14
0 6 0 1.66
1 3 6 -2.51
0 6 1 1.52
1 3 5 -2.52
0 4 5 2.89
1 5 6 -4.84
0 3 7 3.69
1 6 5 -2.66
0 2 6 1.21
1 2 7 -1.66
0 7 1 0.52
1 5 5 0.47
0 4 6 -1.2
1 7 5 1.89
0 1 7 -1.84
1 6 6 3.17
0 0 6 -6.38
1 0 7 6.38
0 1 6 -8.53
1 7 4 13.73
0 7 6 -16.45
1 7 7 20.04
0 4 7 -32.0
1 7 0 32.0
0 1 1 -32.0
1 0 0 32.0
0 6 7 -32.0
1 5 0 32.0
1 5 7 32.0
