1 5 3 -10.0
0 5 2 10.0
1 4 2 -10.0
0 5 4 10.0
1 6 3 -10.0
0 4 1 10.0
1 3 1 -10.0
0 3 2 10.0
1 5 5 -10.0
0 6 5 10.0
1 4 5 -10.0
0 6 4 10.0
1 2 2 -10.0
0 3 6 -2.43
1 2 4 2.48
0 4 6 -2.48
1 7 5 2.48
0 2 5 -1.32
1 5 6 0.48
0 5 7 -0.91
1 4 7 1.23
0 3 5 -0.48
1 2 7 1.21
0 2 3 -1.34
1 6 2 0.63
0 5 1 -0.63
1 3 7 0.19
0 1 7 -0.45
1 1 4 0.22
0 1 2 -0.49
1 2 6 0.7
0 1 3 -0.69
1 0 3 -0.01
0 0 5 -0.25
1 0 4 0.84
0 0 2 -0.51
1 3 0 -1.25
0 5 0 2.06
1 1 5 -4.68
0 2 1 4.6
1 7 6 -3.06
0 6 6 -0.06
1 6 0 2.05
0 7 3 -2.84
1 4 0 -0.11
0 7 4 4.87
1 7 2 -6.97
0 0 6 7.98
1 2 0 -8.55
0 1 1 8.23
1 0 1 -7.36
0 0 0 9.56
1 1 0 -13.65
0 7 0 10.0
1 7 7 -10.0
0 6 7 10.0
1 0 7 -10.0
0 1 6 10.0
0 6 1 10.0
1 7 1 -10.0
