1 2 4 12.0
0 4 5 -12.0
1 5 4 12.0
0 2 3 -12.0
1 3 2 12.0
0 5 5 -12.0
1 4 2 12.0
0 2 5 -12.0
1 3 5 12.0
0 4 6 -12.0
1 1 2 12.0
0 5 3 -12.0
1 6 3 12.0
0 3 1 -4.74
1 2 2 3.53
0 6 2 -3.83
1 6 4 3.62
0 5 2 -3.23
1 6 5 4.11
0 4 1 -3.8
1 5 1 3.2
0 7 2 -3.81
1 2 0 3.39
0 3 0 -4.04
1 7 4 5.16
0 4 0 -5.87
1 5 0 6.88
0 7 3 -7.84
1 7 1 7.45
0 7 5 -5.27
1 7 6 5.89
0 2 1 -7.7
1 1 0 6.48
0 6 1 -5.48
1 1 3 6.2
0 1 4 -5.57
1 0 5 7.04
0 0 3 -6.67
1 3 6 7.31
0 0 2 -8.36
1 5 7 8.2
0 5 6 -8.34
1 1 5 6.97
0 2 7 -4.63
1 3 7 3.1
0 4 7 -2.34
1 1 7 -0.67
0 2 6 1.4
1 6 6 -1.94
0 7 7 0.8
1 0 4 0.77
0 0 6 -2.68
1 1 1 2.1
0 7 0 -12.0
1 6 0 12.0
0 0 0 -12.0
1 0 1 12.0
1 0 7 12.0
1 6 7 12.0
1 1 6 12.0
