1 5 3 2.0
0 3 2 -2.0
1 2 5 2.0
0 3 5 -2.0
1 2 4 2.0
0 5 4 -2.0
1 2 3 2.0
0 1 5 -2.0
1 2 6 2.0
0 1 4 -2.0
1 4 5 2.0
0 4 2 -2.0
1 2 2 2.0
0 5 2 -2.0
1 0 3 2.0
0 0 4 -2.0
1 1 3 2.0
0 0 2 -2.0
1 3 1 2.0
0 2 1 -2.0
1 4 1 2.0
0 4 0 -2.0
1 1 2 2.0
0 3 0 -2.0
1 6 5 2.0
0 5 1 -2.0
1 6 3 2.0
0 3 6 0.0
1 2 7 0.0
0 0 1 0.0
1 6 2 0.0
0 7 2 0.0
1 5 0 0.0
0 6 0 0.0
1 2 0 0.0
0 1 0 0.0
1 4 6 0.0
0 7 3 0.0
1 7 4 0.0
0 7 6 0.71
1 5 6 -0.63
0 7 5 -0.02
1 6 1 0.07
0 6 7 -0.04
1 4 7 -0.03
0 3 7 -1.46
1 5 5 0.64
0 1 7 -1.64
1 0 7 5.52
0 7 0 -4.58
1 7 1 -0.35
0 6 4 2.24
1 7 7 0.66
0 1 6 -2.0
1 5 7 2.0
0 6 6 -2.0
1 0 6 2.0
0 0 5 -2.0
1 0 0 2.0
0 1 1 -2.0
