1 4 2 10.0
0 3 2 -10.0
1 2 3 10.0
0 5 2 -10.0
1 2 4 10.0
0 4 5 -10.0
1 5 4 5.91
0 3 5 -4.16
1 2 2 5.02
0 5 3 -5.16
1 5 5 4.52
0 6 3 -4.91
1 3 1 4.42
0 1 4 -5.4
1 4 1 4.85
0 5 1 -5.59
1 6 2 4.98
0 4 0 -4.91
1 6 5 4.74
0 7 2 -4.81
1 4 6 5.48
0 6 4 -4.23
1 1 3 3.05
0 2 6 -2.23
1 7 5 1.69
0 3 6 -1.22
1 2 5 2.03
0 1 5 -2.69
1 0 4 3.79
0 7 4 -4.02
1 4 7 4.01
0 2 7 -4.56
1 5 6 3.45
0 5 7 -2.48
1 3 7 2.45
0 7 6 -2.68
1 7 3 2.08
0 6 6 0.15
1 6 0 -2.41
0 5 0 1.37
1 3 0 -1.41
0 0 5 2.14
1 6 1 -2.75
0 0 2 1.02
1 0 3 -0.41
0 7 0 1.6
1 7 1 -0.35
0 2 0 -2.53
1 2 1 4.68
0 1 6 -7.84
1 0 7 8.66
0 0 6 -8.03
1 1 7 10.84
0 1 0 -10.0
1 6 7 10.0
0 7 7 -10.0
1 1 1 10.0
0 1 2 -10.0
1 0 0 10.0
0 0 1 -10.0
