1 4 2 0.0
0 5 4 0.0
1 3 5 0.0
0 2 4 0.0
1 4 5 0.0
0 3 2 0.0
1 2 3 0.0
0 2 2 0.0
1 1 5 0.0
0 5 5 0.0
1 3 1 0.0
0 1 4 0.0
1 5 3 -2.13
0 4 6 3.91
1 5 6 -5.5
0 6 5 5.95
1 4 7 -5.75
0 6 3 7.44
1 5 2 -6.68
0 6 4 6.97
1 7 2 -8.19
0 2 1 8.31
1 2 5 -8.65
0 3 0 9.09
1 0 4 -8.8
0 4 1 8.45
1 5 1 -7.73
0 3 6 6.73
1 2 6 -6.59
0 6 0 5.97
1 7 3 -7.23
0 3 7 7.73
1 1 3 -8.34
0 1 2 7.96
1 7 4 -6.49
0 6 2 6.6
1 7 1 -9.08
0 6 6 9.68
1 5 0 -7.02
0 4 0 9.31
1 2 0 -8.74
0 1 0 2.81
1 7 7 -2.77
0 0 2 2.16
1 0 3 -1.3
0 5 7 1.17
1 6 7 -0.91
0 0 5 -1.05
1 2 7 0.89
0 6 1 -0.37
1 0 6 -4.91
0 7 5 9.87
1 7 6 -10.25
0 0 7 0.0
0 0 1 0.0
1 1 1 0.0
0 0 0 0.0
0 1 7 0.0
1 1 6 0.0
1 7 0 0.0
