1 2 4 6.0
0 4 5 -6.0
1 5 4 6.0
0 2 3 -6.0
1 4 6 6.0
0 5 5 5.24
1 5 6 -6.83
0 1 4 6.43
1 4 2 -5.2
0 5 2 4.41
1 6 2 -4.11
0 4 1 4.2
1 3 0 -4.14
0 6 5 4.1
1 7 5 -3.34
0 5 7 2.2
1 6 4 -2.49
0 3 6 1.75
1 3 2 0.14
0 5 3 0.0
1 2 2 0.22
0 3 5 0.06
1 6 3 0.86
0 7 3 -2.63
1 6 6 2.16
0 3 1 -1.04
1 7 4 0.5
0 1 3 -0.3
1 7 2 -0.07
0 7 7 -1.27
1 2 0 2.64
0 7 6 -2.36
1 2 5 2.9
0 5 0 -3.23
1 5 1 3.34
0 7 1 -5.05
1 1 5 4.16
0 2 6 -4.43
1 6 1 3.99
0 0 4 -3.05
1 2 1 1.94
0 7 0 -3.47
1 6 0 5.23
0 4 0 -3.38
1 1 2 2.45
0 0 1 -1.56
1 6 7 1.95
0 1 1 -2.09
1 0 5 1.68
0 0 3 -2.16
1 0 0 0.41
0 1 0 1.79
1 0 2 -1.84
0 0 6 -6.0
1 1 7 6.0
0 3 7 -6.0
1 0 7 6.0
1 2 7 6.0
0 4 7 -6.0
1 1 6 6.0
