1 4 2 12.0
0 5 2 -12.0
1 5 3 12.0
0 5 4 -12.0
1 6 3 12.0
0 6 2 -12.0
1 6 4 12.0
0 4 1 -12.0
1 4 5 12.0
0 5 5 -0.17
1 2 4 -7.74
0 7 4 -7.08
1 6 5 2.48
0 5 6 -1.96
1 7 5 1.92
0 3 5 -12.81
1 3 2 4.22
0 4 6 -6.0
1 7 3 2.35
0 7 2 -8.45
1 7 1 1.52
0 2 1 -4.85
1 2 6 0.69
0 1 4 -9.48
1 5 1 5.77
0 6 6 -13.91
1 2 2 9.16
0 3 6 -14.23
1 5 0 6.54
0 4 0 -13.7
1 2 0 17.67
0 6 0 -22.3
1 2 7 15.02
0 2 3 -16.63
1 3 1 4.91
0 2 5 -13.51
1 3 0 1.57
0 1 0 -6.33
1 3 7 0.03
0 1 3 -6.09
1 6 1 3.46
0 7 0 -8.52
1 7 7 1.73
0 7 6 -64
1 6 7 64
0 4 7 -12.0
1 5 7 12.0
0 1 6 -12.0
1 0 4 12.0
0 0 5 -12.0
1 0 7 12.0
0 0 6 -12.0
1 1 7 12.0
0 1 5 -12.0
1 0 3 12.0
0 1 2 -12.0
1 0 2 12.0
0 1 1 -12.0
1 0 1 12.0
0 0 0 -12.0
