1 4 2 12.0
0 5 4 -12.0
1 2 5 12.0
0 2 4 -12.0
1 3 5 12.0
0 3 2 -12.0
1 5 3 12.0
0 2 6 -12.0
1 1 5 12.0
0 2 3 -12.0
1 1 4 12.0
0 3 6 -12.0
1 4 5 12.0
0 5 5 -12.0
1 6 4 12.0
0 5 6 -0.95
1 6 5 -8.06
0 6 2 0.07
1 4 6 -8.45
0 4 7 -0.83
1 5 2 -7.72
0 1 3 -0.48
1 1 2 -9.0
0 0 2 -2.84
1 4 1 -7.79
0 6 3 -1.44
1 2 2 -1.29
0 7 4 -9.84
1 0 3 2.22
0 5 1 -12.33
1 5 0 9.38
0 3 1 -12.74
1 2 0 5.61
0 2 1 -10.17
1 0 1 3.74
0 6 6 -7.65
1 3 7 5.84
0 1 6 -12.55
1 7 7 7.34
0 3 0 -11.85
1 6 7 7.05
0 5 7 -12.4
1 4 0 5.59
0 0 6 -64
1 0 5 64
0 2 7 -12.0
1 0 7 12.0
0 0 4 -12.0
1 1 7 12.0
0 0 0 -12.0
1 7 3 12.0
0 6 0 -12.0
1 7 0 12.0
0 7 2 -12.0
1 7 5 12.0
0 7 6 -12.0
1 7 1 12.0
0 6 1 -12.0
1 1 1 12.0
0 1 0 -12.0
