1 4 2 4.0
0 5 2 -4.0
1 5 3 4.0
0 5 4 -4.0
1 2 5 4.0
0 3 1 -4.0
1 5 5 4.0
0 3 2 -4.0
1 6 3 4.0
0 6 4 -4.0
1 4 5 4.0
0 7 3 -0.72
1 6 2 -1.33
0 2 3 -9.97
1 4 1 0.33
0 3 5 -15.82
1 5 1 5.29
0 3 6 -13.44
1 2 0 3.14
0 7 2 -13.41
1 4 6 8.58
0 5 6 -18.27
1 2 4 6.7
0 2 2 -16.22
1 1 3 5.41
0 1 5 -12.68
1 2 6 6.86
0 3 7 -11.55
1 6 1 1.72
0 3 0 -9.19
1 4 0 1.22
0 1 2 -7.46
1 0 5 7.57
0 1 6 -18.66
1 1 4 11.48
0 2 1 -16.65
1 0 7 6.3
0 0 6 -16.29
1 4 7 9.73
0 0 3 -11.93
1 0 4 2.8
0 5 7 -10.52
1 0 1 -1.07
0 0 2 -64
1 1 1 64
0 7 0 -4.0
1 7 1 4.0
0 2 7 -4.0
1 1 7 4.0
0 5 0 -4.0
1 6 7 4.0
0 6 6 -4.0
1 7 7 4.0
0 0 0 -4.0
1 7 4 4.0
0 1 0 -4.0
1 6 5 4.0
0 7 5 -4.0
1 6 0 4.0
0 7 6 -4.0
