1 2 4 4.0
0 4 5 -4.0
1 5 4 4.0
0 2 3 -4.0
1 3 2 4.0
0 5 5 -4.0
1 3 5 4.0
0 2 2 -4.0
1 4 2 4.0
0 2 5 -4.0
1 1 3 4.0
0 1 2 -1.12
1 1 4 4.09
0 3 1 -2.28
1 2 0 -6.17
0 5 2 -5.86
1 5 3 -0.27
0 3 0 -7.72
1 4 0 -0.36
0 0 5 -8.2
1 6 2 0.21
0 4 1 -4.09
1 1 5 -0.57
0 0 4 -1.05
1 2 1 0.59
0 5 1 -12.29
1 0 2 8.64
0 7 2 -19.39
1 5 0 6.51
0 0 3 -10.16
1 0 6 13.55
0 1 0 -10.84
1 0 0 14.15
0 0 1 -14.23
1 1 1 14.53
0 0 7 -12.72
1 4 6 7.57
0 2 6 -14.22
1 3 6 10.17
0 3 7 -20.54
1 1 6 8.37
0 5 6 -18.55
1 2 7 8.41
0 1 7 -64
1 6 7 64
0 5 7 -4.0
1 6 1 4.0
0 7 0 -4.0
1 6 5 4.0
0 7 7 -4.0
1 6 4 4.0
0 6 6 -4.0
1 6 3 4.0
0 7 4 -4.0
1 7 3 4.0
0 7 1 -4.0
1 6 0 4.0
1 4 7 4.0
1 7 5 4.0
0 7 6 -4.0
