1 4 2 8.0
0 5 4 -8.0
1 2 5 8.0
0 2 4 -8.0
1 3 5 8.0
0 3 2 -8.0
1 4 5 8.0
0 2 6 -8.0
1 1 5 8.0
0 2 3 -8.0
1 1 4 8.0
0 5 5 -8.0
1 3 6 8.0
0 2 7 -8.0
1 2 1 8.0
0 3 1 -8.0
1 4 6 -2.51
0 5 2 3.97
1 4 7 2.71
0 3 7 -8.38
1 1 7 6.44
0 5 6 -10.41
1 5 7 9.8
0 0 4 -15.61
1 1 3 7.76
0 2 2 -17.41
1 0 2 4.97
0 1 6 -12.83
1 3 0 4.73
0 4 1 -12.62
1 5 0 -1.98
0 0 3 -7.07
1 6 3 -4.73
0 0 5 -7.18
1 5 1 -2.7
0 6 4 -5.59
1 6 7 -5.06
0 2 0 -4.35
1 7 3 -3.34
0 6 2 3.92
1 5 3 -3.41
0 4 0 -3.61
1 7 2 -5.88
0 6 0 -64
1 6 1 64
0 7 0 -8.0
1 7 1 8.0
0 6 5 -8.0
1 7 4 8.0
0 7 6 -8.0
1 0 7 8.0
0 7 5 -8.0
1 0 6 8.0
0 6 6 -8.0
1 1 2 8.0
0 1 1 -8.0
1 0 1 8.0
0 1 0 -8.0
1 7 7 8.0
