1 2 4 -4.0
0 4 5 4.0
1 5 4 -4.0
0 2 3 4.0
1 3 2 -4.0
0 5 5 4.0
1 4 2 -4.0
0 2 5 4.0
1 3 5 -4.0
0 4 6 4.0
1 1 3 -4.0
0 1 2 4.0
1 1 5 -4.0
0 0 2 4.0
1 1 4 -4.0
0 0 3 4.0
1 3 6 -4.0
0 2 6 1.67
1 0 4 3.56
0 2 2 -3.76
1 3 1 -7.71
0 5 6 1.77
1 3 7 -15.55
0 4 7 13.3
1 0 1 -10.35
0 6 4 3.97
1 5 7 -19.84
0 5 3 10.82
1 6 3 -18.76
0 7 2 9.76
1 7 5 -15.8
0 5 1 4.63
1 5 2 -13.94
0 2 7 8.23
1 7 4 -22.57
0 6 7 8.68
1 2 1 -20.0
0 6 2 10.25
1 6 5 -20.31
0 4 1 9.54
1 4 0 -15.21
0 6 1 12.23
1 5 0 -7.92
0 3 0 64
1 7 3 -64
0 7 1 4.0
1 6 6 -4.0
0 7 7 4.0
1 7 6 -4.0
0 2 0 4.0
1 1 0 -4.0
0 0 6 4.0
1 1 1 -4.0
0 0 0 4.0
1 0 5 -4.0
0 6 0 4.0
1 7 0 -4.0
0 1 6 4.0
1 0 7 -4.0
0 1 7 4.0
