1 5 3 8.0
0 5 2 -8.0
1 4 2 8.0
0 5 4 -8.0
1 6 3 8.0
0 3 2 -8.0
1 4 1 8.0
0 6 4 -8.0
1 5 5 8.0
0 7 3 -8.0
1 4 5 8.0
0 3 5 -8.0
1 7 5 4.77
0 5 1 -4.02
1 3 1 0.38
0 6 2 -7.59
1 7 4 -1.33
0 5 0 -13.16
1 7 2 5.82
0 6 1 -12.4
1 2 5 14.06
0 4 6 -16.2
1 3 7 5.99
0 5 6 -18.76
1 3 6 7.38
0 4 7 -19.16
1 2 3 7.2
0 2 2 -17.09
1 1 3 6.45
0 2 4 -9.02
1 3 0 -4.71
0 2 6 -7.59
1 2 1 -2.4
0 1 4 -7.46
1 5 7 -4.03
0 1 2 -7.66
1 1 5 -0.04
0 7 1 -11.28
1 7 0 1.02
0 1 7 -7.06
1 2 7 -1.25
0 6 7 -8.65
1 6 0 1.12
0 4 0 -64
1 0 4 64
0 1 1 -8.0
1 0 2 8.0
0 2 0 -8.0
1 0 1 8.0
0 6 5 -8.0
1 6 6 8.0
0 0 3 -8.0
1 0 5 8.0
0 0 0 -8.0
1 1 0 8.0
0 7 7 -8.0
1 1 6 8.0
0 0 6 -8.0
1 0 7 8.0
1 7 6 8.0
