1 2 4 10.0
0 4 5 -10.0
1 5 2 10.0
0 4 2 -10.0
1 5 3 10.0
0 2 3 -10.0
1 5 4 10.0
0 6 2 -10.0
1 5 1 10.0
0 6 3 -10.0
1 3 2 10.0
0 3 5 -10.0
1 6 5 10.0
0 5 5 -10.0
1 6 4 10.0
0 7 3 -10.0
1 2 2 10.0
0 7 5 -10.0
1 7 2 10.0
0 4 1 -10.0
1 5 0 10.0
0 2 5 6.49
1 3 6 -15.69
0 4 6 3.01
1 3 1 -14.57
0 4 7 3.82
1 2 6 -4.32
0 2 1 0.48
1 3 7 -9.39
0 3 0 1.88
1 7 4 -5.14
0 1 5 -3.09
1 7 6 -3.52
0 1 1 -9.88
1 1 2 0.8
0 4 0 -7.13
1 0 0 1.64
0 1 3 -3.67
1 5 7 -1.1
0 0 3 -10.22
1 0 1 -4.16
0 1 4 -4.85
1 1 0 -0.56
0 7 1 -64
1 7 0 64
0 2 0 -10.0
1 0 2 10.0
0 0 4 -10.0
1 5 6 10.0
0 6 0 -10.0
1 6 1 10.0
0 6 7 -10.0
1 6 6 10.0
0 7 7 -10.0
1 1 6 10.0
0 0 5 -10.0
1 0 6 10.0
0 0 7 -10.0
1 1 7 10.0
0 2 7 -10.0
