1 5 3 -4.0
0 3 2 4.0
1 2 5 -4.0
0 3 5 4.0
1 2 4 -4.0
0 5 4 4.0
1 5 2 -4.0
0 5 5 4.0
1 4 2 -4.0
0 4 1 4.0
1 3 1 -4.0
0 6 2 4.0
1 6 3 -4.0
0 5 1 4.0
1 4 6 -4.0
0 2 3 4.0
1 4 5 -4.0
0 6 5 4.0
1 6 4 -4.0
0 7 3 4.0
1 5 0 -4.0
0 3 6 2.33
1 1 3 -0.7
0 4 7 -5.05
1 5 6 0.48
0 7 4 -1.55
1 7 2 -3.26
0 7 1 -0.83
1 2 2 -11.76
0 2 1 1.9
1 4 0 -15.66
0 5 7 5.03
1 2 0 -14.38
0 1 5 7.8
1 7 5 -7.88
0 6 1 4.55
1 7 0 -14.3
0 6 0 9.46
1 2 7 -20.48
0 3 7 12.3
1 1 4 -15.1
0 0 4 14.63
1 6 7 -19.22
0 0 2 64
1 2 6 -64
0 1 6 4.0
1 0 3 -4.0
0 1 7 4.0
1 0 7 -4.0
0 1 2 4.0
1 0 5 -4.0
0 3 0 4.0
1 1 1 -4.0
0 0 1 4.0
1 0 0 -4.0
0 1 0 4.0
0 6 6 4.0
1 7 7 -4.0
0 7 6 4.0
0 0 6 4.0
