1 2 4 18.0
0 4 5 -18.0
1 5 4 18.0
0 2 3 -18.0
1 3 2 18.0
0 5 5 -18.0
1 4 2 18.0
0 2 5 -18.0
1 3 5 18.0
0 4 6 -18.0
1 3 6 18.0
0 5 2 -18.0
1 5 3 2.26
0 6 4 -7.75
1 6 3 -5.11
0 5 6 -4.7
1 7 5 -2.42
0 2 7 -1.52
1 4 7 -9.06
0 3 7 3.08
1 5 7 -13.04
0 6 7 12.18
1 1 6 -17.88
0 6 5 7.89
1 2 2 -18.78
0 4 1 10.15
1 3 1 -20.8
0 7 2 14.6
1 7 3 -19.44
0 2 6 13.31
1 6 2 -20.92
0 1 5 10.88
1 7 6 -16.48
0 5 1 8.27
1 5 0 -5.91
0 3 0 -2.5
1 2 1 -2.47
0 1 4 -9.81
1 2 0 2.05
0 1 0 -8.52
1 6 0 -3.74
0 1 1 -14.73
1 6 1 7.41
0 0 6 -64
1 0 7 64
0 7 4 -18.0
1 7 1 18.0
0 7 0 -18.0
1 4 0 18.0
0 7 7 -18.0
1 0 0 18.0
0 1 7 -18.0
1 0 2 18.0
0 0 1 -18.0
1 1 2 18.0
0 1 3 -18.0
1 0 3 18.0
0 0 4 -18.0
1 0 5 18.0
1 6 6 18.0
