1 2 4 -16.0
0 4 5 16.0
1 5 4 -16.0
0 2 3 16.0
1 3 2 -16.0
0 5 5 16.0
1 4 2 -16.0
0 2 5 16.0
1 3 5 -16.0
0 4 6 16.0
1 3 6 -16.0
0 5 6 16.0
1 5 3 -16.0
0 4 7 3.56
1 2 7 -5.48
0 3 7 4.29
1 1 3 -3.48
0 1 2 3.89
1 1 4 -3.88
0 0 3 5.76
1 6 5 -7.24
0 0 2 6.39
1 5 7 -5.34
0 2 2 6.17
1 2 6 -5.48
0 4 1 6.89
1 3 1 -6.98
0 5 2 6.7
1 4 0 -7.57
0 5 0 7.35
1 1 5 -7.3
0 6 3 9.12
1 6 4 -9.84
0 5 1 9.46
1 2 1 -9.04
0 7 4 8.14
1 7 2 -7.39
0 7 3 8.52
1 7 5 -8.62
0 6 2 9.37
1 7 1 -9.33
0 6 7 9.7
1 6 0 -10.53
0 6 6 10.73
1 3 0 -10.59
0 1 7 12.73
1 7 7 -12.59
0 7 6 12.91
1 0 5 -14.02
0 2 0 13.11
1 0 4 -9.95
0 7 0 8.31
1 0 7 -8.31
0 6 1 16.0
1 0 1 -16.0
0 0 6 16.0
1 1 6 -16.0
0 0 0 16.0
1 1 0 -16.0
0 1 1 16.0
