1 5 3 32.0
0 3 2 -32.0
1 2 3 32.0
0 5 4 -32.0
1 4 5 32.0
0 2 2 -32.0
1 3 5 32.0
0 5 2 -32.0
1 4 2 32.0
0 3 1 -32.0
1 6 4 32.0
0 6 5 -32.0
1 6 2 32.0
0 5 5 -32.0
1 6 3 32.0
0 7 2 -32.0
1 5 1 32.0
0 5 0 1.97
1 2 1 -2.59
0 2 6 -3.34
1 4 6 -6.57
0 2 5 -3.39
1 2 4 0.27
0 4 7 -14.34
1 5 7 -1.05
0 6 7 -9.37
1 1 5 -2.23
0 5 6 -5.48
1 3 6 3.83
0 0 4 -13.28
1 4 0 3.88
0 3 7 -15.15
1 0 5 3.56
0 0 6 -17.45
1 4 1 7.94
0 7 4 -15.44
1 7 3 12.01
0 1 3 -15.86
1 2 7 6.68
0 1 7 -16.17
1 1 2 7.21
0 3 0 -17.81
1 0 3 9.02
0 1 6 -64
1 2 0 64
0 1 4 -32.0
1 0 7 32.0
0 6 0 -32.0
1 6 1 32.0
0 1 0 -32.0
1 7 6 32.0
0 6 6 -32.0
1 7 7 32.0
0 0 1 -32.0
1 0 2 32.0
0 7 1 -32.0
1 7 0 32.0
0 1 1 -32.0
1 0 0 32.0
1 7 5 32.0
