1 2 4 16.0
0 4 5 -16.0
1 5 4 16.0
0 2 3 -16.0
1 3 2 16.0
0 5 5 -16.0
1 4 2 16.0
0 2 5 -16.0
1 3 5 16.0
0 4 6 -16.0
1 1 2 16.0
0 5 3 -16.0
1 6 3 16.0
0 6 2 -16.0
1 6 5 16.0
0 5 2 -16.0
1 6 4 16.0
0 7 5 -16.0
1 1 4 16.0
0 7 4 -16.0
1 7 3 16.0
0 7 2 1.56
1 4 7 0.0
0 5 7 0.0
1 6 7 0.0
0 4 1 1.38
1 5 6 -3.38
0 3 6 2.55
1 4 0 -5.07
0 0 3 -5.63
1 5 1 -0.13
0 3 0 -5.95
1 3 1 5.01
0 5 0 -14.39
1 1 3 0.65
0 1 5 -10.3
1 0 4 9.11
0 0 5 -8.89
1 2 2 6.36
0 2 0 -15.36
1 2 1 10.06
0 6 6 -11.28
1 2 6 4.5
0 1 6 -64
1 7 7 64
0 1 0 -16.0
1 2 7 16.0
0 3 7 -16.0
1 0 7 16.0
0 7 6 -16.0
1 1 7 16.0
0 0 6 -16.0
1 0 2 16.0
0 0 1 -16.0
1 0 0 16.0
0 1 1 -16.0
1 6 0 16.0
0 6 1 -16.0
1 7 1 16.0
0 7 0 -16.0
