1 2 4 10.0
0 2 5 -10.0
1 3 5 10.0
0 2 3 -10.0
1 3 2 10.0
0 5 4 -10.0
1 5 5 10.0
0 3 6 -10.0
1 4 2 -0.38
0 5 2 -14.42
1 5 3 2.3
0 3 1 -11.49
1 1 5 3.26
0 6 3 -9.94
1 6 4 4.35
0 6 2 -9.17
1 4 5 -3.84
0 7 5 -9.38
1 1 2 1.16
0 5 1 -7.66
1 2 2 6.43
0 2 6 -15.98
1 2 1 5.22
0 4 6 -15.17
1 5 7 0.35
0 1 3 -12.59
1 1 4 5.74
0 6 5 -15.93
1 2 7 8.64
0 0 2 -15.11
1 0 3 9.16
0 4 7 -14.06
1 0 1 3.38
0 1 6 -13.95
1 7 4 8.95
0 0 4 -14.48
1 1 1 9.13
0 2 0 -14.56
1 5 0 3.26
0 6 7 -14.03
1 7 3 4.7
0 4 1 -9.58
1 4 0 6.27
0 7 2 -64
1 5 6 64
0 3 0 -10.0
1 0 7 10.0
0 1 7 -10.0
1 3 7 10.0
0 6 6 -10.0
1 7 7 10.0
0 7 6 -10.0
1 7 1 10.0
0 6 0 -10.0
1 1 0 10.0
0 0 0 -10.0
1 0 6 10.0
0 6 1 -10.0
1 0 5 10.0
1 7 0 10.0
