1 4 2 14.0
0 5 2 -14.0
1 5 3 14.0
0 5 4 -14.0
1 4 5 14.0
0 3 2 -14.0
1 6 4 14.0
0 3 5 -14.0
1 2 5 14.0
0 6 5 -14.0
1 6 3 3.55
0 7 5 -3.55
1 7 4 6.52
0 5 5 -12.6
1 2 4 3.96
0 3 6 -15.04
1 2 6 1.48
0 5 6 -8.02
1 6 2 8.14
0 1 5 -19.5
1 5 1 13.6
0 5 0 -26.61
1 4 1 13.52
0 3 7 -22.06
1 5 7 13.61
0 4 7 -21.48
1 2 1 9.2
0 6 7 -11.35
1 2 2 12.96
0 7 3 -8.92
1 7 2 7.51
0 4 6 -7.28
1 1 6 2.94
0 7 1 -15.84
1 2 3 7.51
0 1 3 -15.44
1 2 7 6.72
0 1 4 -11.05
1 0 3 5.51
0 6 1 -13.12
1 7 7 7.89
0 2 0 -19.68
1 0 4 6.45
0 4 0 -64
1 1 1 64
0 3 1 -14.0
1 1 2 14.0
0 0 5 -14.0
1 0 6 14.0
0 0 0 -14.0
1 1 0 14.0
0 0 1 -14.0
1 7 0 14.0
0 6 0 -14.0
1 0 2 14.0
0 0 7 -14.0
1 1 7 14.0
1 3 0 14.0
1 7 6 14.0
0 6 6 -14.0
