1 2 4 -34.0
0 2 5 34.0
1 3 5 -34.0
0 4 5 34.0
1 3 6 -34.0
0 1 4 34.0
1 5 4 -34.0
0 2 6 34.0
1 5 5 -34.0
0 2 3 34.0
1 1 5 -34.0
0 5 3 -1.38
1 3 2 -11.38
0 4 1 -3.34
1 2 2 -6.15
0 4 2 -2.33
1 0 4 -8.24
0 1 2 3.22
1 6 2 -9.84
0 6 3 2.48
1 3 1 -10.49
0 1 3 -2.07
1 2 1 -7.84
0 3 7 -3.72
1 4 7 -4.34
0 2 7 -0.43
1 4 6 -6.23
0 0 3 -3.49
1 1 7 -4.3
0 0 5 4.26
1 7 3 -17.84
0 6 4 4.77
1 5 2 -13.63
0 4 0 5.59
1 3 0 -18.74
0 5 0 9.78
1 1 6 -24.0
0 5 1 19.45
1 7 4 -26.43
0 2 0 23.66
1 1 1 -27.2
0 5 7 31.32
1 6 7 -25.2
0 5 6 64
1 6 0 -64
0 7 0 34.0
1 6 1 -34.0
0 7 5 34.0
1 1 0 -34.0
0 0 0 34.0
1 0 1 -34.0
0 0 2 34.0
1 7 6 -34.0
0 7 1 34.0
1 7 2 -34.0
0 0 7 34.0
1 6 6 -34.0
0 0 6 34.0
1 6 5 -34.0
0 7 7 34.0
