1 2 4 2.0
0 4 5 -2.0
1 5 2 2.0
0 4 2 -2.0
1 5 3 2.0
0 2 3 -2.0
1 3 5 2.0
0 6 2 -2.0
1 3 1 2.0
0 3 2 -2.0
1 2 2 2.0
0 5 4 -2.0
1 6 3 2.0
0 7 2 1.77
1 2 1 0.13
0 1 5 -1.94
1 6 4 1.72
0 4 6 -1.16
1 2 5 1.06
0 5 5 -1.94
1 3 6 1.47
0 7 5 -1.47
1 5 7 1.2
0 2 0 -1.8
1 5 6 1.17
0 1 2 -0.1
1 0 5 -0.59
0 3 0 1.45
1 6 5 -2.02
0 1 3 0.96
1 0 2 -0.16
0 0 3 0.08
1 0 4 0.29
0 1 4 -0.41
1 0 1 1.77
0 1 6 -2.52
1 2 6 3.09
0 4 7 -3.02
1 4 1 2.37
0 7 6 -2.55
1 5 1 2.17
0 5 0 -2.37
1 0 7 2.51
0 4 0 -64
1 1 0 64
0 0 0 -2.0
1 1 1 2.0
0 2 7 -2.0
1 1 7 2.0
0 0 6 -2.0
1 3 7 2.0
0 6 1 -2.0
1 7 4 2.0
0 7 3 -2.0
1 7 0 2.0
0 6 7 -2.0
1 6 0 2.0
0 7 1 -2.0
1 7 7 2.0
0 6 6 -2.0
