1 4 2 -14.0
0 5 4 14.0
1 4 5 -14.0
0 3 2 14.0
1 2 3 -14.0
0 5 5 14.0
1 2 4 -14.0
0 5 2 14.0
1 5 3 -14.0
0 6 4 14.0
1 3 1 -14.0
0 3 5 14.0
1 4 1 -14.0
0 2 5 14.0
1 6 2 -14.0
0 1 4 14.0
1 0 5 -14.0
0 1 3 14.0
1 1 2 -3.27
0 2 0 0.09
1 2 1 -12.44
0 7 2 2.48
1 7 4 -17.13
0 4 0 11.4
1 2 6 -18.91
0 3 6 7.84
1 3 7 -20.03
0 6 5 13.31
1 4 6 -17.3
0 7 5 13.98
1 7 6 -16.62
0 5 6 15.88
1 4 7 -21.89
0 1 5 13.8
1 2 2 -17.04
0 0 2 4.12
1 0 3 -11.58
0 3 0 8.11
1 0 1 -13.79
0 0 4 23.66
1 1 1 -15.76
0 1 6 12.44
1 6 1 -16.66
0 6 7 64
1 0 7 -64
0 0 0 14.0
1 5 1 -14.0
0 1 0 14.0
1 0 6 -14.0
0 2 7 14.0
1 1 7 -14.0
0 7 0 14.0
1 5 7 -14.0
0 6 6 14.0
1 7 7 -14.0
0 6 0 14.0
1 6 3 -14.0
0 5 0 14.0
1 7 1 -14.0
0 7 3 14.0
