1 2 4 28.0
0 4 5 -28.0
1 5 3 28.0
0 4 2 -28.0
1 5 2 28.0
0 2 3 -28.0
1 2 5 28.0
0 1 4 -28.0
1 3 5 28.0
0 2 6 -28.0
1 0 4 28.0
0 0 5 5.45
1 3 2 -1.22
0 0 3 2.8
1 5 5 -10.92
0 5 4 9.78
1 1 2 -9.03
0 3 6 -0.7
1 1 5 -10.52
0 3 1 -2.73
1 6 4 -5.81
0 6 3 1.12
1 4 1 -3.36
0 2 2 -5.99
1 4 6 -4.98
0 0 2 -0.87
1 7 4 -6.35
0 2 1 -2.12
1 2 7 -8.95
0 7 2 -1.48
1 3 7 -8.05
0 5 6 -2.59
1 1 3 -1.71
0 0 6 -7.2
1 7 3 0.38
0 4 7 -10.66
1 1 6 -0.48
0 5 0 -15.22
1 7 1 3.66
0 6 2 -7.02
1 5 1 12.63
0 6 0 -17.94
1 3 0 6.82
0 2 0 -64
1 4 0 64
0 1 1 -28.0
1 7 0 28.0
0 6 1 -28.0
1 0 1 28.0
0 1 0 -28.0
1 0 0 28.0
0 0 7 -28.0
1 1 7 28.0
0 7 5 -28.0
1 7 6 28.0
1 6 5 28.0
0 6 6 -28.0
1 7 7 28.0
1 6 7 28.0
0 5 7 -28.0
