1 5 3 18.0
0 3 2 -18.0
1 2 5 18.0
0 3 5 -18.0
1 2 4 18.0
0 5 4 -18.0
1 5 2 18.0
0 6 3 -18.0
1 4 5 18.0
0 5 5 -18.0
1 6 2 18.0
0 4 6 -18.0
1 7 3 18.0
0 2 3 -18.0
1 6 4 18.0
0 6 5 -18.0
1 5 6 18.0
0 3 6 -0.93
1 7 4 2.4
0 7 2 0.31
1 7 1 0.09
0 5 7 -1.73
1 2 6 1.59
0 7 6 -0.77
1 2 7 2.45
0 1 3 -3.92
1 4 2 3.59
0 3 7 -2.75
1 1 4 3.41
0 4 1 -5.21
1 5 1 7.54
0 5 0 -7.59
1 2 2 8.47
0 0 3 -10.26
1 0 5 10.24
0 3 1 -9.8
1 2 0 7.71
0 1 2 -8.1
1 2 1 7.13
0 4 0 -5.94
1 3 0 5.28
0 1 6 -6.59
1 1 7 7.51
0 0 7 -64
1 1 5 64
0 1 1 -18.0
1 0 6 18.0
0 1 0 -18.0
1 0 0 18.0
0 0 1 -18.0
1 0 4 18.0
0 7 5 -18.0
1 7 7 18.0
0 0 2 -18.0
1 6 7 18.0
0 6 6 -18.0
1 4 7 18.0
0 6 1 -18.0
1 6 0 18.0
0 7 0 -18.0
