1 4 2 14.0
0 5 4 -14.0
1 2 5 14.0
0 2 4 -14.0
1 3 5 14.0
0 3 2 -14.0
1 5 3 14.0
0 5 2 -14.0
1 2 3 14.0
0 4 5 -14.0
1 5 5 14.0
0 5 6 -14.0
1 6 5 14.0
0 4 6 -14.0
1 6 4 14.0
0 6 3 -4.84
1 7 3 0.4
0 1 4 -4.27
1 3 6 -0.79
0 2 2 4.44
1 1 3 -15.84
0 0 4 6.26
1 5 1 -13.3
0 6 2 4.12
1 0 2 -13.13
0 3 7 -0.08
1 1 5 -10.95
0 7 2 2.96
1 4 1 -8.36
0 5 0 -3.59
1 7 4 -3.23
0 0 3 -4.8
1 0 5 4.3
0 1 2 -7.53
1 3 1 -2.73
0 3 0 -8.61
1 2 6 1.24
0 4 0 -9.07
1 2 7 1.88
0 1 7 -8.42
1 4 7 -3.23
0 1 6 -9.57
1 6 1 -0.41
0 1 1 -64
1 6 0 64
0 5 7 -14.0
1 7 1 14.0
0 7 6 -14.0
1 0 0 14.0
0 7 0 -14.0
1 7 5 14.0
0 6 6 -14.0
1 0 1 14.0
0 2 1 -14.0
1 0 7 14.0
0 0 6 -14.0
1 6 7 14.0
0 1 0 -14.0
1 7 7 14.0
1 2 0 14.0
