1 5 3 14.0
0 3 2 -14.0
1 2 3 14.0
0 5 4 -14.0
1 4 5 14.0
0 2 2 -14.0
1 3 5 14.0
0 5 5 -14.0
1 6 4 14.0
0 4 6 -14.0
1 3 6 -0.3
0 6 2 1.31
1 6 5 -5.5
0 1 4 -2.2
1 5 2 -8.46
0 4 2 -3.66
1 5 1 -6.56
0 6 3 -2.71
1 4 1 -7.64
0 7 5 -2.37
1 3 7 -3.25
0 2 4 1.29
1 2 5 -3.74
0 5 6 -1.59
1 1 5 -14.48
0 3 1 1.71
1 1 2 -11.38
0 2 1 0.19
1 4 7 -10.41
0 0 2 -3.73
1 0 3 -9.7
0 0 4 2.62
1 7 2 -6.87
0 4 0 -1.86
1 7 4 -1.86
0 2 6 -8.8
1 0 5 -3.97
0 5 0 -6.69
1 1 3 -0.55
0 0 6 -5.53
1 6 1 1.71
0 5 7 -10.02
1 3 0 -3.17
0 7 6 -64
1 1 7 64
0 2 0 -14.0
1 6 0 14.0
0 7 0 -14.0
1 7 7 14.0
0 2 7 -14.0
1 6 7 14.0
0 6 6 -14.0
1 1 0 14.0
0 0 0 -14.0
1 0 1 14.0
0 1 1 -14.0
1 0 7 14.0
0 7 3 -14.0
1 7 1 14.0
1 1 6 14.0
