1 4 2 -2.0
0 5 4 2.0
1 4 5 -2.0
0 3 2 2.0
1 2 3 -2.0
0 5 5 2.0
1 2 4 -2.0
0 5 2 2.0
1 5 3 -2.0
0 6 4 2.0
1 6 3 -2.0
0 6 5 2.0
1 3 5 -2.0
0 7 4 0.61
1 5 6 1.33
0 4 7 -4.28
1 5 7 -9.04
0 6 7 -1.52
1 7 2 -9.79
0 7 3 2.01
1 7 5 -9.85
0 2 5 -0.61
1 6 2 -13.39
0 4 6 3.21
1 3 7 -3.05
0 6 6 -8.93
1 7 7 -0.94
0 7 6 -1.91
1 5 1 -7.79
0 3 6 1.03
1 3 1 -8.43
0 1 4 -0.41
1 2 7 -2.1
0 2 2 4.61
1 0 3 -13.16
0 2 6 3.04
1 1 1 -14.76
0 2 1 7.97
1 1 7 -13.12
0 5 0 3.31
1 4 1 -11.56
0 1 6 -0.53
1 1 3 -10.84
0 0 0 64
1 1 0 -64
0 6 1 2.0
1 6 0 -2.0
0 1 5 2.0
1 4 0 -2.0
0 0 2 2.0
1 0 1 -2.0
0 1 2 2.0
1 0 6 -2.0
0 0 7 2.0
1 0 4 -2.0
0 0 5 2.0
0 2 0 2.0
1 3 0 -2.0
0 7 0 2.0
1 7 1 -2.0
