1 5 3 6.0
0 3 2 -6.0
1 2 5 6.0
0 3 5 -6.0
1 2 4 6.0
0 5 4 -6.0
1 2 3 6.0
0 1 5 -6.0
1 2 6 6.0
0 1 4 -6.0
1 2 2 6.0
0 4 2 -2.66
1 4 5 2.68
0 1 3 -3.49
1 1 2 4.05
0 3 1 -3.34
1 2 1 4.3
0 5 2 -4.05
1 5 5 4.78
0 0 2 -5.01
1 6 4 4.85
0 3 6 -5.3
1 6 2 4.01
0 4 6 -4.13
1 5 1 3.7
0 6 5 -2.48
1 0 5 2.16
0 0 4 -2.1
1 3 7 2.3
0 5 7 -0.59
1 4 1 0.26
0 7 3 -0.2
1 4 7 0.2
0 5 6 -1.22
1 6 7 1.95
0 2 7 -0.49
1 1 7 -0.83
0 6 3 1.32
1 7 2 -0.93
0 7 1 -0.02
1 1 6 -0.85
0 0 7 2.16
1 0 6 -2.02
0 7 7 -64
1 7 4 64
0 7 6 -6.0
1 7 0 6.0
0 1 0 -6.0
1 6 1 6.0
0 7 5 -6.0
1 6 6 6.0
0 3 0 -6.0
1 0 3 6.0
0 6 0 -6.0
1 4 0 6.0
0 5 0 -6.0
1 2 0 6.0
0 1 1 -6.0
1 0 0 6.0
1 0 1 6.0
