1 4 2 6.0
0 5 4 -6.0
1 2 5 6.0
0 2 4 -6.0
1 3 5 6.0
0 3 2 -6.0
1 4 5 6.0
0 2 6 -6.0
1 1 5 6.0
0 5 3 -6.0
1 3 6 6.0
0 1 4 -6.0
1 2 3 1.19
0 4 7 -11.1
1 5 5 -0.6
0 5 6 -10.07
1 0 4 -3.07
0 5 2 -8.84
1 6 5 -3.67
0 4 6 -7.54
1 6 3 -2.67
0 2 2 -7.59
1 5 7 -3.96
0 6 7 -1.54
1 2 1 -7.03
0 4 1 -5.13
1 6 4 -3.7
0 0 3 -4.72
1 3 1 -8.06
0 7 5 -2.65
1 1 2 -5.83
0 3 7 -2.68
1 6 2 -4.31
0 0 5 0.83
1 1 6 -1.35
0 7 2 -7.56
1 2 7 -0.52
0 1 3 -7.59
1 7 4 -6.01
0 0 7 -2.75
1 7 7 -0.99
0 7 3 -8.55
1 4 0 -3.77
0 5 0 -64
1 6 0 64
0 0 2 -6.0
1 7 6 6.0
0 6 6 -6.0
1 3 0 6.0
0 6 1 -6.0
1 5 1 6.0
0 2 0 -6.0
1 1 0 6.0
0 1 1 -6.0
1 0 0 6.0
0 0 1 -6.0
1 7 1 6.0
0 7 0 -6.0
1 0 6 6.0
0 1 7 -6.0
