1 2 4 18.0
0 4 5 -18.0
1 5 2 18.0
0 4 2 -18.0
1 5 3 18.0
0 2 3 -18.0
1 5 4 18.0
0 6 2 -18.0
1 5 1 18.0
0 3 5 -18.0
1 6 3 18.0
0 2 2 -18.0
1 3 2 18.0
0 3 1 -18.0
1 1 3 18.0
0 4 1 -18.0
1 1 2 -3.71
0 7 3 -8.49
1 6 4 -3.55
0 2 1 -3.35
1 7 4 -5.16
0 1 4 -5.2
1 7 2 1.89
0 6 5 -4.91
1 2 5 -7.38
0 5 0 -4.58
1 2 6 -5.91
0 0 2 -5.49
1 3 6 -2.06
0 5 5 -4.13
1 5 6 -6.62
0 5 7 0.37
1 1 5 -3.46
0 0 3 2.72
1 4 6 -9.86
0 6 6 -2.02
1 3 0 -4.13
0 0 4 -4.3
1 4 7 -4.01
0 1 7 -8.29
1 2 7 0.39
0 3 7 -9.0
1 7 7 3.02
0 7 5 -64
1 6 7 64
0 7 6 -18.0
1 4 0 18.0
0 2 0 -18.0
1 0 6 18.0
0 6 0 -18.0
1 0 1 18.0
0 0 0 -18.0
1 6 1 18.0
0 0 5 -18.0
1 0 7 18.0
0 7 0 -18.0
1 7 1 18.0
0 1 1 -18.0
1 1 0 18.0
1 1 6 18.0
