1 5 3 12.0
0 3 2 -12.0
1 2 3 12.0
0 5 4 -12.0
1 4 5 12.0
0 2 2 -12.0
1 3 5 12.0
0 5 2 -12.0
1 4 2 12.0
0 3 1 -12.0
1 6 5 12.0
0 2 4 -12.0
1 4 1 12.0
0 2 5 -12.0
1 6 3 12.0
0 5 0 5.2
1 2 1 -12.45
0 2 0 1.13
1 6 4 -6.22
0 7 3 -12.34
1 7 4 7.8
0 4 6 -16.31
1 7 2 13.91
0 5 5 -13.59
1 1 4 6.61
0 1 5 -9.38
1 2 6 -2.86
0 0 5 -11.09
1 5 6 2.37
0 3 6 -10.72
1 4 7 -1.94
0 1 3 -9.9
1 0 2 -0.43
0 6 2 -6.48
1 0 4 -0.26
0 0 3 -8.75
1 0 6 8.15
0 2 7 -6.9
1 3 7 1.33
0 5 7 -4.27
1 7 1 8.2
0 1 7 -8.4
1 5 1 6.47
0 7 6 -64
1 3 0 64
0 4 0 -12.0
1 1 6 12.0
0 7 5 -12.0
1 7 7 12.0
0 6 1 -12.0
1 7 0 12.0
0 6 0 -12.0
1 1 1 12.0
0 1 0 -12.0
1 0 0 12.0
0 0 7 -12.0
1 1 2 12.0
0 0 1 -12.0
1 6 6 12.0
0 6 7 -12.0
