1 2 4 16.0
0 4 5 -16.0
1 5 4 16.0
0 2 3 -16.0
1 3 2 16.0
0 5 5 -16.0
1 4 2 16.0
0 2 2 -16.0
1 1 3 16.0
0 1 4 -4.3
1 2 5 -10.43
0 5 2 -3.91
1 4 1 -1.55
0 0 4 1.42
1 0 5 -6.21
0 3 5 0.09
1 0 3 -8.69
0 6 4 -1.91
1 3 1 -7.3
0 0 2 3.63
1 0 1 -4.47
0 5 1 -2.62
1 5 3 5.16
0 6 2 -19.27
1 1 2 12.12
0 4 0 -15.45
1 6 3 3.58
0 7 4 -13.7
1 7 2 14.19
0 7 3 -14.98
1 1 5 9.6
0 7 1 -8.17
1 2 6 0.14
0 2 0 -3.21
1 6 5 -4.31
0 3 6 -8.33
1 2 1 5.32
0 1 0 -13.58
1 4 7 5.34
0 7 5 -17.06
1 4 6 1.25
0 5 6 -13.95
1 3 0 6.79
0 1 7 -64
1 2 7 64
0 5 7 -16.0
1 0 0 16.0
0 3 7 -16.0
1 7 6 16.0
0 7 7 -16.0
1 6 7 16.0
0 6 6 -16.0
1 6 1 16.0
0 6 0 -16.0
1 0 7 16.0
0 5 0 -16.0
1 7 0 16.0
0 1 1 -16.0
0 0 6 -16.0
1 1 6 16.0
