1 2 4 38.0
0 4 5 -38.0
1 5 2 38.0
0 4 2 -38.0
1 5 3 38.0
0 2 3 -38.0
1 5 4 38.0
0 6 3 -38.0
1 6 2 38.0
0 3 5 -38.0
1 5 5 38.0
0 6 4 -38.0
1 3 2 38.0
0 2 1 -38.0
1 7 5 38.0
0 7 4 -38.0
1 4 6 2.38
0 5 6 -1.95
1 2 5 1.95
0 1 4 -1.95
1 7 3 2.23
0 4 1 -8.8
1 5 7 -2.55
0 6 5 -3.15
1 3 0 -0.09
0 5 1 -7.05
1 3 6 -1.03
0 4 0 -3.32
1 5 0 -0.49
0 2 6 1.26
1 2 2 -10.3
0 3 1 0.62
1 2 0 -2.01
0 7 1 0.96
1 0 4 -14.02
0 1 3 1.88
1 1 5 -9.55
0 4 7 3.39
1 2 7 -7.15
0 0 5 -10.12
1 3 7 1.59
0 7 2 -4.73
1 7 0 4.16
0 6 0 -64
1 6 1 64
0 0 3 -38.0
1 6 7 38.0
0 1 2 -38.0
1 1 1 38.0
0 1 7 -38.0
1 0 7 38.0
0 6 6 -38.0
1 0 6 38.0
0 0 0 -38.0
1 1 0 38.0
0 0 2 -38.0
1 1 6 38.0
1 0 1 38.0
1 7 6 38.0
0 7 7 -38.0
