1 2 4 -28.0
0 2 5 28.0
1 3 5 -28.0
0 2 3 28.0
1 1 4 -28.0
0 3 6 28.0
1 3 2 -28.0
0 1 3 28.0
1 2 2 -28.0
0 4 2 28.0
1 5 2 4.02
0 5 1 -4.02
1 5 4 4.02
0 4 1 -1.19
1 4 0 -5.44
0 1 5 -10.93
1 2 1 -1.48
0 5 0 -7.53
1 0 3 1.85
0 3 0 -5.09
1 2 6 2.15
0 5 3 -8.8
1 3 1 0.22
0 5 5 -6.33
1 4 5 -4.97
0 2 0 -4.15
1 6 4 -3.8
0 4 6 -2.23
1 6 3 -9.02
0 6 2 -3.19
1 7 2 -11.8
0 3 7 1.41
1 6 5 -7.68
0 0 2 1.62
1 0 1 -8.43
0 5 6 1.84
1 0 4 -11.27
0 1 0 2.23
1 0 5 -12.23
0 1 6 7.99
1 6 6 -17.85
0 1 2 6.55
1 4 7 -20.34
0 5 7 64
1 6 0 -64
0 7 0 28.0
1 1 1 -28.0
0 7 7 28.0
1 6 7 -28.0
0 0 0 28.0
1 0 7 -28.0
0 0 6 28.0
1 2 7 -28.0
0 1 7 28.0
0 7 6 28.0
1 7 5 -28.0
0 6 1 28.0
1 7 3 -28.0
0 7 4 28.0
1 7 1 -28.0
