1 4 2 14.0
0 5 4 -14.0
1 2 5 14.0
0 2 4 -14.0
1 3 5 14.0
0 3 2 -14.0
1 4 5 14.0
0 2 6 -14.0
1 1 5 14.0
0 1 4 -14.0
1 5 3 14.0
0 3 6 -14.0
1 3 1 1.53
0 0 4 -0.17
1 6 4 -5.42
0 5 2 -0.65
1 4 6 -5.8
0 2 3 -2.19
1 1 3 -3.88
0 6 3 -6.82
1 5 1 -0.05
0 5 6 -4.44
1 2 7 -5.96
0 2 1 -7.41
1 2 2 -5.05
0 3 0 -7.82
1 3 7 -1.5
0 4 1 -6.56
1 5 0 -7.57
0 4 7 -1.44
1 5 5 -6.65
0 0 3 -4.23
1 2 0 -7.24
0 5 7 -0.43
1 4 0 -4.84
0 1 1 -3.53
1 6 2 -10.46
0 1 7 -3.02
1 1 2 -3.58
0 0 1 -4.21
1 0 0 3.13
0 7 1 -12.34
1 7 3 0.69
0 1 0 -64
1 1 6 64
0 7 5 -14.0
1 7 4 14.0
0 6 6 -14.0
1 0 6 14.0
0 6 5 -14.0
1 7 7 14.0
0 7 6 -14.0
1 6 7 14.0
0 0 7 -14.0
1 0 5 14.0
0 6 1 -14.0
1 7 2 14.0
0 7 0 -14.0
1 6 0 14.0
1 0 2 14.0
