1 2 4 16.0
0 2 5 -16.0
1 3 5 16.0
0 2 3 -16.0
1 3 2 16.0
0 5 4 -16.0
1 1 4 16.0
0 4 5 -16.0
1 1 5 16.0
0 1 3 -3.54
1 1 2 -0.38
0 3 1 -9.06
1 3 6 2.62
0 2 6 -12.55
1 4 6 4.57
0 0 4 -12.15
1 5 6 5.42
0 2 2 -15.7
1 0 3 2.97
0 0 5 -12.22
1 0 2 4.46
0 0 1 -7.27
1 5 2 6.15
0 5 5 -7.08
1 4 2 6.31
0 2 7 -11.23
1 3 7 11.53
0 5 1 -19.75
1 5 3 10.98
0 4 7 -17.23
1 5 7 18.11
0 6 2 -19.42
1 4 0 8.06
0 2 0 -18.3
1 1 7 10.13
0 6 3 -11.02
1 4 1 9.55
0 5 0 -14.67
1 6 5 1.23
0 3 0 -10.36
1 6 4 -2.66
0 2 1 -8.7
1 7 3 -0.19
0 7 5 -64
1 1 1 64
0 7 4 -16.0
1 7 6 16.0
0 6 7 -16.0
1 7 7 16.0
0 6 6 -16.0
1 7 2 16.0
0 0 0 -16.0
1 1 0 16.0
0 6 1 -16.0
1 1 6 16.0
0 0 6 -16.0
1 7 1 16.0
0 6 0 -16.0
1 7 0 16.0
1 0 7 16.0
