1 5 3 -28.0
0 3 2 28.0
1 2 3 -28.0
0 5 4 28.0
1 4 5 -28.0
0 2 2 28.0
1 3 5 -28.0
0 5 2 28.0
1 4 2 -28.0
0 3 1 28.0
1 6 5 -28.0
0 2 4 28.0
1 6 3 -28.0
0 2 5 28.0
1 5 1 -28.0
0 3 6 28.0
1 4 1 -28.0
0 5 6 28.0
1 4 7 -28.0
0 5 5 28.0
1 2 0 -28.0
0 7 5 0.39
1 7 4 -13.27
0 6 4 5.71
1 2 1 -6.1
0 3 0 6.41
1 4 6 -6.17
0 7 3 4.7
1 4 0 -4.7
0 6 2 7.35
1 7 2 -2.67
0 7 1 13.77
1 1 2 -21.23
0 0 2 11.84
1 6 6 -18.31
0 1 3 14.64
1 0 3 -24.92
0 0 4 17.7
1 1 1 -28.9
0 3 7 28.59
1 1 6 -34.56
0 1 5 24.88
1 0 5 -32.84
0 0 0 64
1 1 4 -64
0 1 0 28.0
1 2 7 -28.0
0 7 7 28.0
1 7 6 -28.0
0 6 7 28.0
1 0 1 -28.0
0 5 7 28.0
1 7 0 -28.0
0 0 6 28.0
1 6 1 -28.0
0 1 7 28.0
1 0 7 -28.0
0 2 6 28.0
0 5 0 28.0
0 6 0 28.0
