1 4 2 -52.0
0 5 4 52.0
1 4 5 -52.0
0 3 2 52.0
1 2 4 -52.0
0 3 5 52.0
1 2 5 -52.0
0 5 5 1.55
1 2 3 -1.55
0 5 2 1.55
1 6 5 1.66
0 2 6 0.61
1 6 4 -4.77
0 1 4 -7.11
1 3 6 -3.83
0 5 3 1.34
1 4 1 -9.64
0 1 5 0.42
1 6 3 -13.01
0 3 7 3.74
1 2 1 -6.0
0 5 6 2.1
1 4 6 -3.13
0 5 7 2.76
1 2 2 -0.98
0 7 2 -7.53
1 6 2 0.52
0 2 0 -7.67
1 1 3 -1.72
0 0 2 -7.15
1 1 2 0.16
0 0 3 -1.75
1 0 5 -2.41
0 0 4 1.26
1 0 1 -7.52
0 5 0 -2.24
1 4 0 -8.8
0 3 0 2.41
1 3 1 -8.35
0 5 1 14.11
1 1 7 -23.8
0 2 7 20.54
1 6 7 -30.1
0 0 7 64
1 1 0 -64
0 0 0 52.0
1 4 7 -52.0
0 7 1 52.0
1 1 6 -52.0
0 0 6 52.0
1 6 1 -52.0
0 7 7 52.0
0 6 0 52.0
0 1 1 52.0
0 7 0 52.0
0 7 5 52.0
1 6 6 -52.0
0 7 6 52.0
0 7 3 52.0
1 7 4 -52.0
