1 5 3 18.0
0 5 2 -18.0
1 4 2 18.0
0 5 4 -18.0
1 4 5 18.0
0 2 3 -18.0
1 6 3 18.0
0 3 5 -18.0
1 3 2 18.0
0 5 1 -8.29
1 2 4 -3.48
0 4 1 -9.6
1 2 5 -3.06
0 7 4 -2.95
1 3 1 -5.18
0 2 0 -0.45
1 1 4 -0.48
0 5 5 -0.9
1 7 2 -7.67
0 7 3 4.98
1 4 0 -9.82
0 7 1 6.62
1 6 5 -9.98
0 2 6 7.53
1 3 6 -9.98
0 6 4 5.0
1 2 2 -11.02
0 1 3 10.71
1 2 7 -9.94
0 4 6 1.3
1 0 4 -10.96
0 1 2 0.14
1 7 5 0.56
0 7 6 1.0
1 6 2 -8.01
0 5 0 -4.23
1 1 5 -1.91
0 0 2 -8.55
1 0 3 -1.64
0 2 1 -0.68
1 6 0 9.3
0 1 7 -23.22
1 0 7 13.33
0 3 7 -64
1 4 7 64
0 5 6 -18.0
1 6 6 18.0
0 7 7 -18.0
1 5 7 18.0
0 6 7 -18.0
1 1 6 18.0
0 0 6 -18.0
1 0 5 18.0
0 6 1 -18.0
1 7 0 18.0
1 0 1 18.0
1 1 0 18.0
0 0 0 -18.0
1 1 1 18.0
1 3 0 18.0
