1 4 2 -32.0
0 5 4 32.0
1 3 5 -32.0
0 2 4 32.0
1 4 5 -32.0
0 3 6 32.0
1 6 4 -32.0
0 3 2 32.0
1 2 3 -32.0
0 2 2 3.43
1 3 1 -8.63
0 5 5 3.21
1 5 6 -10.63
0 5 3 -3.27
1 4 6 -5.52
0 6 5 0.73
1 2 5 -3.12
0 7 4 -4.44
1 4 7 -4.42
0 1 5 1.41
1 5 2 -6.7
0 6 3 1.81
1 1 4 -14.05
0 0 4 3.61
1 1 3 -16.02
0 2 6 7.94
1 0 5 -21.47
0 1 2 11.81
1 0 3 -12.69
0 0 2 8.15
1 2 7 -19.93
0 4 1 8.68
1 0 1 -12.71
0 3 0 6.92
1 5 0 -18.52
0 2 1 10.7
1 6 1 -16.69
0 4 0 14.45
1 5 1 -20.7
0 6 2 15.72
1 6 0 -23.33
0 5 7 13.06
1 7 1 -18.09
0 7 0 64
1 7 3 -64
0 7 2 32.0
1 6 7 -32.0
0 3 7 32.0
1 6 6 -32.0
0 7 7 32.0
1 1 0 -32.0
0 2 0 32.0
1 1 1 -32.0
0 0 0 32.0
1 7 5 -32.0
0 7 6 32.0
0 0 6 32.0
1 1 6 -32.0
0 1 7 32.0
1 0 7 -32.0
