1 4 2 20.0
0 5 4 -20.0
1 4 5 20.0
0 3 2 -20.0
1 2 3 20.0
0 5 2 -20.0
1 2 2 20.0
0 3 5 -20.0
1 5 3 20.0
0 2 4 2.09
1 5 5 0.98
0 4 6 -3.94
1 4 1 -2.41
0 3 0 -8.75
1 5 1 0.2
0 1 3 -11.13
1 5 0 -1.64
0 3 1 -5.84
1 2 0 3.25
0 1 0 -12.21
1 2 1 2.39
0 1 2 -9.32
1 0 2 0.73
0 1 1 -10.12
1 1 4 4.51
0 2 5 -11.39
1 5 6 -0.05
0 1 5 -13.41
1 0 3 11.06
0 6 2 -19.14
1 0 0 14.77
0 6 4 -25.72
1 0 1 12.95
0 4 0 -23.98
1 0 4 18.92
0 3 6 -20.95
1 3 7 15.91
0 4 7 -22.17
1 5 7 11.8
0 0 5 -24.2
1 6 3 16.57
0 7 4 -21.14
1 0 6 19.88
0 2 6 -64
1 2 7 64
0 6 6 -20.0
1 6 7 20.0
0 1 7 -20.0
1 0 7 20.0
0 1 6 -20.0
1 6 1 20.0
0 7 1 -20.0
1 7 7 20.0
0 6 5 -20.0
1 7 6 20.0
0 7 5 -20.0
1 7 3 20.0
0 7 2 -20.0
1 6 0 20.0
0 7 0 -20.0
