1 4 2 18.0
0 5 4 -18.0
1 2 5 18.0
0 2 4 -18.0
1 2 3 -2.39
0 5 2 -3.63
1 5 3 -6.19
0 6 2 -3.6
1 5 5 -3.39
0 3 1 -4.34
1 6 4 -2.63
0 7 4 -3.95
1 3 5 0.52
0 3 2 -12.39
1 6 3 4.52
0 4 6 -15.0
1 4 1 0.49
0 2 1 -13.17
1 2 2 9.84
0 7 3 -19.56
1 4 5 10.94
0 4 0 -19.05
1 7 2 6.16
0 7 1 -15.13
1 5 0 5.79
0 3 0 -10.84
1 2 0 11.45
0 2 6 -16.41
1 3 6 14.3
0 1 5 -20.48
1 6 5 10.65
0 7 5 -19.45
1 1 4 6.98
0 0 4 -21.27
1 2 7 5.85
0 1 3 -13.14
1 1 2 7.25
0 0 2 -16.0
1 5 1 9.98
0 6 1 -10.96
1 7 0 11.29
0 6 0 -16.01
1 0 5 12.38
0 3 7 -64
1 4 7 64
0 5 7 -18.0
1 6 7 18.0
0 1 6 -18.0
1 0 7 18.0
0 1 7 -18.0
1 0 6 18.0
0 5 6 -18.0
1 0 3 18.0
0 7 7 -18.0
1 6 6 18.0
0 0 1 -18.0
1 1 1 18.0
0 0 0 -18.0
1 1 0 18.0
1 7 6 18.0
