1 5 3 4.0
0 5 2 -4.0
1 4 2 4.0
0 3 2 -4.0
1 2 3 4.0
0 4 5 -4.0
1 4 1 4.0
0 5 4 -4.0
1 5 1 4.0
0 2 2 -1.75
1 2 1 1.41
0 4 0 -1.67
1 2 4 2.43
0 1 3 -3.34
1 3 1 3.95
0 3 5 -4.32
1 6 2 4.99
0 1 2 -5.19
1 1 4 5.59
0 1 5 -5.81
1 0 2 6.74
0 3 0 -7.38
1 2 0 8.26
0 1 0 -9.11
1 6 3 9.08
0 6 4 -10.29
1 0 3 10.45
0 7 2 -11.36
1 7 4 10.95
0 7 3 -10.63
1 7 1 10.9
0 1 1 -11.05
1 5 5 10.35
0 6 6 -11.61
1 3 6 11.2
0 5 6 -11.03
1 2 6 11.4
0 1 7 -12.05
1 2 5 11.03
0 7 5 -9.98
1 7 6 10.83
0 6 5 -11.09
1 2 7 8.59
0 1 6 -64
1 0 7 64
0 0 4 -4.0
1 0 6 4.0
0 0 5 -4.0
1 0 0 4.0
0 0 1 -4.0
1 6 7 4.0
0 6 0 -4.0
1 5 0 4.0
0 5 7 -4.0
1 7 7 4.0
0 3 7 -4.0
1 4 7 4.0
0 4 6 -4.0
1 6 1 4.0
0 7 0 -4.0
