1 4 2 10.0
0 5 2 -10.0
1 3 5 10.0
0 4 1 -10.0
1 5 3 -0.86
0 6 4 9.06
1 5 1 -15.25
0 3 2 4.63
1 6 3 -9.45
0 6 2 6.2
1 2 1 -15.65
0 2 2 8.08
1 4 0 -16.15
0 5 4 9.7
1 7 2 -18.96
0 2 3 11.46
1 5 5 -17.7
0 3 0 7.88
1 7 4 -16.23
0 5 0 7.07
1 7 3 -21.27
0 2 5 12.2
1 1 2 -21.24
0 2 0 8.66
1 2 4 -23.52
0 4 5 16.23
1 1 3 -23.87
0 3 1 12.35
1 3 6 -20.2
0 4 7 8.21
1 2 6 -19.02
0 7 5 13.01
1 6 5 -13.43
0 7 1 11.55
1 1 1 -16.95
0 1 4 9.02
1 0 4 -13.13
0 7 6 9.73
1 1 5 -9.59
0 2 7 0.38
1 3 7 -2.5
0 4 6 -10.3
1 6 6 -1.83
0 5 7 -64
1 7 7 64
0 6 7 -10.0
1 5 6 10.0
0 0 0 -10.0
1 7 0 10.0
0 0 1 -10.0
1 1 6 10.0
0 0 3 -10.0
1 1 7 10.0
0 0 5 -10.0
1 6 1 10.0
0 6 0 -10.0
1 0 2 10.0
0 0 7 -10.0
1 1 0 10.0
1 0 6 10.0
