1 5 3 20.0
0 3 2 -20.0
1 2 5 20.0
0 3 5 -20.0
1 2 4 20.0
0 5 4 -20.0
1 5 2 20.0
0 5 5 -20.0
1 6 4 20.0
0 6 5 -20.0
1 2 3 -3.99
0 6 3 4.45
1 7 3 -5.63
0 1 3 -5.83
1 1 4 -6.48
0 7 2 -2.13
1 7 5 4.66
0 5 1 -11.07
1 3 6 1.2
0 4 6 -8.48
1 6 2 -4.16
0 4 2 -3.88
1 2 2 -6.26
0 1 5 -5.0
1 2 6 -1.18
0 7 4 -14.98
1 7 1 3.65
0 4 1 -16.55
1 1 2 5.06
0 4 5 -13.75
1 3 1 8.37
0 4 7 -9.65
1 4 0 -4.09
0 2 1 -2.34
1 3 0 0.8
0 1 7 -12.38
1 7 6 -1.59
0 0 2 -4.72
1 1 1 0.58
0 0 0 -1.34
1 2 7 -2.48
0 1 6 -10.4
1 3 7 2.41
0 2 0 -64
1 0 7 64
0 5 0 -20.0
1 0 6 20.0
0 5 7 -20.0
1 6 7 20.0
0 5 6 -20.0
1 0 1 20.0
0 1 0 -20.0
1 0 5 20.0
0 0 4 -20.0
1 0 3 20.0
0 6 6 -20.0
1 7 7 20.0
1 6 0 20.0
0 7 0 -20.0
1 6 1 20.0
