1 4 2 -22.0
0 5 4 22.0
1 2 5 -22.0
0 2 4 22.0
1 3 5 -22.0
0 3 2 22.0
1 5 2 -22.0
0 2 2 22.0
1 2 3 -22.0
0 3 6 22.0
1 4 6 -22.0
0 1 3 22.0
1 5 3 1.35
0 1 4 -3.44
1 5 5 -1.8
0 4 5 -0.34
1 0 4 -10.03
0 4 7 -1.15
1 5 6 -3.23
0 6 4 -4.86
1 5 7 -4.02
0 3 7 -1.46
1 7 4 -10.53
0 0 3 -1.63
1 0 2 -7.69
0 1 5 2.68
1 2 7 -1.29
0 2 6 0.12
1 0 5 -13.4
0 1 2 1.31
1 3 1 -13.34
0 6 3 8.23
1 6 2 -13.8
0 5 1 6.99
1 4 0 -11.06
0 7 2 7.13
1 6 1 -20.09
0 2 0 8.11
1 2 1 -16.15
0 7 3 7.77
1 7 1 -15.41
0 5 0 8.34
1 3 0 -19.82
0 7 0 64
1 7 5 -64
0 7 6 22.0
1 1 7 -22.0
0 6 5 22.0
1 6 6 -22.0
0 4 1 22.0
1 6 0 -22.0
0 7 7 22.0
1 6 7 -22.0
0 0 7 22.0
1 1 0 -22.0
0 0 0 22.0
0 0 1 22.0
1 1 1 -22.0
0 0 6 22.0
1 1 6 -22.0
