1 2 4 4.0
0 4 5 -4.0
1 5 3 4.0
0 4 2 -4.0
1 5 4 4.0
0 2 3 -4.0
1 3 1 -3.31
0 4 1 6.27
1 2 2 -15.45
0 3 2 6.34
1 3 5 -10.39
0 1 5 5.94
1 5 1 -17.9
0 5 5 9.73
1 5 2 -19.94
0 1 3 9.45
1 4 6 -18.84
0 2 1 6.25
1 6 5 -20.23
0 6 3 10.41
1 0 2 -20.01
0 2 6 5.92
1 6 4 -17.22
0 5 6 2.84
1 2 5 -14.05
0 1 4 8.67
1 0 3 -9.96
0 3 0 -3.94
1 6 2 -5.14
0 7 2 -1.43
1 7 3 -4.27
0 5 0 -8.43
1 6 1 -4.35
0 7 4 -8.12
1 1 2 -1.77
0 4 7 -1.42
1 5 7 -6.01
0 3 6 3.09
1 3 7 -7.4
0 2 7 -0.95
1 7 5 -5.9
0 0 5 -3.45
1 7 1 6.42
0 0 4 -64
1 1 7 64
0 1 6 -4.0
1 4 0 4.0
0 1 1 -4.0
1 0 0 4.0
0 7 0 -4.0
1 6 0 4.0
0 1 0 -4.0
1 0 7 4.0
0 0 6 -4.0
1 2 0 4.0
0 0 1 -4.0
0 7 6 -4.0
1 6 6 4.0
0 6 7 -4.0
1 7 7 4.0
