1 2 4 -14.0
0 2 5 14.0
1 3 5 -14.0
0 2 3 14.0
1 1 5 -14.0
0 4 5 14.0
1 3 2 -14.0
0 2 2 14.0
1 1 4 -8.56
0 3 6 -4.85
1 1 2 -5.34
0 1 3 -6.16
1 4 2 -2.26
0 0 4 -2.76
1 4 7 -2.13
0 0 1 -3.3
1 5 3 -10.56
0 2 1 0.48
1 2 6 -13.14
0 0 5 1.87
1 1 6 -8.44
0 3 7 2.21
1 5 5 -7.13
0 3 1 -1.84
1 4 6 -5.84
0 5 1 3.34
1 3 0 -16.56
0 2 0 8.06
1 5 2 -13.11
0 4 0 9.52
1 5 0 -20.46
0 4 1 20.5
1 0 2 -16.88
0 0 3 28.59
1 1 0 -21.85
0 6 2 14.5
1 7 3 -19.88
0 7 2 10.47
1 2 7 -21.9
0 7 4 13.22
1 6 3 -20.81
0 5 4 12.28
1 6 5 -12.85
0 6 4 64
1 7 5 -64
0 6 1 14.0
1 0 6 -14.0
0 0 7 14.0
1 1 7 -14.0
0 6 0 14.0
1 7 0 -14.0
0 1 1 14.0
1 0 0 -14.0
0 7 1 14.0
0 5 7 14.0
1 5 6 -14.0
0 6 6 14.0
1 7 7 -14.0
0 6 7 14.0
1 7 6 -14.0
