1 4 2 -8.0
0 5 4 8.0
1 3 5 -8.0
0 2 4 8.0
1 2 5 -8.0
0 3 2 8.0
1 2 3 -8.0
0 2 2 8.0
1 3 1 -8.0
0 5 2 8.0
1 4 1 -4.73
0 2 0 4.81
1 6 5 -7.01
0 3 6 7.54
1 5 1 -8.02
0 5 3 7.2
1 3 0 -5.89
0 5 0 6.11
1 4 6 -6.36
0 4 0 6.34
1 4 5 -5.86
0 5 5 5.68
1 6 4 -5.8
0 6 3 6.6
1 2 1 -6.04
0 7 4 6.43
1 5 6 -7.7
0 1 0 8.87
1 2 7 -10.05
0 1 2 9.91
1 7 2 -8.63
0 6 2 8.5
1 7 1 -10.2
0 7 3 11.74
1 7 5 -10.88
0 1 3 11.14
1 0 3 -13.16
0 3 7 12.97
1 4 7 -12.8
0 0 2 12.03
1 0 1 -12.06
0 1 5 10.41
1 2 6 -9.83
0 1 6 64
1 0 7 -64
0 1 4 8.0
1 6 1 -8.0
0 6 6 8.0
1 6 0 -8.0
0 7 0 8.0
1 0 5 -8.0
0 0 6 8.0
1 1 1 -8.0
0 0 4 8.0
1 7 7 -8.0
0 7 6 8.0
1 1 7 -8.0
0 0 0 8.0
1 5 7 -8.0
0 6 7 8.0
