1 2 4 32.0
0 4 5 -32.0
1 5 2 32.0
0 4 2 -32.0
1 5 3 32.0
0 2 3 -32.0
1 2 5 32.0
0 2 2 -32.0
1 3 5 32.0
0 3 6 -32.0
1 4 6 32.0
0 1 5 -32.0
1 1 4 32.0
0 2 6 -32.0
1 3 1 32.0
0 5 4 -32.0
1 3 2 32.0
0 1 2 -32.0
1 1 3 32.0
0 0 4 -32.0
1 2 7 32.0
0 4 1 2.33
1 6 4 -2.33
0 6 5 2.33
1 0 2 0.21
0 3 0 -2.98
1 0 6 -9.29
0 2 1 0.27
1 5 5 -7.74
0 5 6 -2.52
1 3 7 -8.56
0 7 5 -1.91
1 6 3 -2.96
0 5 1 -3.75
1 7 4 -1.68
0 0 5 -8.3
1 0 3 0.98
0 6 2 -18.82
1 7 6 9.11
0 5 7 -13.19
1 4 7 20.89
0 1 7 -22.75
1 6 6 11.59
0 7 7 -64
1 6 7 64
0 1 1 -32.0
1 0 0 32.0
0 7 3 -32.0
1 0 1 32.0
0 1 0 -32.0
1 2 0 32.0
0 1 6 -32.0
1 4 0 32.0
0 5 0 -32.0
1 0 7 32.0
1 6 0 32.0
0 6 1 -32.0
1 7 0 32.0
0 7 1 -32.0
1 7 2 32.0
