1 4 2 8.0
0 5 4 -8.0
1 2 5 8.0
0 2 4 -8.0
1 3 5 8.0
0 3 2 -8.0
1 5 3 8.0
0 2 6 -8.0
1 1 4 8.0
0 2 3 -2.1
1 3 6 -4.44
0 3 7 -8.58
1 1 5 -3.26
0 1 3 -7.68
1 5 5 -3.29
0 0 3 -1.59
1 4 5 -3.48
0 0 4 -3.71
1 1 2 -3.98
0 4 6 4.11
1 4 7 -9.7
0 5 2 2.06
1 4 1 -9.77
0 5 7 3.49
1 5 6 -9.16
0 2 2 -1.7
1 2 7 -7.28
0 6 2 -4.59
1 3 1 -2.71
0 0 2 -8.91
1 6 7 -3.66
0 5 0 -10.45
1 4 0 1.98
0 1 6 -3.32
1 5 1 0.06
0 6 4 -5.77
1 6 3 -3.17
0 7 3 -11.13
1 6 0 5.88
0 2 0 -7.75
1 2 1 1.71
0 6 5 -4.38
1 6 6 -1.48
0 3 0 -64
1 1 0 64
0 7 7 -8.0
1 0 7 8.0
0 0 6 -8.0
1 7 5 8.0
0 1 1 -8.0
1 0 0 8.0
0 0 1 -8.0
1 1 7 8.0
0 0 5 -8.0
1 7 2 8.0
0 7 6 -8.0
1 7 4 8.0
0 7 1 -8.0
0 6 1 -8.0
1 7 0 8.0
