1 4 2 2.0
0 5 4 -2.0
1 4 5 2.0
0 3 2 -2.0
1 2 3 2.0
0 5 5 -2.0
1 2 4 2.0
0 5 2 -2.0
1 5 3 2.0
0 6 4 -2.0
1 3 1 2.0
0 3 5 -2.0
1 4 1 2.0
0 2 5 -2.0
1 6 2 2.0
0 1 4 -2.0
1 6 3 2.0
0 1 2 -2.0
1 7 5 2.0
0 2 2 -2.0
1 6 5 2.0
0 7 4 -2.0
1 7 3 2.0
0 2 1 -2.0
1 1 3 2.0
0 3 0 -2.0
1 0 2 2.0
0 0 3 5.76
1 5 6 -6.97
0 0 1 6.92
1 0 5 -7.48
0 4 6 8.23
1 3 7 -8.92
0 1 1 8.08
1 4 0 -6.8
0 5 7 5.48
1 2 6 -5.06
0 3 6 3.39
1 4 7 -1.88
0 2 7 2.15
1 0 4 -2.71
0 1 5 1.52
1 0 0 -0.35
0 7 1 -64
1 5 1 64
0 6 7 -2.0
1 0 6 2.0
0 1 6 -2.0
1 0 7 2.0
0 1 7 -2.0
1 7 7 2.0
0 6 0 -2.0
1 5 0 2.0
0 6 1 -2.0
1 7 0 2.0
0 7 2 -2.0
1 2 0 2.0
0 1 0 -2.0
1 6 6 2.0
0 7 6 -2.0
