1 2 4 6.0
0 4 5 -6.0
1 5 4 6.0
0 2 3 -6.0
1 3 2 6.0
0 5 5 -6.0
1 2 2 6.0
0 1 5 -6.0
1 2 5 -2.57
0 4 2 -4.7
1 5 3 -1.23
0 3 5 -3.2
1 2 6 -5.44
0 1 2 -9.45
1 0 5 -2.06
0 6 5 -6.29
1 5 6 -5.05
0 6 4 -8.27
1 1 3 -1.48
0 4 7 -6.25
1 4 1 -5.41
0 4 6 -5.25
1 2 1 -3.73
0 3 6 -5.16
1 3 7 -1.21
0 2 7 5.23
1 5 1 -10.16
0 5 2 2.96
1 0 3 -11.97
0 4 0 -2.43
1 5 0 -7.91
0 2 0 2.23
1 6 2 -11.33
0 3 1 3.09
1 6 3 -4.96
0 1 7 1.84
1 6 7 -5.84
0 0 6 4.11
1 1 4 -0.23
0 0 2 -5.23
1 0 1 3.34
0 5 7 -12.05
1 0 7 3.25
0 7 2 -64
1 3 0 64
0 0 4 -6.0
1 6 1 6.0
0 1 1 -6.0
1 1 0 6.0
0 0 0 -6.0
1 1 6 6.0
0 7 1 -6.0
1 6 6 6.0
0 7 7 -6.0
1 7 3 6.0
0 7 4 -6.0
1 7 0 6.0
0 6 0 -6.0
1 7 5 6.0
0 7 6 -6.0
