1 2 4 20.0
0 2 5 -20.0
1 3 5 20.0
0 2 3 -20.0
1 3 2 20.0
0 5 4 -20.0
1 5 3 20.0
0 3 6 -20.0
1 6 4 20.0
0 4 2 -7.25
1 5 2 -2.05
0 3 1 -2.51
1 2 0 -4.72
0 6 3 -8.41
1 2 1 -3.23
0 5 1 -3.85
1 2 2 -4.78
0 4 1 -5.02
1 7 3 -6.38
0 4 5 2.67
1 5 0 -1.13
0 1 2 -2.13
1 5 5 -1.85
0 6 2 -5.65
1 0 3 -2.49
0 3 0 -2.76
1 4 0 -0.35
0 6 1 -7.34
1 1 3 5.27
0 0 2 -21.98
1 0 4 14.89
0 7 5 -20.63
1 7 4 16.04
0 0 5 -23.92
1 5 6 10.89
0 4 6 -16.69
1 7 0 9.71
0 6 0 -16.27
1 1 4 9.01
0 1 1 -19.64
1 1 5 8.3
0 6 7 -20.43
1 2 7 9.4
0 3 7 -64
1 5 7 64
0 4 7 -20.0
1 7 7 20.0
0 6 5 -20.0
1 7 6 20.0
0 0 6 -20.0
1 0 1 20.0
0 0 0 -20.0
1 1 0 20.0
0 6 6 -20.0
1 1 6 20.0
0 0 7 -20.0
1 2 6 20.0
0 1 7 -20.0
1 7 1 20.0
1 7 2 20.0
