1 5 3 -18.0
0 3 2 18.0
1 2 4 -18.0
0 3 5 18.0
1 2 5 -18.0
0 5 4 18.0
1 4 5 -18.0
0 5 5 18.0
1 6 4 -18.0
0 6 5 -0.11
1 5 6 -8.94
0 4 6 2.05
1 5 7 -11.31
0 6 2 0.22
1 3 6 1.77
0 7 5 -3.13
1 7 3 -5.06
0 4 7 -0.38
1 2 2 -11.9
0 6 7 4.54
1 5 1 -15.43
0 2 6 7.28
1 5 2 -10.97
0 7 4 4.39
1 1 7 -5.2
0 4 2 3.11
1 7 6 -3.88
0 7 2 8.62
1 7 1 -5.47
0 1 4 -2.75
1 2 3 -1.08
0 5 0 -8.3
1 3 7 -6.52
0 6 3 2.16
1 2 1 0.32
0 4 1 -6.6
1 7 7 3.94
0 6 6 0.12
1 0 3 0.33
0 1 2 -1.44
1 3 0 -3.02
0 3 1 5.3
1 0 2 -18.16
0 1 3 64
1 2 0 -64
0 4 0 18.0
1 6 1 -18.0
0 1 0 18.0
1 0 4 -18.0
0 2 7 18.0
1 1 5 -18.0
0 0 7 18.0
1 1 1 -18.0
0 0 5 18.0
1 1 6 -18.0
0 0 6 18.0
0 0 1 18.0
0 6 0 18.0
1 7 0 -18.0
0 0 0 18.0
