1 5 3 -10.0
0 3 2 10.0
1 2 3 -10.0
0 5 4 10.0
1 4 5 -10.0
0 2 2 10.0
1 3 5 -10.0
0 5 2 10.0
1 4 2 -10.0
0 3 1 10.0
1 6 5 -10.0
0 2 4 10.0
1 6 3 -10.0
0 2 5 10.0
1 5 1 -10.0
0 3 6 10.0
1 4 1 -10.0
0 5 6 10.0
1 4 6 -10.0
0 5 7 10.0
1 2 0 -10.0
0 5 5 10.0
1 2 1 -10.0
0 7 5 10.0
1 1 2 -10.0
0 6 4 10.0
1 2 7 -0.91
0 4 7 3.48
1 1 3 -5.31
0 3 0 1.96
1 4 0 -8.37
0 7 2 2.75
1 1 5 -15.08
0 0 5 3.28
1 1 6 -16.02
0 6 2 5.16
1 0 6 -15.45
0 0 3 1.53
1 0 4 -10.41
0 2 6 4.61
1 1 4 -8.7
0 6 0 1.67
1 7 6 -12.49
0 7 4 64
1 5 0 -64
0 1 0 10.0
1 1 7 -10.0
0 0 7 10.0
1 3 7 -10.0
0 7 7 10.0
1 6 7 -10.0
0 6 6 10.0
1 7 3 -10.0
0 0 2 10.0
1 0 1 -10.0
0 6 1 10.0
1 7 0 -10.0
0 0 0 10.0
1 1 1 -10.0
0 7 1 10.0
