1 2 4 -14.0
0 4 5 14.0
1 5 4 -14.0
0 2 3 14.0
1 3 2 -14.0
0 5 5 14.0
1 4 2 -14.0
0 1 4 14.0
1 3 5 -14.0
0 2 5 14.0
1 4 6 -14.0
0 2 2 14.0
1 3 6 2.34
0 5 3 -1.55
1 1 2 -9.91
0 2 6 1.59
1 1 5 -13.29
0 0 4 8.02
1 5 2 -9.69
0 1 3 -0.43
1 6 3 -8.17
0 6 5 4.27
1 2 7 -12.86
0 5 7 4.2
1 6 2 -9.53
0 7 3 0.08
1 0 5 1.35
0 3 1 -4.84
1 7 2 -6.08
0 6 4 -3.7
1 5 1 -11.06
0 5 6 4.54
1 4 1 -8.24
0 0 2 -2.52
1 0 3 -9.02
0 0 6 -4.23
1 3 0 -10.59
0 2 1 0.42
1 7 4 -7.51
0 7 5 1.13
1 1 0 -11.63
0 2 0 2.96
1 7 6 -12.33
0 4 7 64
1 3 7 -64
0 1 7 14.0
1 4 0 -14.0
0 6 1 14.0
1 5 0 -14.0
0 7 0 14.0
1 6 6 -14.0
0 6 0 14.0
1 7 1 -14.0
0 1 1 14.0
1 0 0 -14.0
0 7 7 14.0
1 0 1 -14.0
0 6 7 14.0
1 0 7 -14.0
0 1 6 14.0
