1 5 3 30.0
0 5 2 -30.0
1 4 2 30.0
0 5 4 -30.0
1 4 5 30.0
0 2 3 -30.0
1 2 4 30.0
0 4 1 -30.0
1 6 4 30.0
0 6 5 -30.0
1 3 1 30.0
0 6 3 -30.0
1 4 0 -4.16
0 3 6 -1.9
1 5 6 1.46
0 2 5 -10.22
1 3 5 1.98
0 5 5 -11.2
1 1 4 1.31
0 3 2 -2.94
1 2 2 -2.73
0 5 0 -3.47
1 6 2 -6.5
0 5 1 1.45
1 4 7 -7.8
0 7 3 2.09
1 2 6 -3.28
0 2 1 -6.24
1 3 0 -0.48
0 5 7 -9.09
1 4 6 1.62
0 2 0 -9.8
1 6 7 -1.8
0 1 3 -12.97
1 7 5 3.03
0 1 5 -11.9
1 0 4 10.12
0 2 7 -12.29
1 1 2 4.95
0 0 1 -3.05
1 0 2 7.66
0 0 3 -21.0
1 0 0 11.1
0 0 5 -64
1 1 0 64
0 3 7 -30.0
1 1 7 30.0
0 1 6 -30.0
1 1 1 30.0
0 0 7 -30.0
1 0 6 30.0
0 7 7 -30.0
1 7 4 30.0
0 7 6 -30.0
1 6 0 30.0
0 6 1 -30.0
1 7 0 30.0
0 7 1 -30.0
1 7 2 30.0
1 6 6 30.0
