1 4 2 2.0
0 5 4 -2.0
1 2 5 2.0
0 2 4 -2.0
1 3 5 2.0
0 3 2 -2.0
1 5 2 2.0
0 3 6 -2.0
1 1 5 1.51
0 1 3 -2.31
1 4 5 -3.46
0 2 6 1.66
1 2 3 -7.68
0 2 2 -0.55
1 6 5 -7.48
0 5 5 -2.05
1 4 6 -9.59
0 6 4 -1.77
1 2 7 -7.59
0 4 7 -3.18
1 1 2 -6.72
0 5 3 1.2
1 3 7 -3.91
0 1 7 -7.88
1 0 4 -2.13
0 2 1 -6.71
1 7 4 -1.09
0 5 1 -5.04
1 3 0 -1.95
0 7 3 -9.97
1 4 1 3.45
0 3 1 -11.73
1 7 2 1.48
0 2 0 -13.95
1 1 0 0.57
0 6 3 -8.21
1 4 0 -1.64
0 0 5 -3.88
1 1 4 -3.24
0 5 0 -6.95
1 7 5 -5.45
0 0 3 -8.17
1 6 0 -4.59
0 6 1 -64
1 7 0 64
0 6 2 -2.0
1 6 6 2.0
0 7 1 -2.0
1 5 7 2.0
0 5 6 -2.0
1 6 7 2.0
0 7 7 -2.0
1 7 6 2.0
0 0 2 -2.0
1 1 1 2.0
0 0 0 -2.0
1 0 6 2.0
0 0 7 -2.0
1 1 6 2.0
1 0 1 2.0
