1 2 4 10.0
0 4 5 -10.0
1 5 2 10.0
0 4 2 -10.0
1 5 3 10.0
0 2 3 -10.0
1 5 4 10.0
0 6 2 -10.0
1 5 1 10.0
0 6 3 -10.0
1 3 2 10.0
0 3 5 -10.0
1 5 5 10.0
0 2 5 -10.0
1 7 4 10.0
0 7 3 -10.0
1 6 4 10.0
0 7 5 -10.0
1 4 6 10.0
0 4 7 0.0
1 1 3 4.66
0 2 1 -10.75
1 2 2 9.75
0 6 5 -16.51
1 3 6 5.12
0 4 0 -14.66
1 2 0 5.57
0 2 7 -16.53
1 3 7 16.14
0 2 6 -13.54
1 5 6 9.99
0 4 1 -15.03
1 3 1 0.24
0 5 7 -12.6
1 1 4 4.79
0 1 5 -11.76
1 6 6 -0.32
0 0 2 -10.23
1 0 3 5.28
0 3 0 -4.35
1 0 1 4.61
0 7 6 -8.73
1 7 7 2.82
0 6 7 -64
1 7 2 64
0 0 4 -10.0
1 0 5 10.0
0 1 2 -10.0
1 5 0 10.0
0 1 6 -10.0
1 1 0 10.0
0 7 1 -10.0
1 7 0 10.0
0 6 0 -10.0
1 0 7 10.0
0 0 0 -10.0
1 1 1 10.0
0 0 6 -10.0
1 1 7 10.0
1 6 1 10.0
