1 2 4 32.0
0 2 5 -32.0
1 3 5 32.0
0 4 5 -32.0
1 3 6 32.0
0 1 4 -32.0
1 5 4 32.0
0 2 3 -32.0
1 5 3 32.0
0 4 6 -32.0
1 2 6 32.0
0 5 5 -32.0
1 5 7 4.35
0 6 5 -9.05
1 6 4 1.21
0 7 4 -11.84
1 3 2 5.7
0 4 7 -9.33
1 1 3 2.73
0 5 6 -7.12
1 3 7 5.46
0 6 2 -7.84
1 7 5 4.12
0 7 6 -11.05
1 0 4 6.35
0 2 7 -7.83
1 1 7 15.46
0 0 2 -16.78
1 0 3 9.86
0 0 5 -20.89
1 1 5 13.42
0 1 2 -15.97
1 2 2 15.98
0 2 1 -31.68
1 2 0 23.2
0 3 1 -19.11
1 6 7 24.42
0 1 6 -27.61
1 6 3 16.66
0 4 2 -21.23
1 7 3 15.55
0 7 2 -24.28
1 5 2 15.59
0 6 1 -64
1 3 0 64
0 4 1 -32.0
1 4 0 32.0
0 5 1 -32.0
1 5 0 32.0
0 1 1 -32.0
1 0 7 32.0
0 6 6 -32.0
1 7 0 32.0
0 0 6 -32.0
1 1 0 32.0
0 0 0 -32.0
1 0 1 32.0
0 6 0 -32.0
1 7 7 32.0
1 7 1 32.0
