1 5 3 -18.0
0 5 2 18.0
1 4 2 -18.0
0 3 2 18.0
1 4 1 -18.0
0 5 1 18.0
1 3 1 -18.0
0 5 0 18.0
1 6 2 -3.98
0 5 4 -5.46
1 2 2 3.53
0 2 0 -8.25
1 6 5 -1.03
0 5 5 -2.28
1 4 0 -4.52
0 2 1 1.2
1 6 0 0.44
0 2 3 -0.83
1 1 4 -11.56
0 2 4 0.17
1 6 3 -13.1
0 7 5 1.95
1 4 5 -11.7
0 3 5 6.54
1 4 6 -12.13
0 3 7 5.98
1 6 4 -8.73
0 7 4 -0.15
1 5 6 -5.05
0 7 3 2.96
1 7 2 -5.15
0 3 0 -5.69
1 1 0 -6.3
0 4 7 -2.27
1 2 6 -2.78
0 7 1 -1.77
1 1 5 -4.45
0 1 3 -3.48
1 3 6 -5.58
0 2 7 0.2
1 0 4 -12.44
0 1 7 4.15
1 2 5 -11.46
0 1 2 64
1 5 7 -64
0 6 7 18.0
1 6 6 -18.0
0 0 2 18.0
1 7 6 -18.0
0 7 7 18.0
1 1 6 -18.0
0 0 7 18.0
1 0 3 -18.0
0 0 1 18.0
1 0 0 -18.0
0 1 1 18.0
1 0 6 -18.0
0 0 5 18.0
1 6 1 -18.0
0 7 0 18.0
