1 2 4 -14.0
0 4 5 14.0
1 5 2 -14.0
0 4 2 14.0
1 5 3 -14.0
0 2 3 14.0
1 2 5 -14.0
0 2 2 14.0
1 3 5 -14.0
0 3 6 14.0
1 4 6 -14.0
0 1 5 14.0
1 1 4 -14.0
0 5 4 14.0
1 6 5 -14.0
0 5 5 14.0
1 6 4 -14.0
0 5 6 14.0
1 2 7 -14.0
0 3 7 14.0
1 2 6 -14.0
0 0 5 14.0
1 4 1 -14.0
0 1 3 14.0
1 5 7 0.0
0 1 7 0.0
1 0 4 0.0
0 5 1 0.0
1 5 0 3.52
0 7 3 -3.33
1 4 7 -2.92
0 6 7 1.98
1 7 5 -8.21
0 6 2 1.57
1 6 3 -3.52
0 7 4 -2.73
1 2 1 -9.28
0 0 3 3.73
1 3 2 -9.23
0 7 6 11.78
1 1 6 -18.1
0 7 2 8.23
1 1 2 -14.88
0 2 0 64
1 3 1 -64
0 0 7 14.0
1 0 6 -14.0
0 1 1 14.0
1 0 2 -14.0
0 0 1 14.0
1 0 0 -14.0
0 1 0 14.0
1 3 0 -14.0
0 6 1 14.0
1 4 0 -14.0
1 7 1 -14.0
0 7 0 14.0
1 6 0 -14.0
1 6 6 -14.0
0 7 7 14.0
