1 4 2 14.0
0 5 4 -14.0
1 4 5 14.0
0 3 2 -14.0
1 2 3 14.0
0 5 5 -14.0
1 2 4 14.0
0 5 2 -14.0
1 5 3 14.0
0 6 4 -14.0
1 2 1 14.0
0 3 5 -14.0
1 3 6 14.0
0 2 6 -14.0
1 5 6 14.0
0 2 5 -14.0
1 4 6 14.0
0 5 7 -14.0
1 4 1 14.0
0 4 7 -14.0
1 3 7 14.0
0 2 7 1.56
1 7 4 -0.86
0 6 3 9.51
1 7 3 -11.59
0 6 2 7.98
1 5 1 -16.33
0 7 2 14.76
1 6 5 -10.65
0 1 4 1.49
1 1 3 -8.63
0 0 2 -1.73
1 7 1 -1.61
0 7 5 -7.19
1 7 6 -6.1
0 1 2 -7.11
1 6 6 1.32
0 4 0 -7.99
1 3 1 7.95
0 7 7 -9.23
1 0 4 -1.73
0 0 5 -4.02
1 0 3 -2.0
0 7 0 -64
1 1 6 64
0 1 5 -14.0
1 0 6 14.0
0 3 0 -14.0
1 6 7 14.0
0 0 7 -14.0
1 2 2 14.0
0 2 0 -14.0
1 1 7 14.0
0 0 1 -14.0
1 6 1 14.0
0 5 0 -14.0
1 1 1 14.0
0 0 0 -14.0
1 6 0 14.0
1 1 0 14.0
