1 5 3 28.0
0 5 2 -28.0
1 3 5 28.0
0 5 4 -28.0
1 4 2 -2.34
0 3 1 3.2
1 5 1 -3.06
0 3 2 3.44
1 4 1 -2.91
0 2 3 2.79
1 2 4 -2.34
0 4 5 3.42
1 4 6 -4.56
0 2 6 5.13
1 2 2 -4.04
0 2 1 3.38
1 6 2 -2.84
0 4 0 3.09
1 5 0 -1.06
0 7 2 -0.53
1 3 0 1.05
0 2 0 -0.13
1 2 5 -1.77
0 5 6 0.29
1 1 0 1.66
0 4 7 -2.84
1 6 3 2.86
0 3 6 -1.88
1 5 7 0.33
0 1 3 -1.05
1 0 3 1.9
0 1 2 -3.8
1 1 4 5.46
0 6 7 -6.6
1 6 5 6.1
0 7 4 -3.72
1 7 3 4.63
0 6 4 -2.8
1 0 2 0.47
0 1 1 -5.41
1 1 7 6.95
0 2 7 -8.52
1 1 5 11.2
0 0 7 -64
1 3 7 64
0 0 4 -28.0
1 0 0 28.0
0 0 6 -28.0
1 7 7 28.0
0 1 6 -28.0
1 6 6 28.0
0 6 1 -28.0
1 6 0 28.0
0 7 1 -28.0
1 7 0 28.0
0 7 5 -28.0
1 7 6 28.0
0 0 1 -28.0
1 5 5 28.0
1 0 5 28.0
