1 4 2 -20.0
0 5 4 20.0
1 2 5 -20.0
0 2 4 20.0
1 3 5 -20.0
0 3 2 20.0
1 4 5 -20.0
0 2 6 20.0
1 1 5 -20.0
0 5 3 20.0
1 5 5 -20.0
0 3 6 20.0
1 4 6 -20.0
0 1 4 20.0
1 2 3 -20.0
0 5 7 20.0
1 0 5 -20.0
0 5 6 20.0
1 2 2 -20.0
0 5 2 20.0
1 6 2 -20.0
0 4 1 20.0
1 6 4 -20.0
0 6 5 20.0
1 3 1 -20.0
0 0 3 -0.05
1 0 4 0.05
0 0 6 2.41
1 7 5 -4.99
0 6 3 3.4
1 5 0 -3.84
0 7 2 5.78
1 7 3 -6.69
0 5 1 4.95
1 4 0 -6.71
0 2 0 9.05
1 6 1 -10.66
0 7 0 10.61
1 6 0 -12.91
0 7 1 13.89
1 3 0 -13.38
0 7 4 13.23
1 3 7 -15.41
0 7 6 64
1 1 3 -64
0 2 7 20.0
1 1 7 -20.0
0 4 7 20.0
1 6 7 -20.0
0 0 2 20.0
1 1 2 -20.0
0 2 1 20.0
1 1 0 -20.0
0 0 0 20.0
1 0 1 -20.0
0 1 1 20.0
1 0 7 -20.0
0 1 6 20.0
1 6 6 -20.0
0 7 7 20.0
