1 2 4 -18.0
0 4 5 18.0
1 5 4 -18.0
0 2 3 18.0
1 4 6 -18.0
0 5 5 5.24
1 5 6 -10.21
0 2 5 2.13
1 4 2 -12.34
0 5 2 0.1
1 3 2 -8.07
0 5 3 10.84
1 3 5 -8.63
0 2 2 -1.47
1 2 1 -12.77
0 6 4 -0.4
1 4 1 -7.04
0 4 7 -3.45
1 5 7 -10.08
0 6 7 -1.96
1 6 5 -3.78
0 3 7 -3.66
1 3 6 1.59
0 7 5 -9.7
1 6 3 2.77
0 3 1 -11.6
1 6 2 1.76
0 5 0 -15.38
1 4 0 7.16
0 7 3 -8.67
1 6 0 3.63
0 5 1 -12.17
1 7 4 0.13
0 2 7 -5.28
1 7 2 -2.2
0 7 1 2.23
1 1 4 -3.19
0 0 3 -1.21
1 2 0 -13.07
0 2 6 5.96
1 1 2 -10.8
0 3 0 4.77
1 0 2 -14.42
0 7 0 64
1 0 5 -64
0 0 1 18.0
1 6 1 -18.0
0 1 3 18.0
1 1 6 -18.0
0 1 0 18.0
1 1 7 -18.0
0 0 7 18.0
1 1 5 -18.0
0 0 6 18.0
1 0 4 -18.0
1 6 6 -18.0
0 7 6 18.0
1 7 7 -18.0
1 0 0 -18.0
1 1 1 -18.0
