1 4 2 -4.0
0 5 2 4.0
1 5 3 -4.0
0 3 2 4.0
1 4 1 -4.0
0 6 3 4.0
1 6 2 -4.0
0 4 0 4.0
1 2 3 -4.0
0 2 4 4.0
1 2 2 -2.58
0 1 4 -3.71
1 3 5 -4.09
0 2 1 -7.05
1 3 1 -0.86
0 5 1 0.23
1 1 3 -10.25
0 7 2 3.39
1 0 5 -18.28
0 1 5 14.97
1 1 0 -18.91
0 2 0 15.13
1 2 5 -23.23
0 0 0 24.56
1 1 2 -31.4
0 1 1 30.8
1 3 0 -30.68
0 0 3 22.42
1 0 4 -28.97
0 5 5 17.56
1 5 4 -23.07
0 6 5 20.63
1 5 0 -24.69
0 6 4 19.77
1 0 2 -17.14
0 3 6 8.95
1 4 5 -8.71
0 4 6 5.82
1 0 1 -10.75
0 6 0 2.95
1 7 3 -10.72
0 1 6 1.2
1 0 7 1.77
0 0 6 64
1 2 6 -64
0 1 7 4.0
1 7 1 -4.0
0 7 4 4.0
1 5 6 -4.0
0 6 7 4.0
1 7 5 -4.0
0 7 6 4.0
1 7 7 -4.0
0 6 6 4.0
1 5 7 -4.0
0 4 7 4.0
1 3 7 -4.0
0 2 7 4.0
1 6 1 -4.0
0 7 0 4.0
