1 5 3 12.0
0 3 2 -12.0
1 2 5 12.0
0 3 5 -12.0
1 2 4 12.0
0 5 4 -12.0
1 5 2 12.0
0 6 3 -12.0
1 4 5 12.0
0 5 5 -12.0
1 6 4 12.0
0 7 5 -12.0
1 6 5 12.0
0 5 6 -12.0
1 4 2 -6.09
0 3 1 -1.53
1 7 2 -7.42
0 7 3 -1.45
1 5 1 -7.66
0 2 3 -3.39
1 2 0 -7.28
0 3 6 -2.5
1 2 6 -3.44
0 5 0 -2.7
1 2 2 -6.21
0 7 4 -3.1
1 7 6 -10.24
0 2 1 6.43
1 4 1 -12.33
0 1 3 2.48
1 2 7 -11.24
0 3 7 3.46
1 5 7 -8.52
0 4 6 3.19
1 1 4 -13.84
0 6 2 3.89
1 0 4 -10.32
0 1 5 2.44
1 0 6 -13.59
0 1 2 -3.32
1 4 7 -7.14
0 3 0 -0.7
1 7 1 0.67
0 0 5 -64
1 1 7 64
0 0 7 -12.0
1 6 6 12.0
0 0 3 -12.0
1 1 6 12.0
0 1 0 -12.0
1 4 0 12.0
0 6 0 -12.0
1 7 0 12.0
0 6 1 -12.0
1 0 0 12.0
0 6 7 -12.0
1 7 7 12.0
1 0 2 12.0
0 1 1 -12.0
1 0 1 12.0
