1 4 2 -34.0
0 5 4 34.0
1 4 5 -34.0
0 3 2 34.0
1 2 3 -34.0
0 5 5 34.0
1 2 2 -34.0
0 5 1 34.0
1 5 3 -34.0
0 5 2 34.0
1 6 4 -4.97
0 2 4 5.4
1 4 1 -5.65
0 2 5 5.94
1 3 5 -6.13
0 6 5 6.1
1 4 6 -6.38
0 5 6 7.59
1 7 5 -6.75
0 4 7 6.59
1 6 3 -5.55
0 2 6 7.26
1 5 7 -8.3
0 7 3 7.62
1 3 7 -7.58
0 7 2 6.6
1 1 4 -5.73
0 6 2 5.59
1 5 0 -6.12
0 3 1 5.3
1 4 0 -4.45
0 1 3 3.85
1 2 1 -4.92
0 1 2 4.56
1 7 4 -5.69
0 7 6 6.73
1 1 5 -7.45
0 0 4 8.37
1 0 5 -7.42
0 0 3 7.44
1 3 6 -6.57
0 1 7 8.05
1 0 2 -10.02
0 1 1 64
1 2 7 -64
0 6 7 34.0
1 6 6 -34.0
0 7 7 34.0
1 0 1 -34.0
0 3 0 34.0
1 2 0 -34.0
0 0 0 34.0
1 1 0 -34.0
0 1 6 34.0
1 7 1 -34.0
0 0 6 34.0
0 6 0 34.0
1 6 1 -34.0
0 7 0 34.0
