1 4 2 8.0
0 5 2 -8.0
1 5 3 8.0
0 5 4 -8.0
1 6 3 8.0
0 3 2 -8.0
1 5 1 8.0
0 6 4 -8.0
1 5 5 8.0
0 7 3 -8.0
1 7 4 8.0
0 7 5 -8.0
1 6 5 -2.77
0 4 6 2.77
1 2 1 -2.52
0 6 2 -1.59
1 5 6 -3.95
0 2 2 -3.19
1 4 5 -1.73
0 4 0 -9.51
1 2 5 0.23
0 2 4 -8.07
1 5 0 0.25
0 6 0 -11.5
1 3 5 5.0
0 2 6 -12.33
1 2 3 -3.16
0 3 6 -8.88
1 3 1 3.42
0 3 0 -8.66
1 1 5 0.59
0 1 3 -12.59
1 4 1 2.88
0 1 4 -9.22
1 1 1 -0.88
0 1 2 -2.27
1 0 5 4.63
0 0 0 -8.2
1 0 3 -4.13
0 2 0 -8.14
1 1 0 -5.66
0 0 1 -6.05
1 7 0 2.84
0 6 7 -64
1 5 7 64
0 0 2 -8.0
1 7 1 8.0
0 0 4 -8.0
1 7 7 8.0
0 0 6 -8.0
1 2 7 8.0
0 1 6 -8.0
1 6 1 8.0
0 7 2 -8.0
1 7 6 8.0
0 4 7 -8.0
1 3 7 8.0
0 6 6 -8.0
1 1 7 8.0
0 0 7 -8.0
