1 2 4 -6.0
0 4 5 6.0
1 5 4 -6.0
0 2 3 6.0
1 3 2 -6.0
0 5 5 6.0
1 4 2 -6.0
0 2 5 6.0
1 3 5 -6.0
0 4 6 6.0
1 1 2 -6.0
0 5 3 6.0
1 6 3 -6.0
0 3 1 -4.34
1 4 1 -5.89
0 1 3 -1.88
1 2 1 -0.53
0 6 2 3.2
1 1 5 -6.94
0 1 4 6.84
1 0 5 -20.81
0 0 4 10.79
1 2 6 -19.3
0 3 6 14.63
1 0 2 -13.3
0 0 6 7.89
1 5 7 -20.83
0 4 7 9.36
1 6 4 -17.51
0 7 3 4.86
1 2 7 -7.11
0 0 3 -0.75
1 5 6 -8.59
0 0 1 3.46
1 5 2 -13.1
0 6 7 7.16
1 7 5 -11.02
0 7 4 5.96
1 7 2 -13.21
0 6 6 0.76
1 2 2 -7.24
0 4 0 -5.0
1 6 5 -5.13
0 5 1 64
1 2 0 -64
0 6 1 6.0
1 3 0 -6.0
0 5 0 6.0
1 7 0 -6.0
0 1 1 6.0
1 1 6 -6.0
0 1 0 6.0
1 7 1 -6.0
0 6 0 6.0
1 0 0 -6.0
0 0 7 6.0
1 7 7 -6.0
0 7 6 6.0
1 3 7 -6.0
0 1 7 6.0
