1 4 2 16.0
0 5 2 -16.0
1 5 3 16.0
0 5 4 -16.0
1 6 3 16.0
0 4 1 -16.0
1 5 1 16.0
0 7 3 -16.0
1 3 5 16.0
0 2 2 -16.0
1 4 5 16.0
0 3 1 1.59
1 3 2 -1.59
0 2 1 1.59
1 6 2 -7.06
0 6 4 5.17
1 5 5 -3.48
0 2 3 -6.13
1 7 5 -0.33
0 2 5 -10.74
1 7 2 6.07
0 7 1 -11.3
1 4 0 5.73
0 5 6 -15.24
1 2 4 8.63
0 4 6 -13.98
1 3 0 3.6
0 1 4 -9.11
1 1 2 11.81
0 6 0 -19.82
1 3 6 14.8
0 4 7 -24.45
1 7 4 14.95
0 5 0 -26.06
1 6 5 14.88
0 6 1 -25.74
1 1 5 19.35
0 2 6 -25.41
1 0 4 15.0
0 1 3 -15.52
1 7 0 13.09
0 0 3 -22.51
1 1 6 16.23
0 0 5 -64
1 5 7 64
0 0 7 -16.0
1 3 7 16.0
0 6 7 -16.0
1 7 7 16.0
0 2 7 -16.0
1 0 2 16.0
0 6 6 -16.0
1 7 6 16.0
0 1 0 -16.0
1 2 0 16.0
0 0 1 -16.0
1 0 0 16.0
0 1 1 -16.0
1 0 6 16.0
0 1 7 -16.0
