1 4 2 -26.0
0 5 4 26.0
1 3 5 -26.0
0 2 4 26.0
1 4 5 -26.0
0 3 2 26.0
1 1 3 -2.96
0 5 5 2.17
1 5 3 -10.18
0 5 6 1.97
1 6 4 -9.54
0 1 5 1.25
1 2 3 -5.28
0 4 6 -0.82
1 1 4 -8.34
0 4 1 2.66
1 3 7 -7.68
0 2 5 6.89
1 6 7 -18.23
0 2 2 10.33
1 1 2 -20.4
0 6 3 14.32
1 7 2 -19.92
0 0 5 9.05
1 0 4 -17.1
0 7 5 8.29
1 7 4 -9.95
0 6 5 7.52
1 5 1 -18.46
0 5 2 7.89
1 2 6 -20.2
0 7 3 4.84
1 7 6 -18.27
0 2 7 2.86
1 1 7 -10.16
0 0 3 9.33
1 3 6 -7.41
0 5 0 4.13
1 0 2 -4.52
0 0 1 2.12
1 3 0 -10.13
0 3 1 4.28
1 2 1 -6.37
0 1 0 64
1 6 2 -64
0 0 6 26.0
1 6 6 -26.0
0 4 7 26.0
1 5 7 -26.0
0 7 7 26.0
1 1 6 -26.0
0 0 7 26.0
1 6 0 -26.0
0 6 1 26.0
1 2 0 -26.0
0 7 1 26.0
1 0 0 -26.0
0 7 0 26.0
1 1 1 -26.0
0 4 0 26.0
