1 2 4 -20.0
0 2 5 20.0
1 3 5 -20.0
0 2 3 20.0
1 5 2 -20.0
0 4 5 20.0
1 2 2 -20.0
0 5 4 20.0
1 1 3 -20.0
0 1 2 20.0
1 3 6 -20.0
0 2 6 -4.58
1 5 5 -2.76
0 4 7 -8.61
1 5 3 -1.07
0 6 5 -6.93
1 1 4 -0.52
0 0 5 -8.64
1 0 4 7.82
0 1 5 -12.91
1 0 6 4.49
0 2 1 -17.08
1 0 3 12.13
0 0 2 -19.16
1 0 1 7.91
0 4 2 -15.13
1 5 1 9.79
0 4 1 -13.05
1 4 6 4.11
0 5 6 -4.34
1 7 5 -0.02
0 3 2 -1.32
1 4 0 -5.47
0 6 4 -4.45
1 7 4 -6.97
0 6 2 -2.14
1 3 0 -5.7
0 6 3 3.87
1 7 3 -8.93
0 2 0 1.18
1 5 7 -11.24
0 7 2 -1.05
1 7 1 -10.13
0 6 7 64
1 6 1 -64
0 6 6 20.0
1 3 7 -20.0
0 2 7 20.0
1 1 6 -20.0
0 1 1 20.0
1 3 1 -20.0
0 5 0 20.0
1 6 0 -20.0
0 7 0 20.0
1 7 7 -20.0
0 7 6 20.0
1 1 7 -20.0
0 0 7 20.0
0 0 0 20.0
1 1 0 -20.0
