1 5 3 -12.0
0 5 2 12.0
1 4 2 -12.0
0 5 4 12.0
1 6 3 -12.0
0 4 1 12.0
1 4 5 -12.0
0 6 2 12.0
1 3 5 -12.0
0 2 3 12.0
1 3 2 -12.0
0 5 5 12.0
1 6 4 4.46
0 7 5 -4.46
1 7 4 4.86
0 7 3 -6.44
1 5 6 -6.61
0 4 6 -3.91
1 5 0 -11.01
0 6 5 2.3
1 1 3 -10.04
0 6 7 0.27
1 5 1 -7.01
0 3 1 -2.56
1 5 7 -4.91
0 4 7 0.18
1 2 0 -11.63
0 2 6 2.94
1 3 7 -9.66
0 2 7 12.29
1 3 6 -9.26
0 2 1 6.55
1 2 2 -5.98
0 2 5 -5.09
1 7 1 -4.1
0 4 0 -3.67
1 3 0 3.04
0 2 4 -1.38
1 6 6 0.0
0 6 1 0.23
1 1 4 -3.22
0 0 4 0.63
1 1 5 -13.75
0 1 6 64
1 7 6 -64
0 7 7 12.0
1 0 7 -12.0
0 0 5 12.0
1 7 0 -12.0
0 6 0 12.0
1 7 2 -12.0
0 0 2 12.0
1 0 3 -12.0
0 1 1 12.0
1 1 0 -12.0
0 0 0 12.0
1 0 1 -12.0
0 1 2 12.0
1 1 7 -12.0
1 0 6 -12.0
