1 2 4 10.0
0 4 5 -10.0
1 5 4 10.0
0 2 3 -10.0
1 3 2 10.0
0 5 5 -10.0
1 3 5 10.0
0 2 6 -10.0
1 4 6 10.0
0 2 5 -10.0
1 3 6 10.0
0 4 7 4.63
1 5 6 -3.63
0 5 7 -10.0
1 2 7 10.0
0 6 7 6.19
1 1 5 -4.8
0 1 3 3.34
1 1 7 -2.0
0 5 2 0.45
1 4 2 1.31
0 5 1 -2.14
1 1 2 2.74
0 2 2 -3.43
1 0 3 4.06
0 0 2 -2.64
1 3 1 0.56
0 0 4 -1.78
1 4 1 2.37
0 3 0 -3.16
1 2 1 2.58
0 1 4 -3.24
1 1 6 4.78
0 2 0 -2.9
1 4 0 2.45
0 5 0 -2.04
1 0 1 1.49
0 0 0 -2.34
1 0 5 2.82
0 6 6 -4.55
1 5 3 4.23
0 6 5 -3.99
1 6 4 4.91
0 3 7 -64
1 7 7 64
0 6 2 -10.0
1 6 3 10.0
0 7 2 -10.0
1 7 3 10.0
0 7 6 -10.0
1 7 5 10.0
0 1 1 -10.0
1 1 0 10.0
0 7 4 -10.0
1 6 1 10.0
0 7 1 -10.0
1 0 6 10.0
0 0 7 -10.0
1 7 0 10.0
1 6 0 10.0
