1 5 3 8.0
0 3 2 -8.0
1 2 5 8.0
0 3 5 -8.0
1 2 4 8.0
0 5 4 -8.0
1 5 2 8.0
0 5 5 -8.0
1 6 4 8.0
0 6 5 -8.0
1 4 2 8.0
0 1 5 -8.0
1 3 6 -4.18
0 2 3 4.24
1 2 2 -2.13
0 4 5 -1.31
1 5 6 -4.94
0 3 7 -0.64
1 7 4 -8.55
0 6 3 6.91
1 2 6 -18.27
0 1 4 10.87
1 1 3 -11.16
0 2 7 6.3
1 6 2 -13.77
0 2 1 6.59
1 0 5 -14.76
0 4 6 6.6
1 0 4 -13.45
0 4 1 4.64
1 5 1 -13.88
0 0 2 3.41
1 4 0 -6.94
0 6 7 6.66
1 0 3 -6.69
0 6 6 -3.28
1 4 7 -4.31
0 0 6 -5.41
1 7 7 -2.01
0 7 5 -12.43
1 7 6 1.84
0 5 7 -10.16
1 1 7 3.12
0 7 3 -64
1 3 1 64
0 1 2 -8.0
1 7 2 8.0
0 3 0 -8.0
1 1 1 8.0
0 0 0 -8.0
1 2 0 8.0
0 6 0 -8.0
1 5 0 8.0
0 1 0 -8.0
1 0 1 8.0
0 7 1 -8.0
1 7 0 8.0
0 6 1 -8.0
1 0 7 8.0
0 1 6 -8.0
