1 5 3 24.0
0 3 2 -24.0
1 2 3 24.0
0 1 4 -4.87
1 3 1 6.34
0 5 2 -9.9
1 4 2 3.32
0 5 4 -14.28
1 4 5 4.0
0 2 1 -11.47
1 2 4 8.64
0 3 6 -15.04
1 2 2 3.97
0 1 3 -12.66
1 6 5 4.13
0 5 1 -4.45
1 2 0 -2.63
0 1 5 -9.93
1 2 5 -0.39
0 4 1 -4.32
1 1 2 -4.14
0 3 0 -5.78
1 6 2 -5.14
0 1 0 -2.41
1 6 0 -5.63
0 2 6 -5.13
1 4 6 -3.72
0 3 5 -3.02
1 0 3 -1.87
0 6 4 -9.78
1 5 5 -0.88
0 5 7 -9.32
1 4 0 1.36
0 0 1 -14.78
1 0 4 7.76
0 5 6 -13.58
1 7 5 8.41
0 7 3 -15.92
1 0 2 5.5
0 7 4 -14.28
1 0 5 4.05
0 7 1 -7.7
1 7 2 3.66
0 7 6 -64
1 6 3 64
0 0 6 -24.0
1 1 7 24.0
0 2 7 -24.0
1 3 7 24.0
0 4 7 -24.0
1 6 7 24.0
0 6 6 -24.0
1 0 0 24.0
0 5 0 -24.0
1 7 7 24.0
0 7 0 -24.0
1 6 1 24.0
0 1 6 -24.0
1 0 7 24.0
1 1 1 24.0
