1 5 3 42.0
0 5 2 -42.0
1 4 2 42.0
0 5 4 -42.0
1 2 5 42.0
0 3 2 -42.0
1 5 5 42.0
0 2 4 -42.0
1 2 3 42.0
0 1 4 -42.0
1 0 3 42.0
0 0 5 -42.0
1 2 2 42.0
0 1 5 -42.0
1 4 5 4.57
0 3 5 -1.92
1 2 6 1.87
0 1 3 -5.2
1 1 2 5.64
0 5 6 -7.96
1 3 1 4.44
0 3 0 -15.03
1 4 1 5.25
0 3 6 -12.31
1 2 1 7.88
0 2 0 -17.98
1 3 7 4.3
0 4 6 -10.38
1 6 5 4.41
0 6 3 -8.75
1 6 2 -1.41
0 1 7 -14.24
1 7 3 2.05
0 7 5 -12.01
1 4 7 8.96
0 7 2 -14.67
1 0 2 14.05
0 6 4 -20.09
1 2 7 10.27
0 5 7 -16.98
1 7 6 2.33
0 0 4 -17.23
1 7 4 10.57
0 1 6 -64
1 5 1 64
0 4 0 -42.0
1 7 1 42.0
0 6 0 -42.0
1 5 0 42.0
0 1 1 -42.0
1 0 6 42.0
0 6 1 -42.0
1 7 0 42.0
1 0 0 42.0
0 1 0 -42.0
1 0 7 42.0
1 0 1 42.0
1 6 6 42.0
0 6 7 -42.0
1 7 7 42.0
