1 5 3 4.0
0 3 2 -4.0
1 2 4 4.0
0 3 5 -4.0
1 2 5 4.0
0 5 4 -4.0
1 5 2 4.0
0 5 5 -4.0
1 4 2 4.0
0 4 1 -4.0
1 5 1 4.0
0 2 3 -4.0
1 1 2 4.0
0 6 2 -4.0
1 4 5 4.0
0 4 6 -4.0
1 6 3 4.0
0 2 2 -4.0
1 3 0 0.13
0 6 4 3.34
1 3 1 -4.85
0 2 1 4.6
1 7 5 -9.55
0 3 6 -4.41
1 1 3 -4.6
0 2 6 -0.24
1 7 2 -0.88
0 7 4 -9.36
1 1 4 3.13
0 2 0 -10.62
1 7 3 3.59
0 4 0 -12.4
1 5 0 5.65
0 6 0 -18.69
1 1 5 4.2
0 6 1 -7.8
1 6 6 -2.56
0 7 7 -5.81
1 4 7 -8.39
0 5 7 -9.24
1 6 7 -3.83
0 1 6 -6.86
1 0 7 -1.13
0 2 7 -64
1 7 0 64
0 7 1 -4.0
1 3 7 4.0
0 7 6 -4.0
1 1 7 4.0
0 5 6 -4.0
1 6 5 4.0
0 0 4 -4.0
1 1 0 4.0
0 0 1 -4.0
1 0 3 4.0
0 0 2 -4.0
1 1 1 4.0
0 0 0 -4.0
0 0 6 -4.0
1 0 5 4.0
