1 4 2 -2.0
0 3 2 2.0
1 2 3 -2.0
0 1 2 2.0
1 1 3 -2.0
0 5 2 2.0
1 2 4 6.34
0 3 5 -4.35
1 2 6 -0.7
0 5 4 -6.17
1 4 5 -0.19
0 4 6 -13.3
1 5 5 2.3
0 2 5 -9.41
1 2 2 0.3
0 0 3 -7.92
1 6 4 -3.65
0 3 6 4.0
1 5 1 -7.8
0 5 3 4.82
1 6 3 -9.25
0 4 1 -2.14
1 2 1 -9.14
0 1 5 -0.96
1 2 7 -9.34
0 3 1 1.62
1 2 0 -12.9
0 6 2 4.27
1 0 2 -15.52
0 4 7 5.3
1 0 5 -15.84
0 5 6 4.3
1 1 4 -8.64
0 0 1 5.62
1 7 3 -12.66
0 5 0 12.34
1 3 7 -18.88
0 1 7 14.69
1 6 6 -28.16
0 3 0 20.23
1 6 0 -19.05
0 1 0 22.66
1 6 1 -16.23
0 7 5 64
1 6 5 -64
0 0 6 2.0
1 0 7 -2.0
0 1 6 2.0
1 5 7 -2.0
0 7 0 2.0
1 0 4 -2.0
0 7 7 2.0
1 7 6 -2.0
0 7 4 2.0
1 4 0 -2.0
0 6 7 2.0
1 0 0 -2.0
0 1 1 2.0
1 7 2 -2.0
0 7 1 2.0
