1 5 3 -14.0
0 5 2 14.0
1 4 2 -14.0
0 3 2 14.0
1 2 3 -14.0
0 4 5 14.0
1 3 5 -14.0
0 6 3 14.0
1 3 1 -14.0
0 2 1 14.0
1 6 4 -14.0
0 4 1 14.0
1 7 3 -4.02
0 2 4 -1.2
1 5 0 -9.55
0 5 4 2.99
1 6 5 -11.55
0 5 5 5.08
1 4 6 -15.63
0 1 3 9.96
1 5 1 -19.8
0 2 2 13.81
1 2 5 -24.49
0 3 6 14.42
1 1 2 -27.3
0 2 6 11.31
1 0 3 -21.75
0 5 6 18.12
1 4 0 -16.21
0 3 0 13.3
1 1 5 -19.48
0 6 2 21.3
1 4 7 -30.55
0 3 7 25.77
1 7 2 -28.15
0 1 4 30.17
1 2 7 -31.57
0 0 4 24.45
1 2 0 -36.45
0 0 2 30.19
1 0 5 -31.8
0 1 1 29.48
1 0 0 -25.18
0 1 6 64
1 0 1 -64
0 1 7 14.0
1 0 7 -14.0
0 0 6 14.0
0 7 4 14.0
1 7 5 -14.0
0 6 0 14.0
1 7 0 -14.0
0 1 0 14.0
1 6 1 -14.0
0 6 7 14.0
1 6 6 -14.0
0 7 7 14.0
1 7 6 -14.0
0 7 1 14.0
0 5 7 14.0
