1 2 4 18.0
0 4 5 -18.0
1 5 2 18.0
0 4 2 -18.0
1 5 3 18.0
0 2 3 -18.0
1 5 4 18.0
0 6 3 -18.0
1 6 2 18.0
0 5 1 -18.0
1 4 6 18.0
0 5 6 -18.0
1 3 2 2.91
0 5 5 -2.91
1 6 5 4.1
0 6 4 -4.9
1 5 7 -3.16
0 7 5 -8.98
1 7 2 -2.34
0 3 7 -5.35
1 2 2 -4.58
0 4 1 -3.13
1 2 5 -5.23
0 7 4 -6.13
1 7 3 -2.92
0 7 1 9.47
1 3 5 -4.34
0 2 1 -3.54
1 3 1 -3.59
0 1 3 -4.26
1 3 6 0.16
0 3 0 -7.66
1 1 2 2.8
0 0 3 -3.0
1 2 0 -5.62
0 2 6 -7.24
1 4 0 -1.52
0 5 0 0.73
1 0 2 -4.95
0 1 6 -8.54
1 1 5 1.13
0 0 4 -8.63
1 1 7 5.0
0 1 4 -64
1 0 7 64
0 1 0 -18.0
1 1 1 18.0
0 0 0 -18.0
1 0 1 18.0
0 6 7 -18.0
1 7 7 18.0
0 2 7 -18.0
1 4 7 18.0
0 0 6 -18.0
1 6 1 18.0
0 6 0 -18.0
1 7 0 18.0
1 0 5 18.0
1 7 6 18.0
0 6 6 -18.0
