1 4 2 6.0
0 5 4 -6.0
1 3 5 6.0
0 2 4 -6.0
1 2 5 6.0
0 3 2 -6.0
1 4 5 6.0
0 2 6 -6.0
1 1 5 6.0
0 5 3 -6.0
1 5 5 6.0
0 3 6 -6.0
1 5 6 6.0
0 1 4 -6.0
1 2 3 -2.56
0 5 2 2.56
1 3 1 -9.09
0 4 6 -0.48
1 6 5 -8.2
0 6 4 1.88
1 4 7 -6.16
0 2 1 -0.07
1 7 3 -5.86
0 3 0 -5.91
1 0 5 -4.09
0 7 4 1.26
1 7 5 -4.13
0 3 7 -1.65
1 6 2 -3.49
0 5 7 -6.18
1 5 1 -3.16
0 2 2 -7.02
1 6 3 1.34
0 5 0 -5.16
1 4 1 -4.2
0 4 0 -1.58
1 1 2 -8.02
0 1 3 -1.42
1 0 3 -4.57
0 0 4 -8.64
1 1 6 -5.84
0 0 1 -5.68
1 0 2 4.55
0 0 7 -64
1 0 0 64
0 0 6 -6.0
1 1 0 6.0
0 6 1 -6.0
1 6 6 6.0
0 2 0 -6.0
1 1 1 6.0
0 7 1 -6.0
1 7 2 6.0
0 7 7 -6.0
1 7 0 6.0
0 6 0 -6.0
1 7 6 6.0
1 6 7 6.0
1 1 7 6.0
0 2 7 -6.0
