1 2 4 16.0
0 4 5 -16.0
1 5 3 16.0
0 4 2 -16.0
1 5 4 16.0
0 6 3 -16.0
1 5 2 -1.72
0 4 1 0.8
1 4 6 -12.07
0 3 2 4.52
1 5 1 -11.52
0 2 3 6.02
1 5 5 -17.0
0 3 5 4.66
1 2 1 -16.5
0 6 2 7.12
1 1 4 -15.37
0 2 2 9.34
1 2 5 -18.39
0 6 5 14.13
1 3 1 -22.96
0 1 3 12.21
1 0 2 -23.3
0 0 3 13.48
1 0 4 -19.06
0 4 7 5.32
1 5 7 -7.63
0 6 6 -3.15
1 7 7 -4.94
0 1 2 0.46
1 7 6 -5.8
0 0 5 -7.44
1 0 6 -3.49
0 3 6 -7.63
1 6 4 3.95
0 7 4 -5.9
1 7 5 6.29
0 5 6 -0.63
1 6 1 -5.44
0 6 7 -4.46
1 7 3 1.59
0 7 0 -7.52
1 6 0 -0.43
0 7 1 -64
1 7 2 64
0 5 0 -16.0
1 4 0 16.0
0 2 6 -16.0
1 1 5 16.0
0 1 6 -16.0
1 1 7 16.0
0 2 0 -16.0
1 0 7 16.0
0 3 0 -16.0
1 3 7 16.0
0 2 7 -16.0
1 0 1 16.0
0 1 1 -16.0
1 1 0 16.0
0 0 0 -16.0
