1 5 3 -12.0
0 3 2 12.0
1 2 3 -12.0
0 5 4 12.0
1 4 5 -12.0
0 2 2 12.0
1 5 5 -12.0
0 2 5 12.0
1 3 5 -12.0
0 2 4 12.0
1 1 5 -12.0
0 2 6 12.0
1 1 4 -8.34
0 4 6 -2.42
1 5 6 -4.43
0 3 6 -0.29
1 5 7 -10.8
0 4 7 6.42
1 1 2 -13.7
0 1 3 6.95
1 2 1 -19.83
0 3 1 11.41
1 4 2 -17.65
0 5 2 7.5
1 0 4 -14.04
0 0 5 9.16
1 4 0 -20.68
0 0 3 11.3
1 0 2 -16.18
0 0 1 4.36
1 5 1 -14.59
0 2 0 4.13
1 3 7 -9.67
0 6 5 7.07
1 7 4 -11.44
0 2 7 13.53
1 1 7 -6.16
0 6 3 6.98
1 1 6 -12.58
0 3 0 2.82
1 4 1 -12.75
0 7 5 0.98
1 7 3 -6.45
0 7 2 64
1 6 6 -64
0 6 4 12.0
1 7 6 -12.0
0 6 2 12.0
1 6 1 -12.0
0 7 0 12.0
1 7 1 -12.0
0 0 7 12.0
1 0 6 -12.0
0 6 7 12.0
1 0 0 -12.0
0 7 7 12.0
1 1 0 -12.0
0 1 1 12.0
0 6 0 12.0
1 5 0 -12.0
