1 5 3 14.0
0 5 2 -14.0
1 4 2 14.0
0 3 2 -14.0
1 2 3 14.0
0 4 5 -14.0
1 4 1 14.0
0 3 1 -14.0
1 5 1 6.0
0 6 3 -7.34
1 2 2 9.52
0 2 1 -8.17
1 2 4 7.75
0 1 2 -20.54
1 3 5 11.91
0 6 2 -16.38
1 1 4 9.11
0 3 0 -12.08
1 0 2 4.77
0 5 0 -14.09
1 5 5 10.95
0 0 3 -22.34
1 0 4 12.91
0 3 6 -18.52
1 7 2 5.94
0 1 5 -16.2
1 5 4 4.55
0 6 4 -16.29
1 2 0 8.47
0 7 3 -16.6
1 4 0 4.64
0 1 0 -16.45
1 2 5 6.41
0 0 5 -14.32
1 7 5 6.77
0 0 1 -14.78
1 6 5 6.03
0 7 4 -12.88
1 1 3 2.72
0 2 6 -6.66
1 1 6 8.14
0 4 6 -14.19
1 1 7 1.77
0 6 6 -64
1 6 1 64
0 3 7 -14.0
1 4 7 14.0
0 5 6 -14.0
1 7 1 14.0
0 5 7 -14.0
1 7 7 14.0
0 6 7 -14.0
1 7 6 14.0
0 2 7 -14.0
1 0 7 14.0
0 7 0 -14.0
1 0 6 14.0
0 6 0 -14.0
1 0 0 14.0
1 1 1 14.0
