1 4 2 -6.0
0 5 4 6.0
1 5 5 -6.0
0 3 2 6.0
1 5 3 -6.0
0 4 5 6.0
1 3 6 -1.77
0 6 5 -4.95
1 3 5 -7.24
0 4 6 -4.83
1 4 7 -4.64
0 5 1 -9.69
1 2 4 -4.45
0 5 6 -8.02
1 5 7 -4.63
0 6 3 -3.77
1 7 4 3.89
0 2 7 -8.8
1 6 4 3.8
0 2 3 -6.75
1 2 6 2.88
0 1 5 -8.08
1 7 2 -3.86
0 6 6 -3.72
1 5 2 -5.3
0 2 5 -3.01
1 4 1 -5.22
0 7 6 -1.82
1 5 0 -3.25
0 7 3 -5.35
1 6 2 -3.53
0 3 1 -6.14
1 7 5 3.58
0 4 0 -8.09
1 1 6 -6.55
0 7 7 1.96
1 1 2 -5.95
0 1 3 -0.57
1 6 7 -13.5
0 3 7 2.21
1 6 1 -10.65
0 0 6 5.16
1 1 4 -14.32
0 7 0 64
1 2 0 -64
0 6 0 6.0
1 7 1 -6.0
0 2 1 6.0
1 0 5 -6.0
0 3 0 6.0
1 0 7 -6.0
0 2 2 6.0
1 1 0 -6.0
0 0 0 6.0
1 1 7 -6.0
0 0 1 6.0
1 0 2 -6.0
0 0 4 6.0
1 0 3 -6.0
0 1 1 6.0
