1 5 3 -2.0
0 3 2 2.0
1 2 4 -2.0
0 3 5 2.0
1 2 3 -2.0
0 5 4 2.0
1 4 5 -2.0
0 5 5 2.0
1 2 6 -2.0
0 2 2 2.0
1 4 2 -2.0
0 3 6 4.12
1 4 1 -4.12
0 3 1 4.12
1 6 4 -3.14
0 6 2 0.45
1 5 2 -6.77
0 7 3 -4.8
1 3 0 -4.31
0 2 5 -2.34
1 7 5 -8.56
0 7 4 -0.57
1 6 5 -8.86
0 5 6 2.63
1 1 2 -8.12
0 6 3 6.47
1 7 2 -10.69
0 1 3 9.06
1 3 7 -18.31
0 4 7 8.7
1 2 7 -15.55
0 2 1 10.87
1 0 3 -19.95
0 4 6 6.23
1 1 4 -17.52
0 2 0 6.85
1 1 0 -13.12
0 5 1 11.59
1 6 0 -12.63
0 5 0 4.24
1 4 0 -16.23
0 1 1 11.69
1 7 6 -12.27
0 6 6 64
1 6 1 -64
0 0 1 2.0
1 6 7 -2.0
0 0 2 2.0
1 0 0 -2.0
0 7 0 2.0
1 0 4 -2.0
0 7 1 2.0
1 5 7 -2.0
0 7 7 2.0
0 1 7 2.0
1 1 6 -2.0
0 0 6 2.0
1 0 7 -2.0
0 0 5 2.0
1 1 5 -2.0
