1 2 4 -22.0
0 4 5 22.0
1 5 2 -22.0
0 4 2 22.0
1 5 3 -22.0
0 2 3 22.0
1 2 5 -22.0
0 2 2 22.0
1 3 5 -22.0
0 3 6 22.0
1 3 2 -0.88
0 5 4 -2.05
1 1 2 -5.39
0 6 2 1.12
1 6 5 -9.37
0 1 3 1.19
1 6 3 -10.98
0 2 1 1.19
1 7 2 -14.81
0 0 3 3.99
1 2 6 -12.71
0 1 4 10.83
1 1 5 -16.88
0 2 7 5.59
1 0 5 -15.7
0 4 6 14.05
1 0 2 -10.73
0 0 4 13.13
1 3 7 -23.8
0 3 1 18.78
1 5 7 -20.86
0 5 5 17.59
1 6 4 -22.69
0 4 1 11.39
1 1 1 -23.31
0 7 3 19.38
1 7 4 -18.66
0 7 5 12.32
1 2 0 -18.52
0 5 1 12.73
1 3 0 -27.97
0 0 0 15.87
1 0 1 -26.69
0 5 0 64
1 4 0 -64
0 1 0 22.0
1 1 7 -22.0
0 5 6 22.0
1 4 7 -22.0
0 7 1 22.0
1 6 1 -22.0
0 6 7 22.0
1 7 7 -22.0
0 1 6 22.0
1 6 6 -22.0
0 6 0 22.0
1 7 0 -22.0
0 7 6 22.0
1 0 7 -22.0
0 0 6 22.0
