1 5 3 -2.0
0 3 2 2.0
1 2 5 -2.0
0 3 5 2.0
1 2 4 -2.0
0 5 4 2.0
1 5 2 -2.0
0 5 5 2.0
1 4 2 -2.0
0 4 1 2.0
1 3 1 -2.0
0 6 2 2.0
1 3 0 -2.0
0 2 3 2.0
1 2 2 -2.0
0 2 1 2.0
1 2 0 -2.0
0 5 1 2.0
1 6 0 -2.0
0 1 3 2.0
1 1 2 -2.0
0 1 4 2.0
1 0 5 -2.0
0 0 4 2.0
1 4 5 -0.4
0 4 6 4.89
1 3 6 -4.89
0 3 7 7.02
1 6 4 -9.3
0 7 3 -2.11
1 5 6 -9.44
0 2 6 0.02
1 0 3 -5.26
0 6 3 2.16
1 6 5 -9.48
0 7 5 1.16
1 5 7 -5.27
0 4 0 3.32
1 5 0 6.07
0 1 5 -4.01
1 0 6 -3.73
0 4 7 -2.13
1 6 6 -8.67
0 0 1 64
1 7 4 -64
0 6 1 2.0
1 0 2 -2.0
0 0 7 2.0
1 2 7 -2.0
0 1 6 2.0
1 1 7 -2.0
0 6 7 2.0
1 7 0 -2.0
0 1 1 2.0
1 7 2 -2.0
0 7 1 2.0
1 1 0 -2.0
1 7 6 -2.0
0 7 7 2.0
