1 4 2 2.0
0 5 4 -2.0
1 4 5 2.0
0 3 2 -2.0
1 2 3 2.0
0 5 5 -2.0
1 2 4 2.0
0 5 2 -2.0
1 5 3 2.0
0 2 2 -2.0
1 3 5 2.14
0 4 6 -5.17
1 3 1 -4.54
0 4 1 -2.03
1 5 7 -9.94
0 6 4 3.64
1 1 3 -9.93
0 3 7 2.58
1 5 0 -8.54
0 2 1 1.11
1 6 3 -11.59
0 2 6 -0.16
1 5 1 -9.88
0 2 0 4.09
1 4 7 -3.64
0 1 5 -5.63
1 5 6 -3.99
0 0 2 -7.7
1 3 6 -0.39
0 1 4 -1.58
1 1 2 -3.05
0 6 7 -6.21
1 0 3 -3.47
0 2 5 -4.92
1 0 4 -7.61
0 0 5 -3.05
1 4 0 -5.04
0 3 0 2.22
1 7 4 -7.6
0 6 2 3.7
1 7 2 -7.98
0 6 0 6.81
1 2 7 -7.14
0 1 7 -64
1 6 1 64
0 0 1 -2.0
1 1 1 2.0
0 0 0 -2.0
1 1 0 2.0
0 7 5 -2.0
1 7 3 2.0
0 7 1 -2.0
1 7 0 2.0
0 6 5 -2.0
1 7 6 2.0
0 6 6 -2.0
1 1 6 2.0
0 0 6 -2.0
1 0 7 2.0
1 7 7 2.0
