1 2 4 34.0
0 4 5 -34.0
1 5 3 34.0
0 1 4 -34.0
1 5 5 34.0
0 5 4 -34.0
1 4 6 34.0
0 4 2 -34.0
1 6 3 34.0
0 5 2 -34.0
1 3 2 34.0
0 6 4 -34.0
1 7 3 34.0
0 2 1 -34.0
1 5 1 34.0
0 7 5 -34.0
1 2 5 1.18
0 5 6 -1.55
1 6 5 -9.2
0 7 4 0.05
1 4 1 -11.43
0 3 1 -3.63
1 2 2 -8.99
0 3 5 -3.53
1 2 3 -0.13
0 3 7 -4.43
1 3 0 -7.71
0 7 2 -1.17
1 6 6 -5.44
0 3 6 -5.35
1 2 0 -4.06
0 1 2 -8.55
1 0 2 -5.48
0 4 0 0.15
1 5 0 3.65
0 6 2 -11.45
1 4 7 7.93
0 0 1 -19.84
1 5 7 17.3
0 0 3 -21.03
1 1 3 17.39
0 1 0 -17.16
1 0 0 22.21
0 6 1 -64
1 1 5 64
0 2 6 -34.0
1 0 4 34.0
0 0 5 -34.0
1 0 6 34.0
0 1 6 -34.0
1 1 7 34.0
0 7 6 -34.0
1 6 0 34.0
0 0 7 -34.0
1 2 7 34.0
0 6 7 -34.0
1 7 7 34.0
1 1 1 34.0
1 7 0 34.0
1 7 1 34.0
