1 4 2 -26.0
0 5 2 26.0
1 5 3 -26.0
0 3 2 26.0
1 4 1 -26.0
0 5 1 26.0
1 3 1 -26.0
0 6 3 26.0
1 6 2 -26.0
0 4 0 26.0
1 2 3 -26.0
0 2 2 26.0
1 2 1 -26.0
0 5 4 2.51
1 6 5 -4.54
0 1 4 -9.88
1 2 5 -1.61
0 7 3 -11.81
1 3 0 1.05
0 1 3 -9.14
1 7 2 3.44
0 2 4 -7.97
1 4 5 -3.69
0 7 1 -2.14
1 5 0 -5.87
0 2 0 -3.28
1 3 5 -1.16
0 6 0 1.4
1 1 2 -12.25
0 7 4 5.85
1 0 2 -9.53
0 5 5 0.62
1 6 4 -10.21
0 7 5 -1.71
1 5 6 -11.11
0 5 7 0.59
1 6 7 -4.44
0 4 6 -10.72
1 4 7 -3.6
0 0 4 -5.32
1 3 6 -3.99
0 1 5 -1.79
1 0 5 -1.41
0 0 3 64
1 0 1 -64
0 1 1 26.0
1 2 6 -26.0
0 3 7 26.0
1 0 6 -26.0
0 0 7 26.0
1 7 6 -26.0
0 7 7 26.0
1 6 1 -26.0
0 1 6 26.0
1 1 7 -26.0
0 2 7 26.0
1 6 6 -26.0
0 1 0 26.0
1 0 0 -26.0
0 7 0 26.0
