1 4 2 12.0
0 5 4 -12.0
1 2 5 12.0
0 2 4 -12.0
1 3 5 12.0
0 3 2 -12.0
1 4 5 12.0
0 3 6 -12.0
1 4 6 12.0
0 5 5 -12.0
1 2 3 12.0
0 2 2 -12.0
1 2 6 12.0
0 5 3 -12.0
1 5 6 -11.05
0 5 2 3.23
1 6 5 -8.34
0 1 5 -4.95
1 1 4 -2.85
0 0 4 -2.23
1 1 3 -2.56
0 3 7 -10.15
1 0 5 -4.23
0 4 7 -7.48
1 6 4 -5.35
0 5 7 -3.34
1 5 1 -5.23
0 4 1 -2.84
1 0 3 -10.29
0 1 2 1.71
1 6 2 -6.95
0 7 2 -5.14
1 4 0 -5.2
0 5 0 -4.72
1 3 1 -4.19
0 6 3 0.21
1 2 7 -8.45
0 1 7 4.3
1 0 2 -10.55
0 7 5 -3.65
1 6 6 -8.45
0 1 6 -4.9
1 7 4 -1.41
0 2 1 -64
1 6 0 64
0 7 3 -12.0
1 1 0 12.0
0 6 1 -12.0
1 7 6 12.0
0 7 7 -12.0
1 6 7 12.0
0 1 1 -12.0
1 0 1 12.0
1 3 0 12.0
0 2 0 -12.0
1 0 0 12.0
0 7 0 -12.0
1 7 1 12.0
1 0 7 12.0
0 0 6 -12.0
