1 5 3 -16.0
0 3 2 16.0
1 2 3 -16.0
0 5 4 16.0
1 4 5 -16.0
0 2 2 16.0
1 3 5 -16.0
0 5 2 16.0
1 4 2 -16.0
0 3 1 16.0
1 6 4 -16.0
0 2 4 16.0
1 6 3 -16.0
0 2 5 16.0
1 5 1 -16.0
0 3 6 16.0
1 4 1 -16.0
0 5 6 16.0
1 2 0 -16.0
0 5 5 16.0
1 2 1 -16.0
0 3 0 16.0
1 4 6 -16.0
0 1 0 16.0
1 5 7 -5.94
0 6 2 5.94
1 2 7 -3.79
0 7 5 5.94
1 6 5 -5.45
0 4 0 3.94
1 5 0 -3.07
0 6 0 3.4
1 2 6 -4.72
0 4 7 4.53
1 7 2 -5.91
0 6 7 5.46
1 1 2 -5.84
0 1 3 6.49
1 1 5 -6.27
0 0 3 7.68
1 3 7 -8.19
0 1 7 6.57
1 1 4 -6.02
0 7 6 64
1 0 1 -64
0 0 2 16.0
1 0 4 -16.0
0 0 5 16.0
1 1 6 -16.0
0 0 0 16.0
1 1 1 -16.0
0 6 1 16.0
1 7 3 -16.0
0 0 7 16.0
1 0 6 -16.0
0 6 6 16.0
1 7 7 -16.0
0 7 4 16.0
1 7 0 -16.0
0 7 1 16.0
