1 5 3 24.0
0 3 2 -24.0
1 2 5 24.0
0 3 5 -24.0
1 2 4 24.0
0 5 4 -24.0
1 5 2 24.0
0 5 5 -24.0
1 4 2 24.0
0 4 1 -24.0
1 3 1 24.0
0 6 2 -24.0
1 6 3 24.0
0 2 3 -24.0
1 1 2 24.0
0 2 2 -24.0
1 1 3 24.0
0 2 1 -24.0
1 5 0 24.0
0 4 0 -24.0
1 5 1 24.0
0 7 2 -24.0
1 3 6 24.0
0 6 4 -24.0
1 2 0 2.8
0 2 6 1.6
1 2 7 -3.66
0 6 0 -4.84
1 4 5 -2.6
0 0 4 -4.8
1 0 2 -2.62
0 6 1 -7.16
1 3 0 6.02
0 1 0 -14.68
1 7 0 13.41
0 7 1 -10.83
1 6 5 7.95
0 3 7 -18.8
1 4 7 9.55
0 1 6 -19.2
1 4 6 9.67
0 1 5 -20.78
1 1 4 11.13
0 0 5 -64
1 7 5 64
0 0 3 -24.0
1 0 7 24.0
0 5 6 -24.0
1 7 3 24.0
0 0 1 -24.0
1 5 7 24.0
0 7 4 -24.0
1 0 0 24.0
0 6 7 -24.0
1 0 6 24.0
0 6 6 -24.0
1 1 1 24.0
0 1 7 -24.0
1 7 7 24.0
0 7 6 -24.0
