1 2 4 -20.0
0 2 5 20.0
1 3 5 -20.0
0 2 3 20.0
1 1 4 -20.0
0 1 5 20.0
1 1 3 -20.0
0 3 6 20.0
1 2 2 -20.0
0 4 5 20.0
1 2 6 -20.0
0 0 2 1.52
1 5 4 -8.37
0 0 3 3.6
1 0 5 -9.45
0 1 2 -4.09
1 0 4 -3.17
0 3 2 -3.69
1 2 7 -7.09
0 5 3 -3.16
1 4 6 -3.03
0 6 5 -4.34
1 0 1 -4.84
0 3 7 -6.31
1 3 1 -4.85
0 1 6 -4.65
1 4 1 -5.45
0 1 7 -3.95
1 4 7 -1.29
0 5 6 0.66
1 5 5 -3.24
0 6 4 -4.02
1 5 7 -5.63
0 2 1 -1.11
1 0 7 -5.19
0 0 6 4.69
1 2 0 -11.23
0 0 0 1.93
1 6 2 -8.16
0 1 0 8.44
1 5 2 -22.14
0 1 1 18.91
1 7 3 -28.49
0 4 2 64
1 5 1 -64
0 3 0 20.0
1 6 3 -20.0
0 4 0 20.0
1 6 7 -20.0
0 7 5 20.0
1 5 0 -20.0
0 7 4 20.0
1 7 2 -20.0
0 6 6 20.0
1 6 1 -20.0
0 7 0 20.0
1 6 0 -20.0
0 7 1 20.0
1 7 6 -20.0
0 7 7 20.0
