1 5 3 10.0
0 5 2 -10.0
1 2 4 10.0
0 6 3 -10.0
1 4 2 -7.14
0 3 2 8.2
1 5 1 -13.96
0 2 3 5.6
1 5 4 -8.59
0 1 5 -3.38
1 2 1 -4.02
0 3 1 0.34
1 2 0 -8.15
0 4 1 -2.24
1 7 2 -10.94
0 3 0 0.31
1 2 2 -11.45
0 5 0 -2.34
1 1 3 -5.47
0 7 4 -10.26
1 7 3 -1.64
0 3 5 -4.08
1 2 6 -5.32
0 6 5 -3.81
1 5 5 -4.16
0 3 6 -7.94
1 6 2 -7.59
0 1 4 -6.22
1 2 5 -4.05
0 0 2 -4.43
1 4 5 2.77
0 4 6 -10.77
1 0 3 -1.9
0 3 7 -9.84
1 7 5 1.99
0 0 4 -9.83
1 0 5 2.77
0 1 2 -9.97
1 0 1 3.84
0 6 1 -4.99
1 5 7 4.1
0 6 6 -12.28
1 6 4 6.34
0 4 7 -64
1 7 7 64
0 7 6 -10.0
1 7 0 10.0
0 1 0 -10.0
1 2 7 10.0
0 5 6 -10.0
1 6 0 10.0
0 7 1 -10.0
1 6 7 10.0
0 1 7 -10.0
1 0 7 10.0
0 0 6 -10.0
1 1 6 10.0
0 0 0 -10.0
1 1 1 10.0
1 4 0 10.0
