1 2 4 54.0
0 4 5 -54.0
1 5 2 54.0
0 1 4 -54.0
1 5 5 54.0
0 4 2 -54.0
1 3 5 6.88
0 5 6 -4.56
1 2 2 -0.19
0 6 5 -8.88
1 3 2 3.31
0 2 5 -17.45
1 5 3 12.79
0 6 2 -25.1
1 6 3 18.19
0 5 1 -26.52
1 5 0 26.66
0 7 3 -25.02
1 5 4 16.32
0 4 1 -26.66
1 3 1 15.88
0 3 0 -28.03
1 1 5 16.23
0 6 4 -22.84
1 2 3 19.29
0 1 2 -24.63
1 1 3 20.42
0 0 2 -21.49
1 0 3 29.42
0 0 6 -33.28
1 2 6 34.84
0 1 6 -47.69
1 3 6 41.88
0 1 7 -54.02
1 2 7 46.69
0 3 7 -61.09
1 0 7 51.98
0 4 0 -61.68
1 2 0 52.1
0 0 5 -54.23
1 0 4 63.03
1 6 0 63.86
0 6 1 -56.32
1 7 0 64
0 7 1 -64
1 7 2 54.0
1 4 6 54.0
0 4 7 -54.0
1 0 1 54.0
0 1 1 -54.0
1 5 7 54.0
0 6 7 -54.0
1 7 7 54.0
0 6 6 -54.0
1 1 0 54.0
0 0 0 -54.0
1 2 1 54.0
1 7 6 54.0
0 7 5 -54.0
1 7 4 54.0
