1 5 3 -2.0
0 3 2 2.0
1 2 3 -2.0
0 5 4 2.0
1 3 1 -2.0
0 5 2 6.14
1 3 5 -4.35
0 2 6 5.88
1 3 6 -5.24
0 2 2 5.35
1 1 3 -4.73
0 2 5 3.08
1 1 4 -2.52
0 2 4 2.27
1 1 5 -2.61
0 1 2 2.05
1 4 2 -1.8
0 0 3 2.23
1 4 5 -2.24
0 0 5 2.91
1 0 4 -3.16
0 4 7 2.27
1 6 5 -2.67
0 2 1 1.85
1 6 3 -1.92
0 4 0 2.52
1 4 1 -2.37
0 5 5 1.56
1 3 7 -1.11
0 2 7 -0.58
1 1 6 0.88
0 5 0 -0.39
1 1 7 -0.46
0 0 7 0.7
1 0 6 0.97
0 7 5 -0.93
1 6 6 1.0
0 7 4 -0.57
1 1 1 -0.98
0 6 2 2.03
1 4 6 -1.71
0 6 4 2.42
1 5 7 -3.7
0 5 1 64
1 7 1 -64
0 5 6 2.0
1 7 2 -2.0
0 7 7 2.0
1 0 2 -2.0
0 0 1 2.0
1 6 0 -2.0
0 6 7 2.0
1 7 3 -2.0
0 7 0 2.0
1 6 1 -2.0
1 7 6 -2.0
1 0 0 -2.0
0 1 0 2.0
1 2 0 -2.0
0 3 0 2.0
