1 4 2 -14.0
0 5 4 14.0
1 3 5 -14.0
0 4 1 14.0
1 5 5 -14.0
0 4 5 14.0
1 5 2 -14.0
0 3 2 14.0
1 5 3 -14.0
0 6 2 14.0
1 3 1 -14.0
0 2 2 14.0
1 4 0 -14.0
0 5 0 14.0
1 6 0 1.05
0 2 3 -2.61
1 2 5 -1.36
0 5 6 -7.78
1 4 6 1.53
0 2 0 -10.28
1 2 1 -5.04
0 2 4 -8.55
1 6 4 -2.95
0 4 7 -5.35
1 1 4 -3.91
0 6 3 0.83
1 3 7 -10.09
0 1 2 1.38
1 5 7 -11.93
0 3 6 5.42
1 0 3 -12.84
0 7 4 8.59
1 6 1 -19.09
0 6 5 8.37
1 3 0 -20.89
0 1 3 8.66
1 1 0 -16.91
0 0 5 6.47
1 7 2 -16.77
0 0 2 6.84
1 2 7 -12.56
0 7 0 6.96
1 0 1 -19.16
0 7 3 64
1 1 1 -64
0 0 0 14.0
1 0 4 -14.0
0 7 1 14.0
1 5 1 -14.0
0 1 5 14.0
1 1 6 -14.0
0 2 6 14.0
1 1 7 -14.0
0 0 7 14.0
1 6 6 -14.0
0 7 7 14.0
1 7 5 -14.0
0 6 7 14.0
1 7 6 -14.0
1 0 6 -14.0
