1 2 4 8.0
0 2 5 -8.0
1 3 5 8.0
0 4 5 -8.0
1 3 6 8.0
0 1 4 -8.0
1 5 4 8.0
0 4 6 -8.0
1 5 3 8.0
0 2 2 -8.0
1 2 6 8.0
0 3 7 -8.0
1 2 7 -4.3
0 4 7 -6.0
1 5 7 1.25
0 5 5 -0.1
1 5 6 2.5
0 5 2 -7.93
1 1 5 -1.29
0 6 3 -8.22
1 0 3 2.68
0 6 4 -10.98
1 1 3 15.1
0 1 7 -26.4
1 0 7 26.15
0 2 3 -29.68
1 4 2 18.43
0 3 1 -25.34
1 6 5 20.7
0 7 5 -30.94
1 1 2 28.77
0 3 2 -26.34
1 2 1 24.13
0 0 2 -30.65
1 3 0 24.55
0 4 0 -34.95
1 5 0 24.48
0 0 5 -37.38
1 0 6 24.02
0 1 6 -27.48
1 6 2 13.22
0 0 4 -20.95
1 4 1 14.09
0 2 0 -64
1 7 6 64
0 7 7 -8.0
1 5 1 8.0
0 7 2 -8.0
1 6 6 8.0
0 6 0 -8.0
1 7 1 8.0
0 7 3 -8.0
1 0 1 8.0
0 7 0 -8.0
1 1 0 8.0
0 1 1 -8.0
1 0 0 8.0
0 6 7 -8.0
1 6 1 8.0
1 7 4 8.0
