1 5 3 -2.0
0 5 2 2.0
1 4 2 -2.0
0 3 2 2.0
1 2 3 -2.0
0 4 5 2.0
1 3 5 -2.0
0 6 3 2.0
1 4 6 -2.0
0 1 3 2.0
1 1 2 -2.0
0 2 5 2.0
1 2 4 -9.26
0 2 2 -0.49
1 3 1 -2.16
0 4 1 -0.25
1 0 2 -7.0
0 1 5 0.66
1 1 4 -3.48
0 0 5 -2.4
1 0 4 -5.16
0 3 0 -5.72
1 5 1 -5.51
0 3 6 0.48
1 2 0 -7.34
0 4 0 -3.41
1 5 0 -9.23
0 5 7 -3.2
1 3 7 -6.07
0 4 7 5.63
1 2 6 -18.15
0 5 4 6.71
1 5 6 -14.56
0 2 1 9.37
1 7 2 -16.32
0 6 5 3.52
1 5 5 -6.27
0 1 6 -4.45
1 1 0 -7.51
0 6 1 -3.79
1 6 7 -5.13
0 6 2 1.07
1 2 7 -10.3
0 1 7 64
1 0 7 -64
0 0 6 2.0
1 1 1 -2.0
0 6 6 2.0
1 7 7 -2.0
0 0 3 2.0
1 6 4 -2.0
0 0 0 2.0
1 7 0 -2.0
0 0 1 2.0
1 6 0 -2.0
0 7 1 2.0
1 7 3 -2.0
0 7 6 2.0
1 7 5 -2.0
0 7 4 2.0
