1 4 2 -40.0
0 5 4 40.0
1 3 5 -40.0
0 4 1 40.0
1 5 5 -40.0
0 2 4 -2.45
1 5 3 -40.0
0 4 5 40.0
1 3 6 1.91
0 5 6 -0.43
1 1 3 -7.6
0 1 4 2.4
1 3 1 -10.81
0 2 5 2.49
1 2 3 -14.52
0 2 7 4.02
1 4 6 -9.51
0 6 3 4.13
1 0 5 -9.24
0 5 2 3.16
1 6 4 -12.41
0 7 4 7.66
1 4 0 -17.23
0 6 2 9.23
1 7 5 -17.77
0 4 7 10.72
1 7 3 -19.93
0 2 6 16.3
1 5 7 -24.93
0 7 2 23.97
1 7 1 -20.25
0 6 5 14.99
1 3 7 -11.01
0 6 7 14.57
1 5 1 -24.73
0 0 4 12.67
1 0 3 -28.05
0 1 5 17.56
1 6 6 -26.45
0 2 2 15.41
1 3 2 -23.24
0 7 7 22.59
1 0 6 -35.22
0 5 0 64
1 6 0 -64
0 7 6 40.0
1 1 2 -40.0
0 2 1 40.0
1 1 6 -40.0
0 3 0 40.0
1 6 1 -40.0
0 1 7 40.0
1 2 0 -40.0
0 0 1 40.0
1 1 1 -40.0
0 0 0 40.0
1 1 0 -40.0
0 7 0 40.0
0 0 7 40.0
0 0 2 40.0
