1 4 2 0.0
0 5 4 0.0
1 2 5 0.0
0 2 4 0.0
1 3 5 0.0
0 3 2 0.0
1 4 5 0.0
0 2 6 0.0
1 1 3 0.0
0 2 3 0.0
1 1 5 -0.71
0 0 4 -1.17
1 1 2 -2.95
0 5 3 -9.41
1 5 5 -1.59
0 3 1 -9.12
1 6 5 0.16
0 1 4 -7.12
1 3 6 -4.24
0 6 4 -8.95
1 5 2 -3.81
0 4 7 -5.4
1 2 7 -5.66
0 0 1 -7.53
1 4 1 3.51
0 2 2 -5.8
1 7 5 -1.48
0 6 3 -8.77
1 7 4 -4.8
0 5 0 -6.33
1 4 0 -4.58
0 3 0 -3.26
1 1 7 -5.27
0 5 1 1.63
1 0 2 0.55
0 0 3 3.98
1 6 2 -7.71
0 4 6 1.1
1 2 1 -2.86
0 6 6 2.19
1 0 6 -8.45
0 3 7 -1.8
1 7 7 -6.59
0 2 0 0
1 1 6 0
0 5 6 0.0
1 5 7 0.0
0 0 7 0.0
1 0 5 0.0
0 6 7 0.0
1 0 0 0.0
0 7 1 0.0
1 7 2 0.0
0 7 6 0.0
1 1 0 0.0
0 1 1 0.0
1 6 0 0.0
0 7 3 0.0
1 7 0 0.0
0 6 1 0.0
