1 5 3 8.0
0 3 2 -8.0
1 2 5 8.0
0 3 5 -8.0
1 2 4 8.0
0 5 4 -8.0
1 2 3 8.0
0 1 5 -8.0
1 2 6 8.0
0 4 2 -8.0
1 2 2 8.0
0 1 4 -8.0
1 1 3 8.0
0 3 6 -8.0
1 4 5 8.0
0 0 2 -8.0
1 2 7 8.0
0 1 2 -8.0
1 5 5 8.0
0 5 2 -8.0
1 5 1 8.0
0 4 7 -8.0
1 4 6 8.0
0 5 7 -8.0
1 5 6 8.0
0 6 3 -8.0
1 3 1 8.0
0 2 1 4.98
1 4 1 -1.38
0 2 0 -0.39
1 7 4 -1.42
0 7 3 -6.55
1 7 2 2.22
0 6 7 -14.41
1 3 0 2.4
0 6 4 -10.89
1 6 2 4.13
0 6 5 2.88
1 1 6 8.46
0 5 0 -7.39
1 6 1 5.76
0 3 7 -8.26
1 0 4 -1.13
0 4 0 -64
1 7 7 64
0 0 3 -8.0
1 7 6 8.0
0 7 5 -8.0
1 0 1 8.0
0 0 7 -8.0
1 0 6 8.0
0 0 5 -8.0
1 1 7 8.0
0 7 0 -8.0
1 6 6 8.0
0 0 0 -8.0
1 1 0 8.0
0 1 1 -8.0
1 7 1 8.0
0 6 0 -8.0
