1 4 2 2.0
0 5 4 -2.0
1 2 5 2.0
0 2 4 -2.0
1 3 5 2.0
0 3 2 -2.0
1 5 2 0.0
0 4 1 -2.0
1 5 3 2.0
0 6 4 -2.0
1 6 3 2.0
0 4 5 -2.0
1 2 3 2.0
0 2 2 2.8
1 5 6 -9.66
0 5 1 -3.23
1 2 1 -5.28
0 7 2 -5.05
1 3 1 -5.45
0 4 6 -2.91
1 5 5 -4.84
0 2 6 -5.05
1 6 5 -9.25
0 3 6 -3.35
1 2 7 -6.02
0 3 0 -0.7
1 7 4 -0.7
0 1 5 -10.92
1 1 4 0.3
0 5 7 -8.46
1 7 3 -4.01
0 6 2 -12.51
1 0 4 3.52
0 1 3 -9.6
1 7 1 -2.64
0 1 2 -7.1
1 0 1 -1.65
0 0 6 -3.67
1 0 5 10.02
0 0 2 -3.62
1 3 7 -3.08
0 0 3 6.62
1 0 7 -2.12
0 6 6 -64
1 4 7 64
0 7 5 -2.0
1 6 1 2.0
0 7 0 -2.0
1 6 0 2.0
0 5 0 -2.0
1 1 0 2.0
0 2 0 -2.0
1 7 7 2.0
0 6 7 -2.0
1 4 0 2.0
0 1 6 -2.0
1 1 7 2.0
0 1 1 -2.0
1 0 0 2.0
0 7 6 -2.0
