1 2 4 -2.0
0 4 5 2.0
1 5 4 -2.0
0 2 3 2.0
1 3 2 -2.0
0 5 5 2.0
1 4 6 -2.0
0 3 5 2.0
1 2 5 -2.0
0 4 2 4.41
1 6 4 -13.05
0 1 4 6.06
1 3 6 -13.48
0 5 6 2.04
1 5 3 -11.19
0 5 7 1.6
1 1 5 -8.05
0 1 3 -4.05
1 4 7 -7.87
0 6 2 0.62
1 5 1 -8.05
0 5 2 -1.7
1 6 3 -6.23
0 5 0 -2.53
1 2 6 -6.66
0 7 3 1.25
1 6 7 -8.53
0 7 5 3.05
1 0 2 -9.2
0 2 1 0.77
1 7 4 -11.55
0 0 3 4.65
1 0 4 -11.27
0 6 5 4.39
1 6 1 -10.05
0 4 1 6.97
1 7 1 -15.4
0 6 6 2.55
1 1 2 -16.72
0 3 1 9.82
1 7 2 -15.38
0 0 6 3.55
1 0 5 -9.01
0 3 7 64
1 0 7 -64
0 2 2 2.0
1 2 0 -2.0
0 1 6 2.0
1 1 7 -2.0
0 2 7 2.0
1 7 7 -2.0
0 7 6 2.0
1 6 0 -2.0
0 7 0 2.0
1 4 0 -2.0
0 3 0 2.0
0 1 0 2.0
1 1 1 -2.0
0 0 1 2.0
1 0 0 -2.0
