1 5 3 4.0
0 3 2 -4.0
1 2 4 4.0
0 3 5 -4.0
1 2 5 4.0
0 5 4 -4.0
1 4 2 4.0
0 5 2 -4.0
1 4 5 4.0
0 2 3 -4.0
1 2 2 4.0
0 1 2 -4.0
1 2 1 4.0
0 1 3 -4.0
1 4 1 -0.28
0 5 5 0.28
1 3 1 -0.28
0 1 4 0.28
1 1 5 2.93
0 2 6 -2.93
1 6 2 2.93
0 5 0 -3.91
1 4 0 3.98
0 5 1 -3.77
1 6 4 1.75
0 6 3 -0.63
1 3 6 0.18
0 0 4 -0.19
1 4 6 0.78
0 7 5 -0.56
1 7 3 -0.46
0 6 5 0.56
1 5 6 1.4
0 3 7 -1.89
1 7 4 0.54
0 7 2 -0.33
1 6 0 -0.87
0 7 6 1.22
1 1 7 1.03
0 5 7 -1.46
1 0 2 1.18
0 2 7 -2.12
1 0 3 3.06
0 1 1 -64
1 0 5 64
0 0 7 -4.0
1 0 1 4.0
0 0 0 -4.0
1 0 6 4.0
0 1 6 -4.0
1 1 0 4.0
0 3 0 -4.0
1 2 0 4.0
0 7 0 -4.0
1 4 7 4.0
0 6 1 -4.0
1 7 1 4.0
1 7 7 4.0
1 6 7 4.0
0 6 6 -4.0
