1 4 2 10.0
0 5 2 -10.0
1 5 3 10.0
0 3 2 -10.0
1 2 5 10.0
0 5 5 -10.0
1 5 4 3.51
0 6 4 -3.59
1 6 3 2.74
0 7 3 -2.58
1 2 2 1.54
0 2 3 -1.48
1 7 2 1.49
0 6 5 -2.41
1 7 4 1.88
0 7 5 -1.69
1 7 6 2.59
0 6 2 -2.44
1 4 5 3.09
0 3 5 -2.88
1 2 4 4.27
0 3 6 -3.45
1 2 6 3.61
0 1 3 -4.88
1 5 6 5.43
0 1 5 -7.8
1 4 6 9.66
0 3 1 -9.52
1 7 1 10.26
0 4 7 -10.2
1 5 7 10.14
0 6 7 -10.55
1 0 4 10.41
0 1 4 -10.4
1 3 7 10.58
0 2 7 -11.24
1 1 6 10.57
0 6 1 -10.48
1 4 1 10.6
0 4 0 -10.55
1 7 0 9.32
0 5 1 -8.59
1 6 0 7.05
0 5 0 -64
1 3 0 64
0 2 1 -10.0
1 1 0 10.0
0 2 0 -10.0
1 1 1 10.0
0 0 0 -10.0
1 0 2 10.0
0 1 2 -10.0
1 0 5 10.0
0 0 3 -10.0
1 0 1 10.0
0 0 7 -10.0
1 0 6 10.0
0 6 6 -10.0
1 7 7 10.0
0 1 7 -10.0
