1 5 3 10.0
0 5 2 -10.0
1 4 2 10.0
0 3 2 -10.0
1 2 3 10.0
0 4 5 -10.0
1 4 1 10.0
0 2 2 -10.0
1 5 1 10.0
0 6 3 -4.44
1 1 2 2.39
0 3 1 0.6
1 4 0 -8.23
0 6 2 -4.24
1 2 4 -4.59
0 2 0 -7.73
1 3 0 -3.15
0 5 0 -3.91
1 3 5 -2.3
0 2 1 -5.19
1 5 4 -2.81
0 6 5 -10.55
1 5 5 -0.08
0 0 2 -11.82
1 6 4 11.57
0 7 5 -16.84
1 7 2 5.26
0 7 4 -10.26
1 6 1 11.31
0 2 6 -16.95
1 7 3 13.32
0 1 5 -19.41
1 1 4 19.21
0 1 3 -26.16
1 0 3 14.77
0 4 6 -24.96
1 0 5 16.95
0 0 4 -20.46
1 7 6 14.41
0 5 6 -10.27
1 6 6 -5.94
0 7 7 -3.91
1 0 1 -0.59
0 7 1 -64
1 7 0 64
0 1 1 -10.0
1 4 7 10.0
0 6 0 -10.0
1 1 0 10.0
0 2 5 -10.0
1 6 7 10.0
0 5 7 -10.0
1 0 0 10.0
0 3 7 -10.0
1 1 6 10.0
0 3 6 -10.0
1 2 7 10.0
0 0 6 -10.0
1 1 7 10.0
0 0 7 -10.0
