1 4 2 6.0
0 5 4 -6.0
1 3 5 6.0
0 2 4 -6.0
1 5 3 6.0
0 5 2 -6.0
1 6 3 -5.27
0 7 2 -4.79
1 2 5 -5.95
0 3 2 0.59
1 5 5 0.05
0 4 5 -3.13
1 6 4 -3.8
0 2 3 -8.75
1 4 6 -4.37
0 7 5 -5.84
1 6 2 3.01
0 3 7 -13.92
1 1 2 2.51
0 1 3 -7.6
1 5 6 5.48
0 3 6 -9.69
1 4 1 -3.46
0 6 5 -8.33
1 2 2 1.59
0 7 1 -5.37
1 5 1 4.22
0 1 4 -8.05
1 7 4 0.25
0 7 3 2.86
1 6 6 -3.63
0 4 0 -10.4
1 0 3 0.57
0 2 1 -4.52
1 2 7 -4.06
0 2 6 -2.58
1 3 1 -3.05
0 3 0 -8.39
1 0 4 -2.37
0 7 7 -9.3
1 7 6 3.9
0 6 1 -9.78
1 4 7 -0.77
0 1 5 -64
1 7 0 64
0 6 7 -6.0
1 5 7 6.0
0 1 7 -6.0
1 0 5 6.0
0 1 6 -6.0
1 5 0 6.0
0 0 6 -6.0
1 0 7 6.0
0 6 0 -6.0
1 2 0 6.0
0 1 0 -6.0
1 0 0 6.0
0 0 1 -6.0
1 1 1 6.0
0 0 2 -6.0
