1 4 2 6.0
0 5 4 -6.0
1 3 5 6.0
0 2 4 -6.0
1 2 5 6.0
0 3 2 -6.0
1 5 2 6.0
0 2 2 -6.0
1 5 3 6.0
0 6 3 -6.0
1 6 4 6.0
0 5 1 -6.0
1 6 2 6.0
0 4 5 -6.0
1 5 5 -1.55
0 7 5 4.11
1 1 4 -4.11
0 6 5 5.21
1 2 3 -5.21
0 7 2 5.21
1 2 1 -4.11
0 1 2 3.05
1 0 3 -3.69
0 5 6 4.89
1 3 1 -6.84
0 1 3 6.96
1 0 2 -7.88
0 4 6 7.7
1 7 3 -7.88
0 7 4 8.63
1 6 1 -7.59
0 4 0 7.24
1 5 0 -8.37
0 4 1 7.82
1 2 0 -7.49
0 7 0 3.84
1 3 0 -3.11
0 0 5 3.73
1 0 4 -3.99
0 0 1 4.59
1 4 7 -4.99
0 1 1 3.76
1 6 7 -5.03
0 2 6 4.61
1 1 5 -5.07
0 5 7 5.99
1 0 0 -5.15
0 1 0 6.02
1 2 7 -7.33
0 0 6 7.02
1 3 6 -6.87
0 7 7 8.75
1 0 7 -6.67
0 3 7 -6.0
1 1 6 6.0
0 6 0 -6.0
1 6 6 6.0
0 1 7 -6.0
1 7 6 6.0
1 7 1 6.0
