1 4 2 10.0
0 5 2 -10.0
1 5 3 10.0
0 5 4 -10.0
1 6 2 10.0
0 3 2 -10.0
1 6 4 10.0
0 5 1 -10.0
1 4 0 10.0
0 7 5 -3.52
1 3 5 -11.61
0 5 5 5.98
1 2 3 -9.59
0 2 4 -1.46
1 4 5 -8.91
0 5 0 -2.44
1 6 0 -6.19
0 6 3 -4.27
1 2 5 -5.85
0 1 3 -4.02
1 7 4 -2.85
0 7 3 -2.0
1 6 6 -7.08
0 7 7 -3.61
1 4 1 -10.58
0 6 5 -0.72
1 3 1 -7.59
0 1 4 0.19
1 1 5 -9.01
0 5 6 -0.73
1 2 2 -7.41
0 4 6 -0.59
1 3 6 -1.2
0 2 7 -4.77
1 0 2 -6.61
0 2 0 -6.83
1 2 1 -1.61
0 0 3 -4.04
1 3 7 -7.55
0 4 7 1.25
1 0 4 -3.77
0 1 0 -6.82
1 2 6 -3.98
0 1 7 -64
1 6 1 64
0 0 5 -10.0
1 1 2 10.0
0 0 1 -10.0
1 1 6 10.0
0 1 1 -10.0
1 7 2 10.0
0 3 0 -10.0
1 0 0 10.0
0 0 7 -10.0
1 0 6 10.0
0 7 1 -10.0
1 7 6 10.0
0 6 7 -10.0
1 5 7 10.0
1 7 0 10.0
