1 2 4 30.0
0 4 5 -30.0
1 5 3 30.0
0 4 2 -30.0
1 5 2 30.0
0 2 3 -30.0
1 2 5 30.0
0 1 4 -30.0
1 3 2 30.0
0 2 2 -30.0
1 1 5 30.0
0 2 6 -30.0
1 0 5 -1.21
0 0 3 -7.84
1 1 2 -3.17
0 0 4 -4.29
1 0 2 1.08
0 3 1 -8.38
1 5 5 -0.05
0 1 3 -5.7
1 4 1 1.97
0 5 0 -4.78
1 0 6 2.65
0 6 4 -9.06
1 3 5 3.19
0 6 3 -12.6
1 3 7 -0.04
0 3 6 -10.27
1 5 1 -0.13
0 5 4 -5.66
1 5 6 5.94
0 6 5 -15.88
1 4 7 16.51
0 6 7 -18.48
1 2 0 9.03
0 4 0 -12.25
1 5 7 13.47
0 2 7 -15.8
1 7 5 8.06
0 6 0 -16.02
1 2 1 8.49
0 6 2 -15.27
1 1 1 9.23
0 1 6 -64
1 3 0 64
0 7 4 -30.0
1 7 3 30.0
0 1 0 -30.0
1 0 0 30.0
0 0 1 -30.0
1 7 0 30.0
0 0 7 -30.0
1 6 1 30.0
0 7 1 -30.0
1 7 2 30.0
0 6 6 -30.0
1 4 6 30.0
1 1 7 30.0
1 7 6 30.0
1 7 7 30.0
