1 5 3 -6.0
0 5 2 6.0
1 4 2 -6.0
0 5 4 6.0
1 6 3 -6.0
0 4 1 6.0
1 4 5 -6.0
0 6 2 6.0
1 3 5 -6.0
0 2 3 6.0
1 3 2 -6.0
0 2 4 -1.8
1 2 5 1.8
0 2 2 -1.8
1 1 2 1.8
0 1 3 1.0
1 5 1 -10.45
0 7 3 -1.98
1 3 0 -9.08
0 6 5 3.2
1 1 5 -10.84
0 3 1 0.78
1 0 2 -10.97
0 0 3 1.33
1 5 5 -6.84
0 6 4 -4.82
1 0 4 -1.38
0 5 6 3.55
1 7 2 -4.59
0 4 6 -7.55
1 3 6 -6.15
0 3 7 -6.55
1 2 7 -4.88
0 2 6 -0.76
1 1 4 -13.7
0 5 0 3.17
1 7 5 -14.23
0 2 1 8.23
1 7 4 -6.51
0 6 6 4.02
1 1 6 -4.88
0 1 7 10.38
1 6 1 -8.02
0 4 0 64
1 6 0 -64
0 7 6 6.0
1 7 7 -6.0
0 0 7 6.0
1 2 0 -6.0
0 0 6 6.0
1 0 5 -6.0
0 7 0 6.0
1 7 1 -6.0
0 0 1 6.0
1 1 1 -6.0
0 1 0 6.0
1 0 0 -6.0
1 6 7 -6.0
0 5 7 6.0
1 4 7 -6.0
