1 4 2 -2.0
0 5 4 2.0
1 2 5 -2.0
0 2 4 2.0
1 3 5 -2.0
0 3 2 2.0
1 5 3 -2.0
0 5 2 2.0
1 2 3 -2.0
0 4 5 2.0
1 5 5 -2.0
0 4 6 2.0
1 6 4 -2.0
0 6 3 2.0
1 5 6 -1.32
0 2 6 2.66
1 5 7 -8.3
0 4 7 4.07
1 3 6 -8.23
0 2 7 -1.33
1 7 3 -3.66
0 6 5 0.73
1 7 5 -8.49
0 1 2 1.15
1 2 2 -5.63
0 1 5 -5.83
1 3 1 -6.15
0 6 2 -0.48
1 5 1 -12.56
0 1 4 9.61
1 2 1 -11.6
0 7 4 -2.75
1 0 3 -9.07
0 7 2 -4.61
1 7 1 -6.19
0 6 6 4.79
1 0 4 -18.32
0 0 5 2.54
1 0 6 -14.32
0 1 3 7.78
1 0 2 -10.58
0 1 6 11.48
1 7 7 -12.89
0 7 6 64
1 6 7 -64
0 7 0 2.0
1 3 7 -2.0
0 6 0 2.0
1 0 7 -2.0
0 1 7 2.0
1 6 1 -2.0
0 5 0 2.0
1 4 0 -2.0
0 0 1 2.0
1 0 0 -2.0
0 4 1 2.0
1 1 1 -2.0
0 3 0 2.0
1 2 0 -2.0
0 1 0 2.0
