1 5 3 -12.0
0 3 2 12.0
1 2 3 -12.0
0 5 4 12.0
1 4 5 -12.0
0 3 5 12.0
1 5 5 -12.0
0 4 6 -8.42
1 4 1 -1.07
0 1 3 -12.51
1 2 4 4.0
0 6 3 -13.51
1 1 4 6.06
0 5 6 -12.44
1 6 2 3.24
0 3 1 -11.78
1 7 3 0.28
0 5 2 -8.89
1 0 3 -4.49
0 2 5 2.51
1 2 2 0.83
0 1 2 -9.11
1 6 4 -5.38
0 6 5 -2.07
1 5 7 -4.75
0 2 6 8.05
1 2 7 -15.3
0 4 7 10.35
1 3 7 -13.82
0 3 6 7.34
1 7 5 -12.43
0 7 2 4.61
1 7 4 -8.1
0 4 2 4.05
1 2 0 -11.63
0 7 6 9.72
1 0 2 -17.48
0 6 6 9.27
1 7 7 -10.11
0 6 7 14.27
1 5 1 -20.94
0 1 5 8.77
1 7 1 -15.85
0 3 0 64
1 4 0 -64
0 0 5 12.0
1 0 4 -12.0
0 0 1 12.0
1 1 6 -12.0
0 2 1 12.0
1 1 0 -12.0
0 5 0 12.0
1 6 1 -12.0
0 0 0 12.0
1 1 1 -12.0
0 0 6 12.0
1 1 7 -12.0
0 0 7 12.0
0 6 0 12.0
1 7 0 -12.0
