1 5 3 12.0
0 5 2 -12.0
1 4 2 12.0
0 3 2 -12.0
1 2 3 12.0
0 4 5 -12.0
1 3 5 12.0
0 2 4 -12.0
1 2 2 12.0
0 1 3 -12.0
1 2 5 12.0
0 3 1 -12.0
1 5 5 -0.13
0 1 4 0.13
1 2 1 -6.6
0 5 4 -0.22
1 0 5 -1.01
0 1 2 -4.59
1 0 2 -4.66
0 2 0 -2.65
1 4 0 -6.69
0 4 1 -3.37
1 6 4 -5.58
0 7 5 0.11
1 6 3 -2.84
0 2 6 -5.07
1 3 6 5.07
0 0 3 -12.04
1 1 5 1.65
0 7 4 -9.44
1 5 1 0.67
0 0 1 -5.26
1 7 2 -0.05
0 7 3 -5.26
1 7 6 -5.63
0 6 0 -5.29
1 0 4 -3.88
0 0 6 -6.23
1 6 2 -3.13
0 3 0 -1.26
1 5 0 -1.71
0 1 1 -7.34
1 2 7 0.39
0 3 7 -64
1 6 5 64
0 4 6 -12.0
1 0 0 12.0
0 1 0 -12.0
1 0 7 12.0
0 7 1 -12.0
1 7 0 12.0
0 6 6 -12.0
1 4 7 12.0
0 5 7 -12.0
1 6 7 12.0
0 6 1 -12.0
1 1 7 12.0
0 1 6 -12.0
1 5 6 12.0
0 7 7 -12.0
