1 4 2 6.0
0 5 4 -6.0
1 2 5 6.0
0 2 4 -6.0
1 3 5 6.0
0 3 2 -6.0
1 5 3 6.0
0 2 6 -6.0
1 1 5 6.0
0 2 3 -6.0
1 1 4 6.0
0 3 6 -6.0
1 4 5 6.0
0 5 5 -6.0
1 6 4 6.0
0 5 6 -1.76
1 6 5 -13.66
0 5 1 4.74
1 1 3 -6.58
0 1 2 5.25
1 2 1 -11.13
0 4 1 4.29
1 3 1 -6.16
0 5 2 -3.17
1 2 2 3.18
0 3 0 -11.05
1 6 3 7.0
0 6 2 -7.4
1 0 1 -5.54
0 4 6 -1.72
1 7 2 -3.43
0 7 5 -6.02
1 7 4 2.07
0 0 4 -4.76
1 0 5 3.28
0 7 3 -10.57
1 1 0 5.86
0 2 0 -5.68
1 4 0 -2.86
0 7 1 -9.33
1 6 6 -1.18
0 0 6 -6.6
1 7 6 3.23
0 6 1 -64
1 7 0 64
0 0 2 -6.0
1 5 7 6.0
0 0 0 -6.0
1 3 7 6.0
0 7 7 -6.0
1 6 7 6.0
0 4 7 -6.0
1 1 6 6.0
0 2 7 -6.0
1 0 7 6.0
0 0 3 -6.0
1 1 7 6.0
0 5 0 -6.0
1 6 0 6.0
1 1 1 6.0
