1 4 2 -26.0
0 5 4 26.0
1 2 5 -26.0
0 2 4 26.0
1 3 5 -26.0
0 3 2 26.0
1 5 2 -26.0
0 2 2 26.0
1 5 3 -26.0
0 6 3 26.0
1 2 3 -4.82
0 3 1 4.82
1 5 1 -4.82
0 1 3 7.22
1 6 2 -6.7
0 4 5 2.78
1 2 1 -10.49
0 6 4 2.8
1 3 0 -14.31
0 4 1 6.04
1 5 0 -14.63
0 1 4 7.08
1 1 5 -15.08
0 4 6 9.3
1 7 3 -17.09
0 2 6 14.27
1 4 7 -27.1
0 3 6 18.4
1 5 6 -26.11
0 5 5 17.17
1 0 2 -28.02
0 5 7 16.47
1 7 5 -27.59
0 3 7 20.93
1 0 5 -29.99
0 4 0 21.13
1 6 1 -32.55
0 7 4 20.68
1 6 6 -31.46
0 7 2 20.96
1 6 5 -29.55
0 7 0 26.47
1 6 0 -31.9
0 7 1 64
1 6 7 -64
0 7 7 26.0
1 7 6 -26.0
0 1 2 26.0
1 0 3 -26.0
0 2 0 26.0
1 1 1 -26.0
0 0 0 26.0
1 1 0 -26.0
0 0 1 26.0
1 1 6 -26.0
0 2 7 26.0
0 0 7 26.0
1 0 6 -26.0
0 0 4 26.0
0 1 7 26.0
