1 2 4 -6.0
0 4 5 6.0
1 5 2 -6.0
0 4 2 6.0
1 5 3 -6.0
0 2 3 6.0
1 2 5 -6.0
0 1 4 6.0
1 3 5 -6.0
0 2 6 6.0
1 3 2 -6.0
0 5 4 6.0
1 4 6 -10.95
0 3 6 -0.91
1 0 4 -7.38
0 1 3 5.46
1 3 7 -17.33
0 5 7 6.91
1 5 6 -21.94
0 0 5 9.61
1 2 2 -21.29
0 0 2 14.77
1 0 6 -18.2
0 5 5 7.38
1 1 5 -19.38
0 4 7 8.14
1 1 6 -16.48
0 2 7 13.38
1 0 3 -16.52
0 1 2 4.79
1 0 1 -15.21
0 3 1 2.23
1 4 1 -13.55
0 2 1 6.9
1 2 0 -17.28
0 5 0 10.55
1 5 1 -19.63
0 6 0 10.33
1 6 4 -14.55
0 6 5 10.24
1 7 5 -17.38
0 6 2 5.83
1 6 1 -17.95
0 7 3 64
1 6 6 -64
0 7 2 6.0
1 7 0 -6.0
0 3 0 6.0
1 4 0 -6.0
0 7 1 6.0
1 1 0 -6.0
0 6 3 6.0
1 7 4 -6.0
0 0 7 6.0
1 1 7 -6.0
0 0 0 6.0
1 1 1 -6.0
0 7 7 6.0
1 6 7 -6.0
0 7 6 6.0
