1 2 4 12.0
0 4 5 -12.0
1 5 2 12.0
0 4 2 -12.0
1 5 3 12.0
0 2 3 -12.0
1 2 5 12.0
0 2 2 -12.0
1 3 5 12.0
0 3 6 -12.0
1 4 6 12.0
0 1 5 -12.0
1 1 4 12.0
0 2 6 -12.0
1 3 1 12.0
0 5 4 -12.0
1 3 2 12.0
0 1 2 -12.0
1 1 3 12.0
0 0 4 -12.0
1 2 7 12.0
0 4 1 1.1
1 0 2 -1.1
0 0 3 1.1
1 5 6 -0.2
0 6 4 0.2
1 0 5 -0.2
0 5 1 1.97
1 5 0 -3.98
0 5 7 8.53
1 3 7 -6.75
0 3 0 -1.63
1 4 7 -2.94
0 4 0 -8.41
1 6 3 -1.15
0 1 6 -12.54
1 6 2 1.7
0 2 1 -11.9
1 0 7 5.51
0 6 5 -2.85
1 7 5 2.81
0 5 5 -8.38
1 2 0 -6.78
0 7 2 -64
1 7 3 64
0 7 1 -12.0
1 7 0 12.0
0 7 4 -12.0
1 0 6 12.0
0 1 1 -12.0
1 0 1 12.0
0 0 0 -12.0
1 1 0 12.0
0 1 7 -12.0
1 6 7 12.0
0 7 6 -12.0
1 7 7 12.0
0 6 6 -12.0
1 6 1 12.0
0 6 0 -12.0
