1 4 2 -28.0
0 5 4 28.0
1 2 5 -28.0
0 2 4 28.0
1 3 5 -28.0
0 3 2 28.0
1 5 2 -28.0
0 2 2 28.0
1 5 3 -28.0
0 6 3 28.0
1 6 4 -28.0
0 5 1 28.0
1 6 2 -28.0
0 4 5 28.0
1 5 5 -0.5
0 7 2 0.5
1 4 1 -0.5
0 7 3 0.5
1 7 4 -0.2
0 7 5 6.4
1 6 5 -4.57
0 5 0 -1.52
1 1 3 -4.52
0 3 6 -6.2
1 4 7 -7.62
0 3 1 -5.97
1 2 0 -1.96
0 1 4 -2.13
1 3 0 -6.62
0 2 6 -2.52
1 1 2 -7.59
0 7 6 1.01
1 2 3 -11.72
0 3 7 4.06
1 2 7 -16.13
0 1 5 8.5
1 5 6 -13.34
0 4 6 7.0
1 5 7 -4.26
0 0 3 -1.92
1 0 2 -11.93
0 4 0 7.2
1 0 6 -15.41
0 1 0 64
1 0 5 -64
0 0 4 28.0
1 2 1 -28.0
0 0 7 28.0
1 6 0 -28.0
0 7 0 28.0
1 7 1 -28.0
0 6 6 28.0
1 1 6 -28.0
0 1 7 28.0
1 7 7 -28.0
0 0 1 28.0
0 6 1 28.0
0 1 1 28.0
1 0 0 -28.0
0 6 7 28.0
