1 5 3 -10.0
0 3 2 10.0
1 2 5 -10.0
0 3 5 10.0
1 2 4 -10.0
0 5 4 10.0
1 5 2 -10.0
0 6 3 10.0
1 4 2 -10.0
0 3 1 10.0
1 2 1 1.5
0 4 5 -1.5
1 5 1 1.5
0 1 4 -6.03
1 3 6 -3.65
0 4 6 -2.13
1 2 3 -7.33
0 2 2 2.59
1 4 7 -14.49
0 1 5 0.24
1 6 2 -8.7
0 1 3 2.54
1 3 0 -14.78
0 2 0 4.27
1 2 6 -14.87
0 4 0 5.05
1 7 4 -17.48
0 4 1 6.51
1 6 5 -18.66
0 2 7 11.84
1 0 5 -13.02
0 3 7 16.3
1 0 2 -15.06
0 5 7 12.94
1 0 3 -21.63
0 0 4 17.95
1 1 2 -17.45
0 5 6 14.1
1 1 6 -23.03
0 5 5 20.6
1 5 0 -20.89
0 6 0 14.3
1 1 1 -20.78
0 7 5 64
1 6 1 -64
0 0 1 10.0
1 1 7 -10.0
0 0 0 10.0
1 1 0 -10.0
0 7 0 10.0
1 7 1 -10.0
0 7 3 10.0
1 7 2 -10.0
0 6 4 10.0
1 6 7 -10.0
0 0 7 10.0
1 0 6 -10.0
0 7 7 10.0
1 7 6 -10.0
0 6 6 10.0
