1 4 2 20.0
0 5 2 -20.0
1 5 3 20.0
0 3 2 -20.0
1 2 3 20.0
0 4 5 -20.0
1 4 1 20.0
0 2 1 -20.0
1 3 5 -5.53
0 5 0 3.7
1 5 6 -12.64
0 6 3 5.28
1 6 2 -13.27
0 5 4 5.02
1 5 1 -11.3
0 3 1 9.64
1 2 2 -10.2
0 1 4 0.0
1 1 2 -13.82
0 2 5 1.31
1 2 4 -8.41
0 0 2 -3.8
1 0 5 -7.45
0 0 3 -2.1
1 7 2 -8.74
0 6 5 -3.25
1 5 5 -9.68
0 4 6 -0.37
1 3 0 -11.25
0 1 3 -2.41
1 3 7 -1.02
0 7 3 0.8
1 2 6 -11.99
0 6 4 3.63
1 0 4 -13.82
0 2 7 0.65
1 3 6 -7.81
0 4 0 -5.16
1 0 1 -6.02
0 7 1 -1.7
1 2 0 -2.08
0 1 0 -5.7
1 7 4 8.23
0 7 5 -64
1 6 1 64
0 6 7 -20.0
1 6 6 20.0
0 4 7 -20.0
1 5 7 20.0
0 1 5 -20.0
1 7 7 20.0
0 7 0 -20.0
1 6 0 20.0
0 7 6 -20.0
1 0 0 20.0
0 1 1 -20.0
1 0 6 20.0
0 1 6 -20.0
1 1 7 20.0
0 0 7 -20.0
