1 5 3 20.0
0 3 2 -20.0
1 2 4 20.0
0 6 3 -20.0
1 2 2 20.0
0 2 3 -20.0
1 5 2 20.0
0 5 4 -20.0
1 4 2 20.0
0 3 1 -20.0
1 4 1 0.84
0 1 3 -0.14
1 6 5 -7.1
0 2 5 -4.02
1 6 4 -3.78
0 3 5 -1.31
1 2 0 -2.05
0 5 0 -6.77
1 4 0 -1.4
0 4 5 -10.65
1 5 5 1.88
0 3 0 -12.08
1 7 2 0.51
0 5 1 -13.37
1 6 0 5.87
0 7 3 -11.36
1 7 4 17.17
0 6 1 -30.63
1 2 1 27.5
0 5 6 -27.88
1 7 0 36.11
0 7 6 -39.75
1 6 2 35.82
0 1 0 -34.95
1 3 6 24.88
0 4 6 -32.11
1 1 2 19.37
0 4 7 -33.9
1 0 0 26.22
0 7 1 -32.04
1 0 3 22.18
0 1 1 -34.34
1 1 5 29.75
0 0 1 -64
1 1 4 64
0 0 2 -20.0
1 0 4 20.0
0 0 6 -20.0
1 2 7 20.0
0 2 6 -20.0
1 7 5 20.0
0 6 6 -20.0
1 6 7 20.0
0 7 7 -20.0
1 5 7 20.0
0 3 7 -20.0
1 0 5 20.0
0 1 7 -20.0
1 0 7 20.0
0 1 6 -20.0
