1 5 3 -2.0
0 3 2 2.0
1 2 3 -2.0
0 5 4 2.0
1 4 5 -2.0
0 2 5 -5.98
1 3 5 -3.77
0 6 3 -9.41
1 4 2 -1.01
0 2 4 -7.23
1 2 2 -0.31
0 5 6 -5.54
1 6 2 -2.18
0 5 1 -5.15
1 5 2 2.17
0 3 6 -12.55
1 5 5 2.63
0 6 5 -12.85
1 7 2 11.14
0 6 4 -15.42
1 7 5 5.89
0 4 1 -10.14
1 3 1 8.34
0 1 3 -17.04
1 3 0 12.59
0 5 0 -16.89
1 0 3 3.67
0 0 2 -3.38
1 2 1 3.58
0 1 4 -5.23
1 0 1 10.04
0 1 2 -5.17
1 0 4 -5.41
0 0 5 0.44
1 0 6 -0.31
0 1 5 -7.34
1 2 6 -2.8
0 1 0 -2.9
1 2 0 -1.97
0 4 0 -0.13
1 7 6 -12.27
0 2 7 -0.12
1 4 6 -4.27
0 5 7 64
1 1 6 -64
0 7 4 2.0
1 4 7 -2.0
0 7 7 2.0
1 3 7 -2.0
0 0 7 2.0
1 1 7 -2.0
0 0 0 2.0
1 7 3 -2.0
0 7 1 2.0
1 6 0 -2.0
0 7 0 2.0
1 6 1 -2.0
0 6 6 2.0
1 6 7 -2.0
1 1 1 -2.0
