1 5 3 48.0
0 3 2 -48.0
1 2 2 48.0
0 5 4 -48.0
1 4 2 48.0
0 2 3 -48.0
1 1 4 -1.77
0 2 1 -3.45
1 2 4 -5.53
0 4 1 -7.02
1 4 5 -2.2
0 1 3 -7.05
1 3 5 0.29
0 1 2 -12.1
1 5 2 1.63
0 6 4 -7.69
1 5 1 1.8
0 3 1 -5.45
1 6 2 -0.09
0 6 3 -6.82
1 5 5 -0.85
0 2 5 -9.02
1 7 5 0.77
0 7 2 -12.53
1 4 0 2.99
0 3 0 -6.44
1 3 6 2.04
0 2 6 -12.09
1 2 0 5.34
0 5 0 -18.86
1 6 0 7.67
0 3 7 -14.76
1 7 4 6.67
0 0 4 -17.93
1 1 0 13.4
0 4 6 -30.04
1 0 2 24.76
0 6 6 -32.32
1 7 7 24.24
0 6 1 -34.25
1 7 3 23.89
0 0 1 -28.77
1 0 3 29.23
0 7 6 -64
1 5 6 64
0 6 7 -48.0
1 1 1 48.0
0 5 7 -48.0
1 0 0 48.0
0 6 5 -48.0
1 0 5 48.0
1 1 5 48.0
1 2 7 48.0
0 1 7 -48.0
1 4 7 48.0
0 1 6 -48.0
1 0 7 48.0
1 0 6 48.0
1 7 0 48.0
1 7 1 48.0
