1 2 4 -32.0
0 4 5 32.0
1 5 2 -32.0
0 4 2 32.0
1 5 3 -32.0
0 2 3 32.0
1 2 5 -32.0
0 1 4 32.0
1 3 5 -32.0
0 2 6 32.0
1 5 6 -32.0
0 5 4 0.16
1 1 2 1.38
0 6 4 -3.16
1 6 3 -3.49
0 5 5 -1.95
1 5 1 -8.81
0 7 2 -5.56
1 3 6 -3.67
0 4 6 -1.84
1 4 7 -8.89
0 3 7 -0.38
1 1 5 -11.71
0 5 7 0.55
1 7 5 -13.86
0 7 3 8.2
1 0 4 -13.38
0 4 1 4.01
1 6 5 -16.1
0 7 4 9.8
1 7 1 -10.03
0 6 2 7.94
1 3 0 -12.71
0 1 3 4.65
1 3 2 -5.09
0 3 1 3.15
1 0 3 -9.88
0 6 6 -2.41
1 2 0 -3.8
0 0 2 7.46
1 6 1 -13.44
0 7 0 8.29
1 2 2 -22.23
0 7 6 64
1 7 7 -64
0 6 7 32.0
1 6 0 -32.0
0 4 0 32.0
1 5 0 -32.0
0 0 5 32.0
1 2 7 -32.0
0 1 0 32.0
1 0 6 -32.0
0 0 7 32.0
0 2 1 32.0
1 0 1 -32.0
0 0 0 32.0
0 1 7 32.0
1 1 6 -32.0
0 1 1 32.0
