1 4 2 10.0
0 5 2 -10.0
1 5 3 10.0
0 3 2 -10.0
1 4 1 10.0
0 6 3 -10.0
1 2 3 10.0
0 2 2 -10.0
1 2 4 10.0
0 2 5 -10.0
1 6 2 10.0
0 6 4 -10.0
1 7 4 10.0
0 3 5 -10.0
1 5 4 -0.1
0 4 0 0.1
1 3 1 2.32
0 5 1 -2.32
1 2 1 1.14
0 7 3 -8.86
1 7 2 1.78
0 6 5 -7.03
1 5 0 -2.92
0 6 0 -5.06
1 1 2 -4.15
0 3 0 -2.68
1 1 3 -10.57
0 7 5 -2.22
1 1 5 -3.45
0 0 4 -6.23
1 0 3 -5.53
0 2 0 -0.75
1 5 5 0.05
0 4 5 -3.25
1 0 5 -3.0
0 6 1 -0.72
1 2 6 6.84
0 7 1 -16.16
1 3 6 4.24
0 0 2 -13.77
1 7 0 4.53
0 1 4 -10.13
1 7 6 6.52
0 4 7 -64
1 1 6 64
0 6 6 -10.0
1 6 7 10.0
0 5 6 -10.0
1 5 7 10.0
0 4 6 -10.0
1 3 7 10.0
0 7 7 -10.0
1 1 0 10.0
0 2 7 -10.0
1 0 1 10.0
0 0 7 -10.0
1 1 1 10.0
0 0 0 -10.0
1 0 6 10.0
0 1 7 -10.0
