1 5 3 -28.0
0 3 2 28.0
1 2 3 -28.0
0 5 4 28.0
1 4 5 -28.0
0 2 2 28.0
1 3 5 -28.0
0 5 2 28.0
1 4 2 -28.0
0 3 1 28.0
1 6 5 -28.0
0 2 4 28.0
1 6 3 -28.0
0 2 5 28.0
1 1 4 -28.0
0 4 6 28.0
1 1 5 -0.45
0 3 6 -5.94
1 2 6 -5.07
0 1 3 3.79
1 2 1 -13.6
0 1 2 -0.22
1 0 2 -13.09
0 5 5 1.64
1 5 7 -14.69
0 4 7 1.1
1 0 3 -13.41
0 7 2 1.16
1 4 0 -6.87
0 2 7 3.99
1 5 6 -11.77
0 1 1 5.01
1 5 1 -11.61
0 3 0 9.87
1 3 7 -21.75
0 5 0 13.68
1 4 1 -11.41
0 6 7 19.27
1 7 3 -24.52
0 1 7 14.05
1 7 1 -19.84
0 7 5 15.09
1 6 4 -16.6
0 1 0 64
1 0 0 -64
0 2 0 28.0
1 6 6 -28.0
0 7 7 28.0
1 7 6 -28.0
0 7 4 28.0
1 1 6 -28.0
0 7 0 28.0
1 6 0 -28.0
0 0 6 28.0
1 0 7 -28.0
0 0 1 28.0
1 0 5 -28.0
0 0 4 28.0
1 6 1 -28.0
0 6 2 28.0
