1 2 4 -2.0
0 4 5 2.0
1 5 3 -2.0
0 4 2 2.0
1 5 2 -2.0
0 2 3 2.0
1 2 5 -2.0
0 1 4 2.0
1 3 5 -2.0
0 5 4 2.0
1 2 2 -2.0
0 6 4 2.0
1 6 3 2.78
0 7 2 -1.1
1 6 5 1.1
0 1 3 -0.46
1 3 6 -2.59
0 5 1 -12.53
1 3 2 4.78
0 1 5 -13.09
1 1 2 -0.73
0 2 1 -12.96
1 0 2 5.81
0 3 1 -11.09
1 4 1 -3.98
0 5 6 -6.23
1 7 5 -3.92
0 6 2 0.94
1 0 4 -7.68
0 5 5 0.23
1 7 3 -13.31
0 2 6 2.95
1 4 6 -13.88
0 3 7 5.09
1 5 0 -11.06
0 0 3 -1.67
1 0 5 -11.49
0 7 4 -0.5
1 4 0 2.55
0 1 6 -1.34
1 0 7 -3.56
0 0 6 -1.23
1 2 0 -7.87
0 1 1 64
1 1 7 -64
0 6 6 2.0
1 2 7 -2.0
0 4 7 2.0
1 1 0 -2.0
0 7 6 2.0
1 7 7 -2.0
0 3 0 2.0
1 7 1 -2.0
0 6 1 2.0
1 6 0 -2.0
0 7 0 2.0
1 0 1 -2.0
0 0 0 2.0
1 6 7 -2.0
0 5 7 2.0
