1 4 2 -22.0
0 5 2 22.0
1 5 3 -22.0
0 5 4 22.0
1 4 5 -22.0
0 3 5 22.0
1 5 5 -22.0
0 2 3 22.0
1 2 4 -22.0
0 4 6 22.0
1 2 5 -22.0
0 6 4 22.0
1 2 2 -0.13
0 3 6 0.13
1 6 5 -0.02
0 5 6 1.37
1 7 4 -11.52
0 6 3 3.63
1 5 7 -9.72
0 2 6 7.59
1 3 7 -17.09
0 7 5 2.32
1 7 6 -8.31
0 4 7 0.61
1 3 2 -11.89
0 2 7 8.07
1 1 7 1.7
0 4 1 5.84
1 5 0 -12.78
0 4 0 11.2
1 5 1 -18.02
0 2 1 9.74
1 3 1 -20.17
0 6 0 14.74
1 1 0 -29.16
0 2 0 17.28
1 6 7 -25.91
0 6 2 14.12
1 7 1 -17.09
0 6 1 22.13
1 3 0 -15.08
0 0 0 14.03
1 7 0 -19.78
0 1 1 64
1 1 2 -64
0 0 2 22.0
1 0 1 -22.0
0 0 3 22.0
1 1 3 -22.0
0 0 4 22.0
1 1 4 -22.0
0 0 5 22.0
1 7 2 -22.0
0 7 3 22.0
1 1 5 -22.0
0 1 6 22.0
1 0 7 -22.0
0 0 6 22.0
0 7 7 22.0
0 6 6 22.0
