1 2 4 4.0
0 4 5 -4.0
1 5 4 4.0
0 2 3 -4.0
1 3 2 4.0
0 5 5 -4.0
1 4 2 4.0
0 2 5 -4.0
1 3 5 4.0
0 4 6 -4.0
1 1 3 4.0
0 1 2 -4.0
1 1 4 4.0
0 0 3 1.79
1 0 1 -3.16
0 6 4 4.17
1 5 6 -11.17
0 2 2 1.05
1 0 5 -9.4
0 3 1 -1.65
1 4 1 -8.91
0 5 3 2.55
1 4 7 -8.97
0 3 6 1.18
1 4 0 -14.8
0 2 1 7.1
1 6 3 -16.55
0 5 2 5.82
1 2 0 -13.22
0 1 5 7.02
1 0 6 -18.08
0 6 2 4.0
1 3 7 -11.26
0 3 0 -5.26
1 2 6 -8.13
0 5 0 -0.29
1 7 4 -10.25
0 1 0 -5.01
1 6 5 -5.39
0 7 6 -5.27
1 5 1 -4.74
0 7 5 -4.61
1 7 7 -1.15
0 2 7 -64
1 7 3 64
0 0 4 -4.0
1 0 2 4.0
0 6 0 -4.0
1 1 6 4.0
0 5 7 -4.0
1 6 7 4.0
0 6 6 -4.0
1 1 7 4.0
0 6 1 -4.0
1 7 0 4.0
0 7 2 -4.0
1 7 1 4.0
0 0 7 -4.0
1 0 0 4.0
0 1 1 -4.0
