1 2 4 8.0
0 4 5 -8.0
1 5 3 8.0
0 4 2 -8.0
1 5 2 8.0
0 2 3 -8.0
1 5 4 8.0
0 6 3 -8.0
1 6 2 8.0
0 6 4 -8.0
1 5 5 8.0
0 3 5 -8.0
1 3 2 3.14
0 2 5 -13.02
1 2 2 5.7
0 4 6 -9.98
1 5 6 0.21
0 3 1 -13.54
1 2 1 2.91
0 1 3 -10.72
1 4 1 -0.98
0 6 5 -8.24
1 7 5 -0.38
0 5 7 -12.45
1 1 2 1.46
0 7 4 -9.22
1 7 3 0.01
0 5 1 -10.84
1 7 6 1.85
0 5 0 -7.24
1 3 0 -4.32
0 4 0 -5.73
1 6 0 4.49
0 1 0 -5.28
1 4 7 -4.23
0 7 2 3.57
1 7 1 4.57
0 6 6 -17.31
1 2 6 8.73
0 2 7 -16.02
1 6 1 1.09
0 3 6 -16.34
1 7 7 2.45
0 6 7 -64
1 1 5 64
0 1 4 -8.0
1 0 2 8.0
0 0 5 -8.0
1 3 7 8.0
0 7 0 -8.0
1 2 0 8.0
0 0 1 -8.0
1 0 6 8.0
0 0 7 -8.0
1 0 3 8.0
0 1 6 -8.0
1 0 0 8.0
0 1 1 -8.0
1 1 7 8.0
0 0 4 -8.0
