1 4 2 10.0
0 5 4 -10.0
1 2 5 10.0
0 2 4 -10.0
1 3 5 10.0
0 3 2 -10.0
1 5 2 10.0
0 2 2 -10.0
1 5 3 10.0
0 6 3 -10.0
1 6 4 10.0
0 5 1 -10.0
1 4 1 10.0
0 6 2 -10.0
1 7 3 10.0
0 4 5 -10.0
1 5 5 10.0
0 7 5 -0.98
1 5 0 0.98
0 6 5 -0.98
1 7 2 4.31
0 3 6 -11.43
1 2 6 -2.95
0 1 4 -8.23
1 4 6 -5.06
0 5 6 1.6
1 0 3 -8.09
0 4 7 4.07
1 1 3 -12.41
0 1 5 -2.77
1 7 4 -3.63
0 0 2 -3.35
1 5 7 -3.95
0 7 1 -2.93
1 0 1 -2.98
0 1 7 -3.05
1 3 7 -0.62
0 2 7 3.44
1 0 7 8.34
0 3 0 -15.87
1 1 2 1.66
0 0 4 -7.84
1 1 1 1.46
0 0 0 -64
1 2 1 64
0 2 3 -10.0
1 4 0 10.0
0 1 0 -10.0
1 1 6 10.0
0 3 1 -10.0
1 6 1 10.0
0 6 6 -10.0
1 0 6 10.0
0 0 5 -10.0
1 7 7 10.0
0 7 0 -10.0
1 6 0 10.0
0 6 7 -10.0
1 2 0 10.0
1 7 6 10.0
