1 5 3 0.0
0 3 2 0.0
1 2 5 0.0
0 3 5 0.0
1 2 4 0.0
0 5 4 0.0
1 5 2 0.0
0 5 5 0.0
1 4 2 0.0
0 4 1 0.0
1 3 1 0.0
0 6 2 0.0
1 6 3 0.0
0 5 1 0.0
1 4 6 0.0
0 2 3 0.0
1 4 5 0.0
0 6 5 0.0
1 6 4 0.0
0 7 3 0.0
1 5 0 0.0
0 3 6 2.33
1 1 3 -2.33
0 1 2 2.45
1 4 0 0.53
0 2 6 -1.64
1 2 2 1.12
0 4 7 -1.52
1 7 2 1.34
0 7 4 -1.09
1 1 4 0.59
0 7 1 -1.87
1 5 6 2.23
0 0 4 -1.21
1 0 5 0.44
0 0 3 0.32
1 0 2 -1.05
0 6 1 1.77
1 3 7 -1.3
0 6 7 1.34
1 5 7 -3.61
0 2 7 4.8
1 1 5 -3.57
0 1 6 0
1 7 6 0
0 7 5 0.0
1 7 0 0.0
0 6 0 0.0
1 0 7 0.0
0 2 0 0.0
1 2 1 0.0
0 1 0 0.0
1 3 0 0.0
0 1 1 0.0
1 0 0 0.0
0 0 1 0.0
1 1 7 0.0
0 6 6 0.0
1 7 7 0.0
0 0 6 0.0
