1 5 3 2.0
0 3 2 -2.0
1 2 3 2.0
0 5 4 -2.0
1 4 5 2.0
0 2 2 -2.0
1 3 5 2.0
0 5 2 -2.0
1 4 2 2.0
0 3 1 -2.0
1 6 5 2.0
0 2 4 -2.0
1 1 4 2.0
0 1 5 -2.0
1 1 2 2.0
0 2 5 -2.0
1 1 3 2.0
0 6 4 4.04
1 3 6 -4.04
0 0 2 4.09
1 4 0 -4.09
0 0 3 6.09
1 2 1 -11.27
0 5 6 6.2
1 5 5 -9.86
0 4 6 7.65
1 0 4 -12.88
0 0 5 5.84
1 6 2 -13.01
0 6 3 7.18
1 2 6 -14.48
0 4 7 3.98
1 7 3 -10.04
0 3 7 2.43
1 5 7 -10.45
0 7 5 3.25
1 2 7 -12.01
0 4 1 5.8
1 7 4 -16.82
0 7 2 9.38
1 6 1 -9.52
0 5 1 4.82
1 3 0 -7.77
0 6 7 -64
1 7 7 64
0 7 0 -2.0
1 5 0 2.0
0 2 0 -2.0
1 1 0 2.0
0 6 0 -2.0
1 0 1 2.0
0 0 0 -2.0
1 1 1 2.0
0 1 6 -2.0
1 7 1 2.0
0 6 6 -2.0
1 0 6 2.0
0 0 7 -2.0
1 1 7 2.0
1 7 6 2.0
