1 4 2 18.0
0 5 4 -18.0
1 4 5 18.0
0 3 2 -18.0
1 2 3 18.0
0 5 5 -18.0
1 5 3 18.0
0 6 2 -18.0
1 2 2 18.0
0 4 6 3.52
1 5 6 -16.38
0 3 5 4.27
1 6 3 -17.59
0 7 2 9.09
1 4 7 -9.09
0 5 7 6.08
1 6 7 -15.91
0 5 2 5.51
1 6 5 -11.45
0 3 6 11.68
1 2 4 -16.02
0 2 5 3.15
1 6 4 -14.05
0 4 1 2.83
1 7 3 -9.7
0 3 1 8.42
1 1 5 -12.81
0 2 6 10.55
1 3 7 -6.93
0 1 7 13.98
1 2 1 -12.06
0 1 4 0.98
1 0 4 -8.95
0 1 3 0.25
1 0 2 -7.7
0 2 0 0.02
1 7 1 -9.18
0 0 3 1.52
1 5 1 3.9
0 7 4 -1.97
1 7 5 7.01
0 5 0 -11.62
1 6 1 4.68
0 0 6 -64
1 1 2 64
0 7 0 -18.0
1 0 5 18.0
0 7 6 -18.0
1 0 7 18.0
0 6 6 -18.0
1 7 7 18.0
0 1 6 -18.0
1 3 0 18.0
0 4 0 -18.0
1 6 0 18.0
0 1 0 -18.0
1 0 0 18.0
0 0 1 -18.0
1 1 1 18.0
1 2 7 18.0
