1 4 2 4.0
0 5 4 -4.0
1 2 5 4.0
0 2 4 -4.0
1 3 5 4.0
0 3 2 -4.0
1 4 5 4.0
0 2 6 -4.0
1 1 5 4.0
0 5 2 -4.0
1 2 7 4.0
0 4 6 -4.0
1 5 6 4.0
0 2 3 -4.0
1 1 2 4.0
0 1 3 -4.0
1 3 6 4.01
0 3 7 -4.01
1 4 7 4.22
0 5 7 -4.22
1 6 7 4.22
0 5 5 -3.72
1 6 4 1.0
0 7 4 -2.91
1 6 3 -1.08
0 1 6 -2.65
1 6 5 1.76
0 1 4 -3.08
1 5 3 7.58
0 7 3 -11.76
1 0 3 2.52
0 0 4 -12.15
1 7 2 9.63
0 7 5 -16.33
1 2 2 12.13
0 7 1 -18.56
1 6 6 6.75
0 0 1 -15.88
1 0 2 10.28
0 2 1 -15.83
1 0 0 6.55
0 1 1 -13.08
1 3 0 -0.41
0 3 1 -64
1 0 7 64
0 1 7 -4.0
1 1 0 4.0
0 2 0 -4.0
1 6 2 4.0
0 4 1 -4.0
1 4 0 4.0
0 7 7 -4.0
1 7 6 4.0
0 6 1 -4.0
1 7 0 4.0
0 5 1 -4.0
1 0 5 4.0
0 0 6 -4.0
1 5 0 4.0
0 6 0 -4.0
