1 2 4 36.0
0 2 3 -36.0
1 3 2 36.0
0 4 5 -36.0
1 2 2 36.0
0 3 1 -10.23
1 4 2 3.01
0 4 1 -13.59
1 3 5 6.55
0 1 3 -18.59
1 1 4 9.77
0 3 6 -21.47
1 2 1 11.91
0 1 2 -18.52
1 0 2 11.6
0 2 5 -21.76
1 0 3 9.18
0 2 0 -19.12
1 5 3 8.7
0 0 5 -14.39
1 1 5 7.4
0 5 4 -13.54
1 5 0 5.91
0 5 1 -7.05
1 5 2 4.22
0 6 4 -10.16
1 2 6 0.88
0 6 2 -11.63
1 4 0 2.27
0 3 0 -7.55
1 1 0 5.68
0 1 1 -5.19
1 6 3 1.3
0 7 2 -12.65
1 4 7 9.78
0 0 4 -24.62
1 0 6 15.2
0 6 0 -28.71
1 7 0 29.3
0 0 1 -36.98
1 0 0 37.19
0 1 7 -40.41
1 6 1 35.91
0 7 1 -64
1 2 7 64
0 1 6 -36.0
1 0 7 36.0
0 3 7 -36.0
1 7 5 36.0
0 6 5 -36.0
1 4 6 36.0
0 5 5 -36.0
1 7 3 36.0
0 7 4 -36.0
1 5 7 36.0
0 7 6 -36.0
1 5 6 36.0
0 6 7 -36.0
1 7 7 36.0
1 6 6 36.0
