1 5 3 6.0
0 3 2 -6.0
1 2 5 6.0
0 3 5 -6.0
1 2 4 6.0
0 5 4 -6.0
1 5 2 6.0
0 6 3 -6.0
1 4 2 6.0
0 5 1 -6.0
1 3 1 6.0
0 2 3 -6.0
1 6 5 6.0
0 4 5 -6.0
1 2 2 6.0
0 1 4 -6.0
1 3 6 2.37
0 1 5 -2.37
1 5 6 2.37
0 1 3 -2.37
1 1 2 3.59
0 5 5 -2.82
1 4 6 -2.33
0 2 7 -4.73
1 3 7 -6.28
0 2 6 -2.24
1 6 2 -4.35
0 2 0 -9.09
1 7 4 0.56
0 7 5 -5.97
1 0 3 -0.55
0 7 3 -6.2
1 4 1 2.3
0 4 0 -8.14
1 6 4 7.87
0 0 5 -12.73
1 3 0 4.97
0 0 1 -13.18
1 1 7 -1.58
0 2 1 -5.91
1 7 2 1.54
0 0 4 -5.98
1 0 2 -0.3
0 1 1 -64
1 0 0 64
0 1 0 -6.0
1 6 1 6.0
0 7 0 -6.0
1 7 1 6.0
0 5 7 -6.0
1 6 7 6.0
0 4 7 -6.0
1 0 6 6.0
0 6 0 -6.0
1 5 0 6.0
0 7 7 -6.0
1 6 6 6.0
0 7 6 -6.0
1 1 6 6.0
0 0 7 -6.0
