1 4 2 26.0
0 5 4 -26.0
1 2 5 26.0
0 2 4 -26.0
1 3 5 26.0
0 3 2 -26.0
1 5 2 26.0
0 2 2 -26.0
1 5 3 26.0
0 6 3 -26.0
1 6 4 26.0
0 4 5 -26.0
1 5 6 26.0
0 7 4 1.22
1 5 5 2.95
0 5 1 -5.78
1 7 5 -7.66
0 4 1 -3.66
1 1 3 -8.37
0 1 4 -2.57
1 2 3 -12.22
0 7 6 2.83
1 6 1 -13.95
0 6 5 3.58
1 7 3 -7.86
0 7 2 9.32
1 2 1 -14.46
0 6 2 10.38
1 0 3 -22.48
0 4 6 14.05
1 5 7 -18.84
0 3 6 15.63
1 4 7 -17.8
0 2 7 11.74
1 2 6 -19.8
0 1 7 15.97
1 4 0 -12.41
0 1 5 3.45
1 3 1 -6.31
0 3 0 -5.16
1 6 0 -4.44
0 0 2 -1.29
1 1 2 2.34
0 0 4 -64
1 2 0 64
0 5 0 -26.0
1 7 0 26.0
0 3 7 -26.0
1 7 1 26.0
0 6 6 -26.0
1 0 7 26.0
0 0 1 -26.0
1 0 6 26.0
0 1 0 -26.0
1 1 6 26.0
0 0 5 -26.0
1 0 0 26.0
0 1 1 -26.0
1 7 7 26.0
0 6 7 -26.0
