1 5 3 -2.0
0 3 2 2.0
1 2 5 -2.0
0 3 5 2.0
1 2 4 -2.0
0 5 4 2.0
1 2 3 -2.0
0 1 5 2.0
1 2 6 -2.0
0 1 4 2.0
1 4 5 -2.0
0 4 2 2.0
1 1 2 -2.0
0 2 2 2.0
1 1 3 -2.0
0 0 4 2.0
1 5 5 -2.0
0 0 2 2.0
1 0 5 -2.0
0 3 6 2.0
1 2 7 -2.0
0 5 2 2.41
1 4 6 -2.41
0 5 7 3.97
1 3 7 -1.32
0 6 3 2.41
1 3 1 -9.72
0 2 1 -0.2
1 2 0 -7.61
0 3 0 -4.87
1 0 3 -2.48
0 1 0 -0.24
1 0 1 -2.59
0 6 4 2.91
1 4 1 -1.72
0 5 1 -2.03
1 6 2 -6.93
0 5 6 -6.3
1 5 0 -4.02
0 4 7 5.31
1 7 5 -8.67
0 1 6 -4.47
1 7 4 -0.18
0 7 2 64
1 4 0 -64
0 6 0 2.0
1 7 3 -2.0
0 7 6 2.0
1 6 1 -2.0
0 1 7 2.0
1 6 5 -2.0
0 7 0 2.0
1 7 1 -2.0
0 6 6 2.0
1 7 7 -2.0
0 6 7 2.0
1 0 6 -2.0
0 0 7 2.0
1 1 1 -2.0
0 0 0 2.0
