1 4 2 20.0
0 5 4 -20.0
1 3 5 20.0
0 4 1 -20.0
1 5 1 20.0
0 2 4 7.73
1 5 5 -8.89
0 4 5 5.67
1 5 3 -14.5
0 2 5 8.14
1 3 6 -16.46
0 6 4 9.65
1 6 3 -15.54
0 2 6 3.49
1 2 3 -16.61
0 3 7 4.23
1 1 4 -8.45
0 4 6 8.41
1 7 5 -18.73
0 3 2 4.63
1 5 7 -16.76
0 0 3 5.95
1 2 1 -15.81
0 1 3 8.05
1 2 2 -13.7
0 1 5 10.05
1 0 4 -14.84
0 7 2 9.2
1 0 2 -13.66
0 4 7 4.84
1 6 2 -7.69
0 5 2 6.77
1 4 0 -10.59
0 5 0 -0.52
1 5 6 -6.08
0 6 7 2.29
1 6 5 -5.21
0 3 0 7.69
1 1 7 -6.7
0 7 3 4.74
1 7 4 -1.43
0 2 0 -12.73
1 3 1 9.97
0 6 6 -64
1 7 1 64
0 2 7 -20.0
1 7 6 20.0
0 0 7 -20.0
1 7 7 20.0
0 0 5 -20.0
1 6 1 20.0
0 7 0 -20.0
1 6 0 20.0
0 0 1 -20.0
1 1 2 20.0
0 1 1 -20.0
1 0 0 20.0
0 1 0 -20.0
1 1 6 20.0
1 0 6 20.0
