1 2 4 -28.0
0 4 5 28.0
1 5 4 -28.0
0 2 3 28.0
1 3 2 -28.0
0 5 5 28.0
1 4 2 -28.0
0 2 5 28.0
1 3 5 -28.0
0 4 6 28.0
1 1 2 -28.0
0 5 3 28.0
1 6 3 -28.0
0 6 2 28.0
1 1 4 -28.0
0 5 2 28.0
1 6 4 -28.0
0 3 1 28.0
1 3 6 -28.0
0 5 6 28.0
1 2 6 -28.0
0 1 5 28.0
1 2 2 -4.0
0 4 1 4.37
1 5 1 -4.37
0 0 3 4.37
1 0 5 -5.72
0 0 4 11.05
1 5 0 -22.15
0 0 6 12.26
1 5 7 -24.92
0 1 3 12.16
1 1 1 -20.1
0 4 7 16.78
1 3 0 -21.2
0 7 2 9.18
1 3 7 -20.53
0 0 2 21.41
1 7 4 -19.04
0 6 6 9.25
1 6 5 -12.59
0 7 6 13.88
1 7 7 -16.13
0 7 5 64
1 6 1 -64
0 6 7 28.0
1 2 1 -28.0
0 4 0 28.0
1 7 3 -28.0
0 6 0 28.0
1 0 1 -28.0
0 0 0 28.0
1 7 0 -28.0
0 7 1 28.0
1 1 0 -28.0
0 2 0 28.0
1 1 6 -28.0
0 0 7 28.0
1 1 7 -28.0
0 2 7 28.0
