1 4 2 -16.0
0 5 4 16.0
1 3 5 -16.0
0 3 2 16.0
1 5 3 -4.7
0 5 2 2.69
1 6 2 -9.43
0 4 5 3.24
1 6 4 -16.1
0 5 5 4.16
1 4 1 -15.24
0 7 4 1.57
1 2 2 -14.32
0 2 6 1.74
1 6 5 -13.61
0 7 5 5.26
1 4 6 -8.39
0 2 5 -0.64
1 2 4 -10.59
0 2 3 -0.56
1 5 6 -8.84
0 3 6 4.2
1 1 2 -13.64
0 5 1 2.05
1 3 7 -11.99
0 1 3 4.89
1 0 4 -10.38
0 0 3 3.23
1 7 3 -16.81
0 3 0 7.84
1 7 6 -18.91
0 7 2 11.34
1 1 4 -19.55
0 3 1 15.12
1 6 3 -18.2
0 7 7 16.92
1 1 5 -21.34
0 6 6 19.1
1 2 0 -25.35
0 0 2 14.97
1 0 1 -25.12
0 1 0 17.98
1 2 1 -20.73
0 0 6 64
1 7 1 -64
0 7 0 16.0
1 4 0 -16.0
0 6 1 16.0
1 0 0 -16.0
0 1 1 16.0
1 0 5 -16.0
0 6 7 16.0
1 0 7 -16.0
0 5 7 16.0
1 4 7 -16.0
0 2 7 16.0
1 5 0 -16.0
0 6 0 16.0
1 1 6 -16.0
0 1 7 16.0
