1 4 2 -2.0
0 5 4 2.0
1 2 5 -2.0
0 4 1 2.0
1 5 1 0.82
0 2 4 1.7
1 5 2 -8.35
0 3 2 1.19
1 5 3 -4.58
0 3 5 -4.59
1 3 0 -4.69
0 6 3 1.29
1 7 4 -10.3
0 3 1 7.2
1 2 1 -12.7
0 6 2 -2.84
1 7 3 -3.89
0 7 2 3.27
1 6 4 -3.33
0 7 5 5.32
1 5 5 -14.23
0 4 5 10.55
1 2 2 -19.73
0 1 5 9.75
1 4 6 -13.73
0 3 6 9.07
1 1 4 -18.41
0 0 4 12.66
1 3 7 -14.72
0 4 7 4.81
1 1 3 -8.88
0 2 7 4.31
1 5 6 -14.16
0 2 6 5.46
1 5 7 -9.4
0 6 7 12.63
1 0 5 -16.09
0 0 2 11.91
1 1 2 -16.52
0 0 3 8.63
1 2 3 -12.57
0 0 6 4.48
1 6 5 -8.38
0 2 0 64
1 1 0 -64
0 0 1 2.0
1 4 0 -2.0
0 6 0 2.0
1 1 6 -2.0
0 0 7 2.0
1 1 7 -2.0
0 7 6 2.0
1 7 7 -2.0
0 6 6 2.0
1 5 0 -2.0
0 0 0 2.0
1 6 1 -2.0
0 1 1 2.0
1 7 1 -2.0
0 7 0 2.0
