1 5 3 -26.0
0 3 2 26.0
1 2 5 -26.0
0 3 5 26.0
1 2 4 -26.0
0 5 4 26.0
1 4 5 -26.0
0 5 5 26.0
1 6 4 -26.0
0 5 2 26.0
1 6 3 -1.23
0 4 6 -1.55
1 3 6 -0.91
0 7 5 2.55
1 7 4 0.75
0 6 5 -1.62
1 5 7 -5.79
0 7 3 0.48
1 7 2 -6.19
0 7 1 10.12
1 4 1 -20.33
0 6 2 16.6
1 2 1 -23.88
0 4 7 21.45
1 3 7 -23.38
0 4 2 15.19
1 5 1 -26.6
0 3 0 15.7
1 4 0 -31.51
0 5 0 27.85
1 6 6 -19.67
0 5 6 28.88
1 7 6 -33.09
0 7 7 22.68
1 6 1 -29.45
0 2 3 25.93
1 3 1 -30.3
0 2 0 23.46
1 2 2 -23.88
0 1 1 19.23
1 1 2 -34.28
0 0 2 26.29
1 1 0 -28.66
0 0 0 64
1 0 1 -64
0 6 0 26.0
1 7 0 -26.0
0 0 3 26.0
1 1 3 -26.0
0 1 4 26.0
1 6 7 -26.0
0 2 7 26.0
1 2 6 -26.0
0 1 5 26.0
1 0 5 -26.0
0 0 4 26.0
1 1 6 -26.0
0 1 7 26.0
1 0 6 -26.0
0 0 7 26.0
