1 4 2 -18.0
0 5 4 18.0
1 4 5 -18.0
0 3 2 18.0
1 2 3 -18.0
0 5 5 18.0
1 2 4 -18.0
0 5 2 18.0
1 5 3 -18.0
0 2 2 18.0
1 3 5 3.11
0 6 4 -0.3
1 6 2 -7.46
0 4 6 -3.93
1 4 1 -5.65
0 7 2 -3.5
1 1 2 -9.55
0 3 0 -1.63
1 5 0 -4.63
0 4 0 3.16
1 2 0 5.25
0 3 1 -2.86
1 7 5 -4.32
0 2 6 -7.65
1 6 3 3.4
0 7 4 -11.33
1 5 1 4.91
0 2 5 -2.79
1 7 3 3.6
0 7 6 2.0
1 2 1 -8.08
0 7 1 4.67
1 6 5 -9.05
0 5 6 4.8
1 6 1 -5.51
0 1 4 8.3
1 0 4 -14.17
0 0 2 2.91
1 1 1 -16.88
0 7 0 17.78
1 6 0 -11.69
0 0 5 11.05
1 0 3 -4.38
0 1 5 64
1 1 6 -64
0 3 6 18.0
1 1 3 -18.0
0 1 0 18.0
1 0 6 -18.0
0 0 0 18.0
1 0 1 -18.0
0 0 7 18.0
1 4 7 -18.0
0 3 7 18.0
1 2 7 -18.0
0 1 7 18.0
1 6 7 -18.0
0 5 7 18.0
1 6 6 -18.0
0 7 7 18.0
