1 2 4 -12.0
0 4 5 12.0
1 5 4 -12.0
0 2 3 12.0
1 3 2 -12.0
0 5 5 12.0
1 2 2 -12.0
0 4 2 12.0
1 5 3 0.96
0 6 3 0.88
1 5 2 0.32
0 6 2 -0.07
1 3 5 -0.73
0 5 1 0.7
1 6 4 -1.41
0 2 5 1.46
1 7 3 -1.76
0 7 2 1.06
1 3 6 -1.05
0 2 6 1.83
1 6 5 -2.05
0 3 7 2.59
1 5 0 -3.33
0 4 1 3.08
1 4 6 -2.71
0 3 1 1.79
1 5 6 -0.47
0 1 5 0.91
1 2 0 -1.26
0 1 3 0.52
1 2 1 -0.48
0 1 2 0.95
1 4 0 -0.75
0 7 4 0.51
1 7 5 0.32
0 7 6 -1.33
1 1 1 0.43
0 3 0 0.95
1 6 6 -1.83
0 4 7 2.33
1 1 7 -3.85
0 2 7 4.07
1 5 7 -4.75
0 0 1 64
1 1 6 -64
0 7 7 12.0
1 6 7 -12.0
0 0 7 12.0
1 7 1 -12.0
0 7 0 12.0
1 1 4 -12.0
0 0 4 12.0
1 0 0 -12.0
0 1 0 12.0
1 0 3 -12.0
0 0 2 12.0
1 0 5 -12.0
0 0 6 12.0
1 6 1 -12.0
0 6 0 12.0
