1 5 3 -14.0
0 3 2 14.0
1 2 5 -14.0
0 3 5 14.0
1 2 4 -14.0
0 5 4 14.0
1 5 2 -14.0
0 5 5 14.0
1 4 2 -14.0
0 4 1 14.0
1 3 1 -14.0
0 6 2 14.0
1 6 3 -14.0
0 5 1 14.0
1 5 0 -14.0
0 7 2 4.62
1 7 3 -13.15
0 7 4 2.42
1 4 6 -11.1
0 4 0 0.74
1 3 0 -6.04
0 6 4 5.21
1 4 5 -10.64
0 3 6 -0.08
1 3 7 -10.71
0 2 3 -0.8
1 2 2 -9.94
0 2 6 1.27
1 7 5 -14.97
0 2 7 0.36
1 7 1 -9.38
0 5 6 -1.86
1 4 7 -12.47
0 5 7 2.49
1 6 5 -10.93
0 6 1 1.08
1 7 0 -15.15
0 6 0 11.8
1 6 6 -11.77
0 1 4 3.69
1 1 3 -10.1
0 1 5 13.25
1 0 4 -8.31
0 7 7 64
1 0 5 -64
0 0 2 14.0
1 1 7 -14.0
0 2 1 14.0
1 0 3 -14.0
0 0 6 14.0
1 1 1 -14.0
0 1 2 14.0
1 0 1 -14.0
0 0 0 14.0
1 1 6 -14.0
0 7 6 14.0
1 6 7 -14.0
0 0 7 14.0
1 1 0 -14.0
0 2 0 14.0
