1 4 2 0.0
0 5 4 0.0
1 2 5 0.0
0 2 4 0.0
1 3 5 0.0
0 3 2 0.0
1 5 2 0.0
0 2 2 0.0
1 5 3 0.0
0 6 3 0.0
1 6 4 0.0
0 5 1 0.0
1 4 1 0.0
0 6 2 0.0
1 7 3 0.0
0 4 5 0.0
1 5 5 0.0
0 3 1 0.0
1 1 4 0.0
0 7 5 2.68
1 6 5 -2.68
0 3 6 3.34
1 2 3 -3.22
0 4 6 0.58
1 5 6 -1.79
0 7 2 1.76
1 7 1 -2.02
0 1 3 2.91
1 4 7 -3.2
0 2 7 4.04
1 2 0 -4.57
0 7 6 5.49
1 1 5 -4.82
0 2 6 5.55
1 0 4 -6.62
0 0 2 6.5
1 0 3 -4.64
0 6 7 2.85
1 1 6 -2.55
0 1 2 2.88
1 0 1 -2.27
0 6 6 1.82
1 6 1 -1.85
0 3 0 0
1 5 0 0
0 7 4 0.0
1 7 7 0.0
0 7 0 0.0
1 5 7 0.0
0 3 7 0.0
1 4 0 0.0
0 0 5 0.0
1 0 6 0.0
0 0 7 0.0
1 6 0 0.0
0 1 7 0.0
1 1 1 0.0
0 1 0 0.0
1 0 0 0.0
0 2 1 0.0
