1 4 2 -34.0
0 5 4 34.0
1 4 5 -34.0
0 3 2 34.0
1 2 3 -34.0
0 5 2 34.0
1 2 2 -34.0
0 3 5 34.0
1 2 4 -34.0
0 1 3 -4.23
1 1 2 4.23
0 5 3 0.65
1 3 6 -3.23
0 3 1 -5.16
1 3 0 -4.12
0 2 5 -5.91
1 2 1 -4.73
0 2 6 -7.05
1 5 5 -1.49
0 4 7 -6.53
1 6 5 3.25
0 6 4 -10.67
1 0 3 3.77
0 5 6 -4.14
1 5 1 -8.37
0 4 1 -0.56
1 5 0 -3.45
0 7 4 -2.06
1 1 5 -10.52
0 4 0 5.75
1 6 3 -15.08
0 0 5 8.8
1 7 5 2.2
0 7 6 7.54
1 5 7 -5.98
0 1 4 1.44
1 0 4 1.02
0 0 2 4.45
1 3 7 -12.81
0 4 6 7.64
1 2 7 -11.61
0 6 6 23.99
1 6 7 -30.6
0 7 7 64
1 1 6 -64
0 1 7 34.0
1 0 7 -34.0
0 0 6 34.0
1 0 1 -34.0
0 1 1 34.0
1 2 0 -34.0
0 0 0 34.0
0 7 2 34.0
1 7 3 -34.0
0 1 0 34.0
1 7 1 -34.0
0 7 0 34.0
0 6 0 34.0
1 6 1 -34.0
0 6 2 34.0
