1 2 4 -6.0
0 4 5 6.0
1 5 2 -6.0
0 4 2 6.0
1 5 3 -6.0
0 2 3 6.0
1 2 5 -6.0
0 2 2 6.0
1 3 2 -6.0
0 6 3 6.0
1 6 4 -6.0
0 3 5 6.0
1 3 6 -6.0
0 2 1 5.01
1 5 5 -10.19
0 4 1 4.53
1 7 3 -7.63
0 2 6 -4.34
1 3 1 -5.45
0 5 4 -1.59
1 6 5 -8.89
0 5 1 -1.16
1 1 5 -12.28
0 3 7 -0.15
1 1 3 -9.38
0 4 6 -2.38
1 5 6 -9.5
0 1 2 1.45
1 4 0 -9.09
0 0 5 2.0
1 4 7 -12.66
0 5 0 3.89
1 3 0 -11.98
0 0 4 6.84
1 6 2 -15.03
0 2 0 4.23
1 1 4 -8.68
0 6 0 0.15
1 0 1 -10.23
0 0 2 -1.13
1 0 3 -7.54
0 7 4 -5.38
1 0 6 -5.55
0 7 2 64
1 2 7 -64
0 7 5 6.0
1 6 1 -6.0
0 5 7 6.0
1 6 7 -6.0
0 1 6 6.0
1 0 7 -6.0
0 1 7 6.0
1 7 6 -6.0
0 7 0 6.0
1 1 0 -6.0
0 0 0 6.0
1 1 1 -6.0
0 7 7 6.0
1 6 6 -6.0
1 7 1 -6.0
