1 4 2 12.0
0 5 4 -12.0
1 4 5 12.0
0 3 2 -12.0
1 2 3 12.0
0 5 5 -12.0
1 2 4 12.0
0 5 2 -12.0
1 5 3 12.0
0 6 4 -12.0
1 6 3 12.0
0 6 5 -12.0
1 3 5 12.0
0 2 2 -12.0
1 7 4 12.0
0 7 5 -12.0
1 7 6 12.0
0 1 3 -12.0
1 5 6 12.0
0 7 3 -12.0
1 7 2 12.0
0 6 2 4.5
1 0 2 -1.18
0 4 6 -1.15
1 7 1 -1.79
0 5 7 -4.41
1 5 1 -6.38
0 0 3 -0.09
1 3 7 -7.02
0 6 6 -2.02
1 3 6 -10.91
0 4 7 0.03
1 3 1 -11.11
0 4 1 0.95
1 3 0 -8.5
0 0 1 4.2
1 1 2 -8.32
0 2 0 1.7
1 2 1 -8.55
0 6 0 -7.98
1 5 0 -1.67
0 1 5 -9.7
1 1 0 7.42
0 4 0 -64
1 7 0 64
0 1 4 -12.0
1 0 5 12.0
0 2 6 -12.0
1 2 7 12.0
0 0 4 -12.0
1 0 0 12.0
0 1 1 -12.0
1 0 6 12.0
0 6 1 -12.0
1 2 5 12.0
0 1 7 -12.0
1 7 7 12.0
0 6 7 -12.0
1 0 7 12.0
0 1 6 -12.0
