1 5 3 2.0
0 3 2 -2.0
1 2 5 2.0
0 3 5 -2.0
1 2 4 2.0
0 5 4 -2.0
1 5 2 2.0
0 6 3 -2.0
1 4 2 2.0
0 3 1 -2.0
1 2 1 2.84
0 2 3 -0.65
1 2 2 -7.66
0 4 1 -5.49
1 5 0 -2.45
0 4 0 -1.5
1 6 4 -6.49
0 5 5 3.21
1 3 0 -12.27
0 4 5 6.92
1 5 1 -15.48
0 1 4 6.79
1 4 6 -15.41
0 7 5 3.94
1 1 3 -17.95
0 5 6 5.63
1 6 2 -13.77
0 0 3 13.7
1 7 3 -14.7
0 4 7 5.02
1 6 5 -14.05
0 7 4 8.8
1 7 6 -5.68
0 7 1 6.24
1 5 7 -10.61
0 3 7 6.36
1 6 6 -9.46
0 2 6 1.56
1 7 2 -12.71
0 7 7 9.91
1 6 7 -5.32
0 6 0 -2.55
1 1 2 -7.42
0 2 0 -64
1 3 6 64
0 2 7 -2.0
1 1 5 2.0
0 0 2 -2.0
1 0 1 2.0
0 0 0 -2.0
1 1 0 2.0
0 1 1 -2.0
1 6 1 2.0
0 0 6 -2.0
1 0 5 2.0
0 1 6 -2.0
1 0 7 2.0
0 1 7 -2.0
1 7 0 2.0
1 0 4 2.0
