1 5 3 -14.0
0 5 2 14.0
1 4 2 -14.0
0 3 2 14.0
1 2 3 -14.0
0 4 5 14.0
1 3 5 -14.0
0 6 3 14.0
1 4 6 -14.0
0 1 3 14.0
1 1 2 -14.0
0 1 4 14.0
1 2 2 -14.0
0 3 1 14.0
1 4 1 -14.0
0 5 4 14.0
1 2 0 -14.0
0 2 4 14.0
1 5 5 -14.0
0 2 6 0.65
1 2 5 -0.65
0 5 1 0.65
1 2 7 -4.79
0 3 0 -8.19
1 4 0 -3.52
0 5 6 -3.59
1 7 3 -12.45
0 6 4 1.66
1 2 1 -10.27
0 5 0 -0.59
1 6 0 -11.2
0 1 5 -0.86
1 0 5 -7.63
0 7 4 6.53
1 0 2 -7.88
0 5 7 3.02
1 6 1 -15.71
0 7 0 6.1
1 4 7 -12.4
0 3 7 5.8
1 3 6 -4.56
0 1 0 1.09
1 6 7 -10.29
0 0 3 64
1 6 2 -64
0 7 1 14.0
1 7 5 -14.0
0 1 1 14.0
1 1 7 -14.0
0 0 4 14.0
1 6 5 -14.0
0 1 6 14.0
1 7 2 -14.0
0 6 6 14.0
1 0 1 -14.0
0 0 0 14.0
1 0 6 -14.0
0 0 7 14.0
1 7 7 -14.0
0 7 6 14.0
