1 2 4 -16.0
0 4 5 16.0
1 5 3 -16.0
0 2 3 16.0
1 5 4 -16.0
0 2 5 16.0
1 1 4 4.7
0 0 3 -4.7
1 5 6 6.3
0 6 3 -9.03
1 4 2 4.6
0 5 5 -13.75
1 5 2 9.58
0 6 4 -15.41
1 3 5 4.67
0 4 6 -9.61
1 2 6 9.41
0 3 2 -10.66
1 1 3 -1.63
0 3 6 -7.82
1 0 5 -5.86
0 1 5 -8.05
1 0 4 5.01
0 0 2 -4.69
1 1 2 0.16
0 0 6 -7.81
1 5 7 -3.03
0 2 7 -2.95
1 3 7 2.46
0 3 1 -2.52
1 6 5 -1.31
0 0 1 -3.56
1 3 0 -7.52
0 6 2 -2.15
1 2 2 -8.9
0 4 1 5.66
1 7 5 -8.89
0 4 7 0.13
1 5 1 -10.66
0 2 1 5.82
1 2 0 -9.96
0 6 7 10.12
1 7 4 -11.06
0 7 3 64
1 6 6 -64
0 6 0 16.0
1 1 6 -16.0
0 7 7 16.0
1 7 6 -16.0
0 4 0 16.0
1 5 0 -16.0
0 1 0 16.0
1 7 1 -16.0
0 7 2 16.0
1 6 1 -16.0
0 7 0 16.0
1 1 1 -16.0
0 0 0 16.0
0 1 7 16.0
1 0 7 -16.0
