1 4 2 24.0
0 5 2 -24.0
1 5 3 24.0
0 3 2 -24.0
1 4 1 24.0
0 6 3 -24.0
1 2 3 24.0
0 5 1 -24.0
1 2 4 24.0
0 5 5 -24.0
1 4 5 24.0
0 2 2 -24.0
1 3 1 24.0
0 3 0 -24.0
1 5 0 24.0
0 2 0 -24.0
1 1 2 4.3
0 4 0 -4.3
1 1 0 4.3
0 4 6 -4.3
1 4 7 4.3
0 2 5 -4.3
1 2 1 4.3
0 5 4 -0.84
1 6 0 -3.09
0 1 4 -5.65
1 3 5 5.65
0 0 2 -7.21
1 6 4 -2.11
0 1 3 -7.61
1 7 3 2.76
0 5 6 -16.15
1 6 2 10.16
0 7 4 -12.83
1 7 5 6.48
0 3 7 -8.33
1 2 7 10.51
0 7 2 -16.07
1 7 1 5.72
0 3 6 -17.01
1 6 5 10.92
0 6 7 -20.0
1 5 7 20.71
0 1 7 -64
1 1 1 64
0 6 6 -24.0
1 7 6 24.0
0 0 0 -24.0
1 0 4 24.0
0 7 0 -24.0
1 7 7 24.0
0 6 1 -24.0
1 1 5 24.0
0 0 5 -24.0
1 0 3 24.0
0 2 6 -24.0
1 0 7 24.0
0 0 6 -24.0
1 0 1 24.0
1 1 6 24.0
