1 4 2 18.0
0 5 4 -18.0
1 4 5 18.0
0 3 2 -18.0
1 2 3 18.0
0 5 5 -18.0
1 2 4 18.0
0 5 2 -18.0
1 5 3 18.0
0 6 4 -18.0
1 2 1 18.0
0 3 5 -18.0
1 3 6 18.0
0 2 6 -18.0
1 5 6 18.0
0 2 5 -18.0
1 4 6 18.0
0 3 1 3.05
1 6 5 -0.84
0 1 2 0.84
1 2 2 -0.84
0 1 4 0.84
1 1 3 -4.5
0 1 5 -4.21
1 0 4 -6.13
0 7 5 -3.59
1 2 7 -5.1
0 3 0 -2.72
1 0 1 -1.95
0 1 6 -4.73
1 6 3 5.37
0 7 2 -12.08
1 0 7 4.99
0 4 7 -15.09
1 4 1 3.95
0 6 2 -4.55
1 2 0 -0.25
0 1 0 -6.87
1 5 7 1.7
0 0 5 -6.42
1 3 7 4.4
0 0 2 -9.2
1 6 7 4.08
0 0 0 -64
1 0 3 64
0 5 0 -18.0
1 1 1 18.0
0 5 1 -18.0
1 4 0 18.0
0 1 7 -18.0
1 0 6 18.0
0 7 7 -18.0
1 7 1 18.0
0 7 0 -18.0
1 6 1 18.0
0 6 0 -18.0
1 6 6 18.0
1 7 6 18.0
0 7 4 -18.0
1 7 3 18.0
