1 4 2 -4.0
0 5 2 4.0
1 5 3 -4.0
0 3 2 4.0
1 4 1 -4.0
0 6 3 4.0
1 6 4 -4.0
0 5 4 4.0
1 2 2 -4.0
0 3 1 4.0
1 2 3 3.2
0 4 0 -3.91
1 3 5 3.78
0 2 1 -3.56
1 5 1 4.1
0 2 5 -4.02
1 4 5 4.21
0 5 0 -4.05
1 7 3 2.88
0 1 3 -2.37
1 5 5 1.84
0 1 4 -0.16
1 6 2 0.11
0 2 4 -0.9
1 2 0 -0.23
0 3 0 -0.04
1 6 0 0.5
0 3 6 0.28
1 1 0 0.29
0 4 6 1.2
1 4 7 -0.95
0 6 5 2.31
1 5 6 -3.84
0 7 4 3.64
1 2 7 -4.29
0 3 7 4.73
1 7 5 -6.13
0 6 1 6.3
1 1 1 -7.15
0 1 2 8.52
1 0 2 -7.96
0 7 2 8.66
1 0 5 -9.14
0 0 4 64
1 2 6 -64
0 7 6 4.0
1 0 3 -4.0
0 5 7 4.0
1 6 6 -4.0
0 1 7 4.0
1 7 0 -4.0
0 6 7 4.0
1 7 7 -4.0
0 7 1 4.0
1 0 7 -4.0
0 0 0 4.0
1 0 1 -4.0
0 0 6 4.0
1 1 6 -4.0
0 1 5 4.0
