1 4 2 4.0
0 5 2 -4.0
1 5 3 4.0
0 3 2 -4.0
1 2 3 4.0
0 4 5 -4.0
1 5 5 4.0
0 2 4 -4.0
1 2 2 0.73
0 1 3 0.29
1 5 1 2.65
0 1 2 -4.44
1 4 1 -3.93
0 5 4 -8.13
1 4 6 -0.06
0 6 2 -3.65
1 3 1 -2.7
0 6 3 -3.41
1 6 4 -0.26
0 5 6 -5.59
1 7 3 -2.87
0 6 5 -8.97
1 5 7 1.09
0 5 0 -11.02
1 3 0 6.85
0 2 0 -2.45
1 1 5 -8.66
0 2 5 -2.88
1 1 0 -1.9
0 3 5 -6.51
1 7 2 -3.86
0 6 6 -7.95
1 7 7 2.73
0 6 0 -6.37
1 2 1 0.05
0 0 5 -9.51
1 1 1 -0.77
0 4 0 -0.75
1 7 0 8.5
0 7 4 -5.23
1 1 4 -4.52
0 6 7 -2.94
1 3 6 -9.64
0 0 2 -64
1 1 6 64
0 0 6 -4.0
1 6 1 4.0
0 4 7 -4.0
1 3 7 4.0
0 0 4 -4.0
1 0 3 4.0
0 0 7 -4.0
1 2 6 4.0
0 7 1 -4.0
1 7 5 4.0
0 7 6 -4.0
1 0 1 4.0
0 0 0 -4.0
1 1 7 4.0
0 2 7 -4.0
