1 2 4 8.0
0 2 5 -8.0
1 3 5 8.0
0 4 5 -8.0
1 2 6 8.0
0 3 2 -8.0
1 4 6 8.0
0 3 6 -8.0
1 4 7 8.0
0 2 7 -8.0
1 5 5 8.0
0 5 4 -0.69
1 4 2 1.63
0 1 4 -4.67
1 2 3 -1.12
0 2 2 -9.98
1 3 7 8.2
0 5 3 -11.77
1 1 7 10.07
0 5 2 -20.88
1 1 5 10.17
0 0 6 -20.57
1 6 4 17.34
0 5 6 -20.8
1 6 3 16.88
0 6 5 -21.79
1 7 5 12.98
0 5 7 -11.53
1 6 7 14.27
0 7 2 -15.27
1 4 1 8.88
0 7 4 -19.88
1 1 3 7.73
0 1 2 -19.36
1 7 3 16.66
0 1 6 -24.32
1 0 7 15.64
0 7 6 -28.52
1 0 5 15.55
0 6 2 -20.85
1 2 1 22.32
0 0 4 -29.64
1 5 1 16.32
0 2 0 -64
1 1 0 64
0 0 0 -8.0
1 0 3 8.0
0 0 1 -8.0
1 3 1 8.0
0 0 2 -8.0
1 1 1 8.0
0 5 0 -8.0
1 6 0 8.0
0 3 0 -8.0
1 6 1 8.0
0 4 0 -8.0
1 6 6 8.0
0 7 7 -8.0
0 7 1 -8.0
1 7 0 8.0
