1 5 3 -18.0
0 3 2 18.0
1 2 5 -18.0
0 3 5 18.0
1 2 4 -18.0
0 5 4 18.0
1 4 5 -18.0
0 5 5 18.0
1 6 4 -18.0
0 6 5 -2.24
1 4 2 -8.22
0 6 3 -2.81
1 7 2 -6.11
0 2 2 -6.44
1 2 3 -1.04
0 3 6 -8.21
1 4 6 -4.4
0 3 7 -0.91
1 5 7 -5.51
0 5 2 -7.51
1 7 3 -3.27
0 7 4 -3.61
1 2 7 -0.98
0 1 7 0.55
1 3 1 -3.55
0 1 4 -6.31
1 4 1 -3.26
0 5 6 -3.36
1 1 5 -4.73
0 1 3 -3.13
1 2 1 -1.44
0 5 1 -3.09
1 0 2 -9.39
0 0 3 -2.19
1 0 5 -4.7
0 0 1 1.22
1 6 7 -10.45
0 2 6 12.29
1 1 2 -17.97
0 4 0 9.83
1 6 2 -15.96
0 1 6 5.46
1 3 0 -19.81
0 6 1 64
1 7 6 -64
0 7 5 18.0
1 0 7 -18.0
0 4 7 18.0
1 0 4 -18.0
0 7 7 18.0
1 7 0 -18.0
0 7 1 18.0
1 6 6 -18.0
0 0 6 18.0
1 0 0 -18.0
0 2 0 18.0
1 5 0 -18.0
0 6 0 18.0
1 1 0 -18.0
0 1 1 18.0
