1 5 3 4.0
0 3 2 -4.0
1 2 3 4.0
0 5 4 -4.0
1 4 5 4.0
0 3 5 -4.0
1 4 2 4.0
0 6 3 -4.0
1 2 4 4.0
0 2 5 -7.46
1 4 6 -1.97
0 2 2 -4.27
1 1 4 -6.89
0 5 2 -2.59
1 3 6 2.98
0 1 5 -13.15
1 1 3 0.88
0 2 6 -9.36
1 6 4 -5.56
0 0 2 -0.65
1 2 1 -5.41
0 4 1 -6.09
1 0 3 -3.34
0 5 7 -7.5
1 7 2 -4.03
0 6 5 -1.27
1 0 1 -6.88
0 3 7 0.58
1 0 6 -1.9
0 7 5 -7.31
1 5 1 1.76
0 5 5 -3.92
1 7 4 -4.71
0 6 2 -5.76
1 7 3 -3.03
0 2 0 -8.77
1 1 2 -1.64
0 7 1 -4.77
1 5 0 2.99
0 4 0 -8.04
1 2 7 4.98
0 6 0 -3.77
1 4 7 -4.45
0 3 1 -64
1 3 0 64
0 0 4 -4.0
1 0 5 4.0
0 1 7 -4.0
1 7 0 4.0
0 6 1 -4.0
1 1 0 4.0
0 5 6 -4.0
1 7 6 4.0
0 6 6 -4.0
1 7 7 4.0
0 6 7 -4.0
1 0 7 4.0
0 1 6 -4.0
1 1 1 4.0
0 0 0 -4.0
