1 2 4 2.0
0 4 5 -2.0
1 5 3 2.0
0 4 2 -2.0
1 5 2 2.0
0 6 2 -2.0
1 5 5 2.0
0 2 3 -2.0
1 3 5 2.0
0 5 4 -1.8
1 6 3 -2.49
0 7 3 -3.87
1 4 1 -5.14
0 6 4 -0.6
1 6 5 -0.31
0 3 2 -3.09
1 2 5 -0.87
0 7 6 -9.66
1 3 1 2.59
0 2 2 -2.24
1 7 2 -4.94
0 7 1 1.38
1 1 4 -13.2
0 2 0 10.65
1 3 0 -3.59
0 1 3 4.2
1 1 1 -13.9
0 2 1 1.77
1 5 1 -7.88
0 2 6 -0.02
1 3 6 -1.86
0 3 7 -7.92
1 1 5 -1.91
0 0 4 -7.19
1 1 0 -2.45
0 5 6 -8.27
1 4 7 2.2
0 1 6 -10.02
1 5 7 3.02
0 0 0 -8.63
1 0 1 1.1
0 0 2 -6.59
1 7 4 -1.7
0 7 5 -64
1 2 7 64
0 4 6 -2.0
1 0 7 2.0
0 6 0 -2.0
1 1 7 2.0
0 0 6 -2.0
1 0 5 2.0
0 0 3 -2.0
1 1 2 2.0
0 6 6 -2.0
1 7 7 2.0
0 6 7 -2.0
1 7 0 2.0
0 4 0 -2.0
1 5 0 2.0
0 6 1 -2.0
