1 2 4 -12.0
0 4 5 12.0
1 5 4 -12.0
0 2 3 12.0
1 3 2 -12.0
0 5 5 12.0
1 4 2 -12.0
0 2 2 12.0
1 3 5 -12.0
0 2 5 12.0
1 1 3 -12.0
0 1 2 2.16
1 0 2 -2.16
0 3 1 1.27
1 2 1 -2.55
0 5 2 2.48
1 5 3 -2.78
0 4 1 2.95
1 1 5 -2.92
0 1 4 2.92
1 3 0 -3.6
0 0 5 4.5
1 5 0 -5.56
0 6 5 6.41
1 3 6 -7.19
0 2 6 6.84
1 6 4 -6.52
0 6 2 5.45
1 5 6 -5.34
0 3 7 5.21
1 4 6 -5.26
0 7 4 5.66
1 6 3 -5.28
0 4 0 5.91
1 0 4 -5.05
0 0 3 3.89
1 5 1 -6.21
0 6 1 6.87
1 0 6 -6.4
0 7 3 7.41
1 7 5 -9.34
0 7 6 10.3
1 2 7 -11.52
0 4 7 64
1 7 2 -64
0 7 1 12.0
1 1 6 -12.0
0 1 0 12.0
1 2 0 -12.0
0 0 7 12.0
1 1 7 -12.0
0 7 0 12.0
1 0 0 -12.0
0 0 1 12.0
1 6 0 -12.0
0 1 1 12.0
1 6 7 -12.0
0 6 6 12.0
1 7 7 -12.0
0 5 7 12.0
