1 4 2 14.0
0 5 4 -14.0
1 2 5 14.0
0 2 4 -14.0
1 3 5 14.0
0 3 2 -14.0
1 4 5 14.0
0 2 6 -14.0
1 1 5 14.0
0 5 3 -14.0
1 5 5 14.0
0 3 6 -14.0
1 4 6 14.0
0 1 4 -14.0
1 2 3 14.0
0 5 7 -14.0
1 0 5 14.0
0 5 6 -14.0
1 2 2 14.0
0 5 2 -14.0
1 6 2 14.0
0 1 3 -14.0
1 0 4 14.0
0 0 2 3.1
1 1 2 -6.26
0 3 1 -4.77
1 3 0 -8.46
0 5 1 -0.15
1 4 1 -8.34
0 7 2 -0.45
1 4 7 -10.16
0 2 7 -0.6
1 3 7 -2.67
0 1 6 0.3
1 6 0 -6.16
0 2 1 -1.4
1 6 3 0.13
0 7 3 -5.64
1 0 7 2.93
0 0 3 -16.09
1 1 7 3.76
0 2 0 -13.18
1 1 0 2.34
0 4 0 -64
1 5 0 64
0 1 1 -14.0
1 6 7 14.0
0 6 6 -14.0
1 6 4 14.0
0 7 4 -14.0
1 7 7 14.0
0 7 6 -14.0
1 6 5 14.0
0 7 5 -14.0
1 7 1 14.0
0 0 6 -14.0
1 0 0 14.0
0 0 1 -14.0
0 6 1 -14.0
1 7 0 14.0
