1 2 4 16.0
0 4 5 -16.0
1 5 3 16.0
0 4 2 -16.0
1 3 5 16.0
0 2 3 -16.0
1 3 2 16.0
0 2 5 -5.22
1 5 4 -2.04
0 2 2 -6.45
1 4 6 -0.16
0 5 5 -9.44
1 3 1 -3.37
0 5 1 -11.82
1 4 1 -0.27
0 6 4 -10.49
1 2 1 1.48
0 5 2 -8.21
1 3 6 9.56
0 3 0 -11.71
1 6 3 -2.23
0 5 6 -7.93
1 1 2 -6.2
0 0 2 -7.61
1 7 5 2.77
0 2 0 -13.06
1 6 5 2.44
0 6 2 -6.1
1 4 0 5.77
0 3 7 -15.04
1 1 0 6.89
0 5 0 -17.81
1 6 0 4.58
0 7 2 -10.51
1 4 7 12.98
0 7 4 -12.84
1 2 7 8.46
0 6 7 -13.6
1 0 3 -0.38
0 5 7 -1.77
1 7 7 5.3
0 0 4 -9.09
1 7 3 -0.66
0 6 1 -64
1 1 5 64
0 1 3 -16.0
1 2 6 16.0
0 0 1 -16.0
1 6 6 16.0
0 7 6 -16.0
1 1 4 16.0
0 0 5 -16.0
1 1 6 16.0
0 0 6 -16.0
1 7 0 16.0
0 7 1 -16.0
1 1 1 16.0
1 0 7 16.0
0 1 7 -16.0
1 0 0 16.0
