1 2 4 36.0
0 4 5 -36.0
1 5 2 36.0
0 4 2 -36.0
1 5 3 36.0
0 2 3 -36.0
1 5 4 36.0
0 6 2 -36.0
1 5 1 36.0
0 3 5 -36.0
1 6 3 36.0
0 4 1 -36.0
1 3 2 -3.69
0 2 2 -5.34
1 4 0 -6.48
0 1 3 -1.31
1 3 1 -1.71
0 2 5 1.09
1 7 2 -5.15
0 3 0 -1.42
1 2 0 -4.16
0 6 5 -11.11
1 1 2 2.1
0 6 1 -11.45
1 5 5 3.16
0 6 0 -15.99
1 0 3 4.71
0 0 2 -12.9
1 0 4 3.3
0 5 0 -18.3
1 0 1 12.44
0 5 6 -22.98
1 2 1 18.02
0 7 4 -24.06
1 7 0 25.1
0 7 1 -32.73
1 6 6 32.14
0 7 6 -31.92
1 7 7 29.13
0 1 4 -31.41
1 0 5 37.11
0 6 7 -34.38
1 7 3 29.4
0 1 0 -64
1 0 0 64
0 1 1 -36.0
1 1 5 36.0
0 6 4 -36.0
1 5 7 36.0
0 4 6 -36.0
1 4 7 36.0
0 3 7 -36.0
1 7 5 36.0
0 3 6 -36.0
1 2 7 36.0
0 2 6 -36.0
1 1 7 36.0
0 1 6 -36.0
1 0 6 36.0
0 0 7 -36.0
