1 5 3 -18.0
0 3 2 18.0
1 2 3 -18.0
0 5 4 18.0
1 4 5 -18.0
0 2 2 18.0
1 3 5 -18.0
0 5 2 18.0
1 4 2 -18.0
0 3 1 18.0
1 6 4 -18.0
0 2 4 18.0
1 6 3 -18.0
0 2 5 18.0
1 5 1 -18.0
0 3 6 18.0
1 2 7 -18.0
0 5 6 18.0
1 4 6 0.0
0 5 7 5.14
1 4 1 -10.27
0 2 6 1.67
1 2 0 -10.79
0 3 0 -4.13
1 4 0 3.67
0 5 5 2.55
1 1 2 -6.52
0 2 1 -6.03
1 1 3 -6.59
0 6 5 7.56
1 1 5 -11.63
0 0 5 7.35
1 1 6 -12.51
0 1 4 7.68
1 0 4 -11.74
0 0 2 -1.7
1 0 3 -6.67
0 7 4 5.27
1 7 6 -12.56
0 7 2 11.69
1 7 5 -11.82
0 7 3 11.84
1 7 1 -11.19
0 6 2 64
1 1 1 -64
0 0 0 18.0
1 0 6 -18.0
0 0 1 18.0
1 1 0 -18.0
0 5 0 18.0
1 4 7 -18.0
0 0 7 18.0
1 6 7 -18.0
0 3 7 18.0
1 1 7 -18.0
0 7 7 18.0
1 6 6 -18.0
0 7 0 18.0
1 6 0 -18.0
0 6 1 18.0
