1 5 3 -22.0
0 3 2 22.0
1 2 4 -22.0
0 3 5 22.0
1 2 5 -22.0
0 5 4 22.0
1 2 3 -22.0
0 1 5 22.0
1 2 6 -22.0
0 4 2 22.0
1 2 2 -22.0
0 1 4 22.0
1 1 3 -22.0
0 3 6 22.0
1 4 5 -22.0
0 0 2 22.0
1 2 7 -22.0
0 6 4 22.0
1 0 3 -22.0
0 5 5 0.87
1 3 1 -7.96
0 0 4 -0.3
1 6 2 -8.42
0 2 0 -0.55
1 4 1 -11.45
0 4 6 5.59
1 7 5 -12.13
0 1 2 1.92
1 3 0 -15.55
0 4 7 0.07
1 6 5 -6.65
0 6 3 2.52
1 3 7 -8.71
0 5 7 3.62
1 6 7 -2.7
0 5 6 4.1
1 7 2 -12.51
0 5 1 6.22
1 5 2 -12.47
0 4 0 4.33
1 5 0 -16.77
0 6 0 14.52
1 6 6 -19.25
0 2 1 64
1 1 0 -64
0 0 0 22.0
1 1 6 -22.0
0 7 3 22.0
1 7 4 -22.0
0 7 7 22.0
1 7 6 -22.0
0 7 1 22.0
1 6 1 -22.0
0 7 0 22.0
1 0 6 -22.0
0 0 5 22.0
1 1 1 -22.0
0 0 1 22.0
0 1 7 22.0
1 0 7 -22.0
