1 5 3 -6.0
0 3 2 6.0
1 2 4 -6.0
0 3 5 6.0
1 2 5 -6.0
0 5 4 6.0
1 2 3 -6.0
0 1 5 6.0
1 2 6 -6.0
0 4 5 6.0
1 3 6 -6.0
0 2 2 6.0
1 1 4 -6.0
0 0 5 6.0
1 6 4 -6.0
0 5 5 6.0
1 4 2 -6.0
0 5 1 6.0
1 6 5 -6.0
0 2 7 5.17
1 3 1 -5.17
0 5 6 5.17
1 1 2 -7.23
0 7 5 0.66
1 5 7 -5.67
0 3 7 -1.38
1 4 6 -8.41
0 5 2 -4.9
1 6 2 -4.41
0 4 1 -8.06
1 2 1 -3.03
0 3 0 -7.58
1 0 4 2.4
0 0 2 -10.78
1 4 7 -2.2
0 0 3 -1.82
1 1 7 0.55
0 1 3 2.97
1 5 0 -7.81
0 7 2 -1.63
1 7 4 -3.66
0 6 6 4.15
1 4 0 -3.66
0 7 3 64
1 6 3 -64
0 1 0 6.0
1 6 1 -6.0
0 7 6 6.0
1 2 0 -6.0
0 7 1 6.0
1 0 0 -6.0
0 7 0 6.0
1 6 0 -6.0
0 1 1 6.0
1 0 1 -6.0
0 1 6 6.0
1 7 7 -6.0
0 6 7 6.0
1 0 6 -6.0
0 0 7 6.0
