1 5 3 -12.0
0 3 2 12.0
1 2 3 -12.0
0 5 4 12.0
1 4 5 -12.0
0 2 2 12.0
1 3 5 -12.0
0 5 5 12.0
1 4 2 -12.0
0 5 1 12.0
1 6 3 1.42
0 5 2 -1.42
1 6 4 1.42
0 6 5 0.09
1 4 1 -6.98
0 7 2 -3.6
1 7 3 -2.98
0 2 5 -10.17
1 7 1 5.01
0 1 3 -2.2
1 2 4 -0.91
0 2 1 -8.04
1 3 6 -6.31
0 1 5 -0.09
1 5 6 -13.02
0 7 4 0.52
1 7 5 -9.73
0 6 2 -2.24
1 3 1 -7.51
0 3 0 -0.01
1 4 0 -13.27
0 5 0 4.07
1 0 2 -11.19
0 4 7 -0.88
1 3 7 -9.93
0 4 6 4.77
1 1 4 -12.15
0 5 7 3.67
1 1 0 -11.42
0 2 0 14.01
1 6 0 -12.85
0 0 5 2.44
1 6 7 -13.78
0 1 2 64
1 6 1 -64
0 6 6 12.0
1 0 4 -12.0
0 0 3 12.0
1 1 1 -12.0
0 0 0 12.0
1 0 1 -12.0
0 7 0 12.0
1 1 6 -12.0
0 2 7 12.0
1 1 7 -12.0
0 7 6 12.0
1 7 7 -12.0
0 2 6 12.0
1 0 6 -12.0
0 0 7 12.0
