1 2 4 30.0
0 4 5 -30.0
1 5 2 30.0
0 4 2 -30.0
1 5 3 30.0
0 2 3 -30.0
1 2 5 30.0
0 1 4 -30.0
1 3 5 30.0
0 2 6 -30.0
1 3 2 30.0
0 5 4 -30.0
1 4 6 -5.3
0 3 6 -3.21
1 6 4 0.9
0 7 4 -13.59
1 6 5 -0.82
0 2 2 -13.13
1 1 2 0.54
0 2 1 -9.04
1 7 5 6.26
0 4 1 -15.27
1 3 1 0.23
0 5 1 -9.61
1 3 7 0.11
0 2 7 -11.23
1 1 3 -0.51
0 6 2 -8.43
1 7 3 -3.54
0 6 3 -5.83
1 2 0 -1.94
0 4 7 -10.17
1 0 4 -2.65
0 1 5 -5.75
1 5 0 0.72
0 0 2 -6.1
1 5 6 -4.53
0 5 5 -8.59
1 0 3 -3.2
0 5 7 -4.73
1 0 1 -3.28
0 0 5 4.86
1 0 6 -2.46
0 4 0 -64
1 3 0 64
0 6 1 -30.0
1 7 0 30.0
0 6 0 -30.0
1 7 1 30.0
0 7 2 -30.0
1 1 6 30.0
0 1 0 -30.0
1 0 0 30.0
0 6 6 -30.0
1 7 7 30.0
0 0 7 -30.0
1 1 7 30.0
0 6 7 -30.0
1 7 6 30.0
1 1 1 30.0
