1 4 2 10.0
0 5 2 -10.0
1 5 3 10.0
0 3 2 -10.0
1 4 1 10.0
0 5 4 -10.0
1 6 3 10.0
0 5 1 -10.0
1 4 5 10.0
0 3 5 -10.0
1 6 4 10.0
0 6 2 1.73
1 5 0 2.03
0 4 6 -2.5
1 7 3 2.47
0 6 5 -3.66
1 5 5 -0.22
0 7 4 2.74
1 2 4 -16.66
0 3 1 5.02
1 7 5 -13.48
0 5 6 5.23
1 2 0 -15.52
0 2 3 11.15
1 2 5 -19.98
0 1 5 11.1
1 3 7 -21.35
0 2 6 8.04
1 3 6 -12.54
0 4 0 2.62
1 3 0 -8.35
0 2 7 -3.01
1 4 7 -4.2
0 7 1 -2.16
1 7 2 6.65
0 7 6 -9.23
1 2 2 -3.1
0 2 1 -3.4
1 0 5 -4.94
0 1 4 1.26
1 1 7 3.49
0 0 6 -1.51
1 0 7 5.61
0 1 6 -64
1 0 4 64
0 1 3 -10.0
1 0 3 10.0
0 1 2 -10.0
1 0 2 10.0
0 1 1 -10.0
1 0 0 10.0
0 6 6 -10.0
1 5 7 10.0
0 6 0 -10.0
1 0 1 10.0
0 1 0 -10.0
1 7 0 10.0
0 6 1 -10.0
1 6 7 10.0
0 7 7 -10.0
