1 5 3 4.0
0 5 2 -4.0
1 4 2 4.0
0 3 2 -4.0
1 4 1 4.0
0 6 3 -4.0
1 2 3 4.0
0 2 2 -4.0
1 2 4 4.0
0 2 5 -4.0
1 6 2 4.0
0 6 4 -4.0
1 7 4 4.0
0 5 1 -2.61
1 4 0 2.66
0 7 2 -2.66
1 6 5 0.93
0 3 5 -1.82
1 3 1 2.28
0 5 4 -2.76
1 4 5 3.7
0 7 5 -5.7
1 7 3 5.65
0 2 0 -5.04
1 5 5 5.41
0 4 6 -5.35
1 3 6 4.27
0 4 7 -4.39
1 2 6 4.48
0 5 6 -3.41
1 1 2 2.89
0 2 1 -2.22
1 3 0 2.83
0 5 0 -2.82
1 2 7 1.24
0 3 7 0.82
1 1 4 -0.77
0 0 2 -0.19
1 1 3 -0.29
0 0 5 1.33
1 1 5 -1.52
0 1 0 1.43
1 5 7 -0.43
0 0 6 0.66
1 0 4 -1.69
0 0 3 2.73
1 1 1 -4.49
0 7 6 5.19
1 6 0 -4.88
0 7 0 3.98
1 1 6 -2.76
0 0 7 2.65
1 7 7 -0.6
0 6 1 -4.0
1 7 1 4.0
0 0 1 -4.0
1 1 7 4.0
0 6 7 -4.0
1 6 6 4.0
