1 5 3 -12.0
0 5 2 12.0
1 4 2 -12.0
0 5 4 12.0
1 2 5 -12.0
0 3 2 12.0
1 6 3 -4.06
0 6 4 5.16
1 4 5 -12.03
0 7 3 4.2
1 4 1 -11.95
0 2 3 -2.97
1 2 4 -8.84
0 3 5 -4.68
1 6 2 -4.86
0 1 3 -5.88
1 2 1 -5.55
0 4 6 -0.64
1 7 2 -4.23
0 3 1 -8.11
1 3 6 -1.59
0 5 0 -10.08
1 1 4 -0.67
0 5 6 -8.34
1 5 5 -3.9
0 6 5 -4.16
1 0 2 -4.57
0 2 7 2.0
1 4 0 -1.12
0 2 6 -5.33
1 6 0 2.35
0 0 4 -10.35
1 0 5 -3.04
0 1 2 -9.24
1 3 0 -4.2
0 2 2 -6.72
1 0 3 -9.89
0 7 1 -2.34
1 6 7 -7.5
0 5 7 3.02
1 1 5 -5.09
0 5 1 -1.55
1 7 4 -8.27
0 7 5 64
1 6 6 -64
0 1 6 12.0
1 4 7 -12.0
0 3 7 12.0
1 0 7 -12.0
0 1 0 12.0
1 6 1 -12.0
0 2 0 12.0
1 0 0 -12.0
0 7 6 12.0
1 7 7 -12.0
0 7 0 12.0
1 1 7 -12.0
0 0 6 12.0
1 1 1 -12.0
0 0 1 12.0
