1 5 3 42.0
0 3 2 -42.0
1 2 3 42.0
0 5 4 -42.0
1 4 5 42.0
0 5 2 -42.0
1 5 5 42.0
0 4 6 -9.95
1 3 5 3.59
0 2 2 -5.29
1 4 2 2.93
0 3 1 -15.77
1 6 5 9.45
0 5 6 -16.02
1 5 7 4.82
0 7 4 -14.84
1 4 1 4.68
0 2 5 -12.02
1 2 0 2.21
0 5 1 -13.84
1 6 2 2.9
0 4 0 -12.41
1 3 0 -1.93
0 2 4 -11.03
1 5 0 1.08
0 6 3 -7.02
1 1 4 -7.72
0 2 1 0.05
1 7 3 -7.15
0 1 2 -4.31
1 0 2 2.42
0 0 4 -15.95
1 7 5 8.52
0 0 3 -17.66
1 0 5 0.58
0 7 2 -14.27
1 6 4 5.22
0 7 6 -15.73
1 1 3 -0.68
0 2 6 -11.48
1 1 0 6.45
0 4 7 -10.09
1 3 7 1.34
0 1 5 -64
1 6 7 64
0 6 0 -42.0
1 7 0 42.0
0 3 6 -42.0
1 0 6 42.0
0 1 6 -42.0
1 0 1 42.0
0 6 6 -42.0
1 7 7 42.0
0 1 1 -42.0
1 0 0 42.0
1 0 7 42.0
0 1 7 -42.0
1 7 1 42.0
0 6 1 -42.0
1 2 7 42.0
