1 4 2 10.0
0 5 2 -10.0
1 5 3 10.0
0 3 2 -10.0
1 4 1 10.0
0 6 3 -10.0
1 2 3 10.0
0 5 1 -10.0
1 2 4 10.0
0 4 5 -10.0
1 5 4 10.0
0 5 5 -10.0
1 6 2 10.0
0 3 5 -10.0
1 7 3 10.0
0 1 4 -10.0
1 4 6 0.0
0 2 1 0.72
1 2 6 -10.32
0 2 5 -2.09
1 2 2 -7.13
0 7 2 4.34
1 7 1 -4.52
0 3 0 -3.2
1 5 0 -8.79
0 3 1 1.53
1 4 0 -0.25
0 4 7 -4.13
1 5 6 -5.98
0 6 4 -2.18
1 2 0 -3.4
0 1 3 -10.09
1 7 4 4.09
0 6 1 -17.14
1 1 2 7.99
0 6 5 -13.87
1 0 3 8.59
0 0 2 -14.09
1 0 1 13.73
0 1 7 -26.83
1 7 5 14.8
0 6 6 -15.16
1 1 5 2.31
0 3 6 -64
1 7 6 64
0 0 4 -10.0
1 3 7 10.0
0 0 0 -10.0
1 2 7 10.0
0 5 7 -10.0
1 0 7 10.0
0 1 6 -10.0
1 1 1 10.0
0 1 0 -10.0
1 6 7 10.0
0 7 7 -10.0
1 7 0 10.0
0 6 0 -10.0
1 0 6 10.0
1 0 5 10.0
