1 4 2 28.0
0 5 4 -28.0
1 4 5 28.0
0 3 2 -28.0
1 2 3 28.0
0 5 5 -28.0
1 5 3 28.0
0 6 2 -28.0
1 6 3 28.0
0 5 2 -28.0
1 3 1 -4.98
0 2 5 4.2
1 3 5 -13.13
0 2 2 2.11
1 1 5 -11.0
0 7 2 5.39
1 4 1 -5.39
0 4 0 -1.13
1 2 4 0.3
0 1 4 -5.82
1 0 3 -0.88
0 3 0 -9.09
1 2 1 -0.47
0 5 1 -11.63
1 1 3 4.28
0 3 6 -18.66
1 4 7 8.22
0 0 2 -16.98
1 0 4 9.66
0 2 7 -24.52
1 6 4 15.63
0 7 5 -18.73
1 2 6 17.75
0 0 5 -20.67
1 6 6 11.65
0 5 6 -22.42
1 7 3 10.02
0 7 4 -14.69
1 2 0 7.34
0 7 7 -17.48
1 3 7 15.02
0 4 6 -15.23
1 5 0 3.13
0 5 7 -64
1 1 2 64
0 0 1 -28.0
1 1 6 28.0
0 1 0 -28.0
1 0 0 28.0
0 1 1 -28.0
1 0 6 28.0
0 1 7 -28.0
1 0 7 28.0
0 6 0 -28.0
1 7 0 28.0
1 6 7 28.0
1 7 1 28.0
0 6 1 -28.0
1 7 6 28.0
1 6 5 28.0
