1 2 4 -2.0
0 4 5 2.0
1 5 2 -2.0
0 4 2 2.0
1 5 3 -2.0
0 2 3 2.0
1 5 4 -2.0
0 6 2 2.0
1 5 1 -2.0
0 3 2 2.0
1 4 1 -2.0
0 5 5 2.0
1 6 3 -2.0
0 6 4 2.0
1 7 2 -2.0
0 3 1 2.16
1 7 3 -2.16
0 4 0 3.14
1 2 0 -2.72
0 3 0 5.45
1 5 0 -3.77
0 2 2 4.9
1 3 5 -6.93
0 7 4 -7.01
1 7 5 1.71
0 6 5 -0.01
1 3 6 -4.95
0 4 6 -7.13
1 4 7 -3.8
0 1 5 -2.47
1 7 6 0.86
0 5 6 -1.34
1 5 7 0.59
0 6 0 2.84
1 7 0 -3.71
0 2 5 1.23
1 2 6 -5.73
0 6 6 -2.27
1 1 4 -3.69
0 2 1 -3.94
1 7 7 -8.79
0 1 2 -4.43
1 0 5 -1.7
0 0 4 64
1 1 0 -64
0 1 1 2.0
1 0 3 -2.0
0 1 3 2.0
1 6 1 -2.0
0 7 1 2.0
1 0 0 -2.0
0 6 7 2.0
1 0 2 -2.0
0 2 7 2.0
1 3 7 -2.0
0 0 1 2.0
1 1 6 -2.0
0 0 7 2.0
1 1 7 -2.0
0 0 6 2.0
