1 2 4 8.0
0 4 5 -8.0
1 5 4 8.0
0 2 3 -8.0
1 3 2 8.0
0 5 3 -8.0
1 3 5 8.0
0 5 5 -8.0
1 4 2 8.0
0 2 2 -8.0
1 1 3 3.95
0 4 1 -3.95
1 1 2 3.95
0 2 6 -7.7
1 4 6 -2.61
0 1 5 -10.28
1 5 2 -1.09
0 3 7 -8.02
1 4 7 -5.63
0 6 3 0.94
1 5 0 -3.38
0 3 6 0.36
1 2 7 -3.13
0 5 1 -1.66
1 6 4 -10.99
0 5 7 4.34
1 6 7 -6.23
0 5 6 -1.45
1 7 4 -9.77
0 7 2 -0.8
1 6 2 -2.28
0 6 1 0.5
1 1 4 -3.84
0 4 0 -6.13
1 3 1 6.91
0 0 5 -13.41
1 7 0 9.39
0 6 0 -7.56
1 3 0 5.21
0 2 5 -8.38
1 6 5 -0.6
0 2 1 -10.6
1 0 3 4.99
0 7 1 -64
1 7 3 64
0 1 6 -8.0
1 0 7 8.0
0 1 7 -8.0
1 0 6 8.0
0 0 4 -8.0
1 0 2 8.0
0 1 1 -8.0
1 1 0 8.0
0 0 0 -8.0
1 0 1 8.0
0 2 0 -8.0
1 6 6 8.0
0 7 7 -8.0
1 7 6 8.0
0 7 5 -8.0
