1 2 4 -14.0
0 4 5 14.0
1 5 4 -14.0
0 2 3 14.0
1 4 2 -14.0
0 3 2 14.0
1 1 3 -14.0
0 1 4 14.0
1 2 2 -9.62
0 5 3 -0.47
1 3 5 -6.08
0 2 6 -6.97
1 5 2 -5.4
0 1 2 -4.49
1 5 5 1.36
0 2 5 -3.45
1 0 5 -6.98
0 0 4 -0.8
1 5 6 3.37
0 2 1 1.66
1 0 3 -6.3
0 0 2 2.95
1 3 1 -8.75
0 0 6 1.59
1 3 6 -12.09
0 4 7 1.66
1 2 0 -7.73
0 4 0 0.73
1 4 1 -1.72
0 6 4 -2.7
1 3 7 -6.63
0 5 7 -1.25
1 1 1 -6.3
0 6 3 -0.73
1 6 5 -11.01
0 7 4 -4.21
1 6 2 -9.02
0 7 1 -1.12
1 0 1 -0.62
0 0 0 4.23
1 7 2 -14.14
0 7 3 5.62
1 1 0 -14.08
0 6 1 64
1 7 5 -64
0 7 6 14.0
1 1 6 -14.0
0 0 7 14.0
1 1 5 -14.0
0 6 6 14.0
1 5 1 -14.0
0 4 6 14.0
1 7 0 -14.0
0 3 0 14.0
1 5 0 -14.0
0 6 0 14.0
1 7 7 -14.0
0 6 7 14.0
1 2 7 -14.0
0 1 7 14.0
