1 4 2 -32.0
0 5 2 32.0
1 5 3 -32.0
0 3 2 32.0
1 2 3 -32.0
0 4 5 32.0
1 3 5 -32.0
0 6 3 32.0
1 3 1 -32.0
0 2 1 32.0
1 5 1 -8.21
0 4 1 -2.91
1 6 2 -4.61
0 2 4 -3.44
1 1 3 -4.69
0 1 5 -7.7
1 2 5 -2.11
0 5 4 -5.16
1 5 6 -0.38
0 4 6 -9.22
1 2 2 2.14
0 3 6 -5.91
1 5 7 -3.79
0 1 2 -8.16
1 4 7 -1.2
0 0 4 -9.46
1 1 4 0.45
0 0 5 -4.86
1 2 0 -9.04
0 7 2 -0.88
1 4 0 -9.5
0 2 6 2.6
1 6 4 -7.65
0 5 0 4.64
1 7 3 -8.55
0 3 7 2.3
1 7 1 -8.09
0 5 5 -0.48
1 1 7 -11.18
0 3 0 9.3
1 6 6 -15.17
0 1 0 14.7
1 6 5 -19.74
0 7 7 64
1 6 1 -64
0 6 7 32.0
1 2 7 -32.0
0 7 6 32.0
1 0 3 -32.0
0 0 7 32.0
1 1 6 -32.0
0 0 2 32.0
1 0 1 -32.0
0 0 6 32.0
1 7 5 -32.0
0 7 4 32.0
1 1 1 -32.0
0 0 0 32.0
0 7 0 32.0
1 6 0 -32.0
