1 5 3 36.0
0 3 2 -36.0
1 2 3 36.0
0 5 4 -36.0
1 3 1 36.0
0 6 3 -2.52
1 3 5 -10.01
0 2 5 -1.76
1 4 5 -6.74
0 4 6 -0.81
1 1 5 -8.63
0 2 4 -2.81
1 5 2 -2.59
0 1 2 -9.66
1 2 2 0.63
0 4 1 -5.59
1 6 4 0.19
0 1 4 -11.14
1 5 5 -0.38
0 1 3 -9.25
1 3 6 2.49
0 7 5 -13.46
1 2 1 2.88
0 3 0 -13.58
1 6 2 8.45
0 6 5 -16.01
1 4 2 12.55
0 7 2 -23.84
1 4 7 13.37
0 2 6 -20.89
1 0 2 14.91
0 3 7 -24.49
1 5 7 18.33
0 0 3 -24.78
1 2 7 15.28
0 4 0 -23.35
1 5 1 12.65
0 5 6 -18.16
1 6 1 17.2
0 0 5 -27.65
1 0 4 12.88
0 0 1 -12.98
1 2 0 7.84
0 1 7 -64
1 0 7 64
0 1 1 -36.0
1 1 6 36.0
0 1 0 -36.0
1 6 7 36.0
0 5 0 -36.0
1 7 0 36.0
0 0 6 -36.0
1 6 0 36.0
0 7 1 -36.0
1 0 0 36.0
1 7 3 36.0
0 7 4 -36.0
1 7 6 36.0
0 6 6 -36.0
1 7 7 36.0
