1 2 4 -14.0
0 4 5 14.0
1 5 3 -14.0
0 4 2 14.0
1 5 2 -14.0
0 2 3 14.0
1 5 5 -4.48
0 5 4 5.08
1 3 2 -14.89
0 2 2 -0.13
1 1 3 -7.84
0 4 1 3.77
1 3 5 -15.26
0 1 5 5.77
1 6 3 -17.0
0 2 5 10.58
1 1 4 -15.39
0 0 4 0.36
1 5 1 -13.19
0 4 6 1.22
1 2 6 -14.41
0 1 2 6.93
1 3 6 -14.63
0 2 1 2.64
1 5 7 -15.64
0 2 7 13.73
1 0 3 -19.91
0 0 5 13.02
1 4 0 -19.71
0 3 7 15.81
1 0 6 -18.8
0 4 7 19.15
1 1 7 -14.77
0 0 2 20.51
1 0 1 -17.43
0 6 5 6.28
1 3 0 -19.5
0 7 2 13.2
1 1 6 -16.9
0 5 0 16.85
1 6 2 -10.65
0 7 1 6.77
1 6 4 -18.33
0 5 6 64
1 7 3 -64
0 0 7 14.0
1 7 5 -14.0
0 2 0 14.0
1 3 1 -14.0
0 6 7 14.0
1 7 0 -14.0
0 0 0 14.0
1 6 6 -14.0
0 7 4 14.0
1 7 6 -14.0
0 7 7 14.0
1 6 1 -14.0
0 1 1 14.0
1 1 0 -14.0
0 6 0 14.0
