1 5 3 -20.0
0 5 2 20.0
1 4 2 -20.0
0 5 4 20.0
1 2 5 -20.0
0 3 2 20.0
1 5 5 -20.0
0 2 4 20.0
1 2 3 -20.0
0 1 2 20.0
1 6 4 1.31
0 1 5 -6.51
1 6 2 -7.03
0 6 3 -3.3
1 4 1 -7.24
0 7 5 -2.45
1 5 1 -4.11
0 3 1 1.62
1 1 3 -10.87
0 2 2 3.77
1 7 2 -14.95
0 4 5 1.76
1 0 5 -15.15
0 2 6 2.2
1 7 3 -8.58
0 6 5 -2.08
1 0 2 -6.52
0 5 0 -6.69
1 2 0 -2.73
0 3 0 -0.83
1 1 4 -3.52
0 2 1 -6.41
1 3 5 -3.15
0 7 4 -8.56
1 2 7 -1.26
0 3 6 -6.25
1 6 1 2.95
0 0 4 -1.56
1 4 7 -8.12
0 7 0 9.03
1 5 6 -18.66
0 7 1 15.12
1 4 0 -17.66
0 1 1 64
1 4 6 -64
0 0 3 20.0
1 1 0 -20.0
0 1 6 20.0
1 6 0 -20.0
0 5 7 20.0
1 6 7 -20.0
0 1 7 20.0
1 3 7 -20.0
0 7 7 20.0
1 7 6 -20.0
0 6 6 20.0
1 0 6 -20.0
0 0 7 20.0
0 0 0 20.0
1 0 1 -20.0
