1 2 4 4.0
0 2 5 -4.0
1 3 5 4.0
0 2 3 -4.0
1 1 4 4.0
0 3 6 -4.0
1 2 6 4.0
0 5 4 -4.0
1 2 2 4.0
0 1 3 -4.79
1 3 2 4.79
0 1 5 -4.79
1 5 2 4.79
0 4 5 -6.46
1 0 2 6.48
0 4 2 -6.9
1 0 5 5.47
0 3 1 -5.02
1 4 6 5.95
0 2 1 -4.77
1 5 5 5.05
0 5 7 -5.77
1 3 7 3.66
0 5 6 -4.54
1 5 3 4.78
0 0 3 -4.45
1 0 4 3.92
0 6 2 -4.56
1 6 5 5.51
0 7 5 -6.47
1 6 4 6.6
0 1 2 -5.9
1 4 1 5.85
0 5 1 -6.06
1 0 1 4.68
0 1 7 -3.57
1 3 0 3.11
0 4 7 -2.74
1 2 7 2.77
0 1 6 -2.96
1 4 0 2.96
0 6 3 -3.13
1 1 1 2.59
0 2 0 -64
1 5 0 64
0 6 6 -4.0
1 7 4 4.0
0 7 3 -4.0
1 7 2 4.0
0 6 1 -4.0
1 6 7 4.0
0 6 0 -4.0
1 0 7 4.0
0 0 6 -4.0
1 7 0 4.0
0 7 1 -4.0
1 1 0 4.0
0 0 0 -4.0
1 7 6 4.0
0 7 7 -4.0
