1 4 2 14.0
0 5 4 -14.0
1 2 5 14.0
0 2 4 -14.0
1 3 5 14.0
0 3 2 -14.0
1 2 3 14.0
0 2 2 -14.0
1 5 3 14.0
0 5 5 1.64
1 4 5 -4.01
0 1 4 -2.55
1 3 1 0.28
0 4 0 -6.63
1 0 3 -0.55
0 2 6 -5.79
1 3 6 2.01
0 0 5 -7.48
1 2 0 -0.07
0 6 2 -7.03
1 1 5 -2.65
0 0 4 3.22
1 0 6 -0.22
0 4 7 -8.28
1 3 7 -2.81
0 5 2 -5.48
1 2 1 -5.75
0 5 6 -4.98
1 5 7 8.43
0 3 0 -13.24
1 5 0 10.31
0 1 3 -5.75
1 0 2 4.48
0 1 2 -13.52
1 4 1 5.63
0 1 0 -15.81
1 0 0 5.98
0 4 6 -8.73
1 6 5 -1.31
0 6 4 -5.12
1 7 2 -3.38
0 2 7 -7.98
1 1 6 1.44
0 5 1 -64
1 6 1 64
0 7 1 -14.0
1 7 4 14.0
0 6 0 -14.0
1 7 0 14.0
0 6 7 -14.0
1 6 3 14.0
0 7 3 -14.0
1 0 1 14.0
0 1 1 -14.0
1 7 5 14.0
0 6 6 -14.0
1 7 7 14.0
0 7 6 -14.0
1 1 7 14.0
0 0 7 -14.0
