1 5 3 2.0
0 3 2 -2.0
1 2 5 2.0
0 3 5 -2.0
1 2 4 2.0
0 5 4 -2.0
1 5 2 2.0
0 6 3 -2.0
1 4 2 2.0
0 3 1 -2.0
1 4 5 2.0
0 2 3 -2.0
1 5 5 2.0
0 4 1 -2.0
1 7 3 2.0
0 4 6 -2.0
1 2 2 -1.53
0 3 6 -2.0
1 2 6 2.0
0 1 5 1.05
1 5 1 -1.05
0 1 4 1.05
1 1 3 -0.3
0 0 2 1.12
1 5 0 -8.85
0 4 0 -4.48
1 0 3 -2.74
0 3 7 -8.27
1 5 6 -2.13
0 2 1 -9.95
1 0 4 1.01
0 6 5 -11.59
1 6 4 -0.1
0 4 7 -9.81
1 0 6 6.46
0 0 5 -11.97
1 0 1 1.3
0 1 2 -8.56
1 2 7 -2.7
0 6 0 -3.4
1 7 6 -2.09
0 6 2 -10.17
1 2 0 0.11
0 1 7 -64
1 3 0 64
0 1 0 -2.0
1 7 2 2.0
0 6 1 -2.0
1 7 0 2.0
0 7 5 -2.0
1 0 0 2.0
0 1 1 -2.0
1 6 7 2.0
0 7 1 -2.0
1 6 6 2.0
0 7 4 -2.0
1 1 6 2.0
0 0 7 -2.0
1 5 7 2.0
0 7 7 -2.0
