1 5 3 -24.0
0 5 2 24.0
1 4 2 -24.0
0 5 4 24.0
1 6 1 -23.95
0 3 2 22.02
1 2 5 -34.59
0 4 1 28.2
1 3 1 -35.05
0 6 3 25.52
1 5 0 -34.95
0 2 4 21.09
1 2 3 -26.73
0 2 0 18.49
1 3 5 -31.29
0 2 2 24.34
1 7 3 -39.09
0 6 2 28.87
1 2 1 -35.8
0 7 2 30.27
1 7 4 -38.64
0 1 3 23.06
1 6 5 -36.95
0 5 1 23.94
1 6 4 -30.33
0 4 5 24.91
1 6 0 -27.77
0 1 0 12.28
1 1 4 -21.55
0 3 6 16.27
1 0 2 -27.16
0 1 2 18.02
1 4 7 -26.81
0 7 5 24.23
1 5 5 -36.25
0 4 6 30.14
1 5 7 -27.29
0 5 6 34.23
1 1 1 -35.63
0 2 7 22.7
1 2 6 -33.75
0 0 3 25.75
1 0 4 -28.69
0 1 7 64
1 6 7 -64
0 0 0 24.0
1 7 1 -24.0
0 4 0 24.0
1 6 6 -24.0
0 7 7 24.0
1 7 6 -24.0
0 3 7 24.0
1 0 1 -24.0
0 1 5 24.0
1 3 0 -24.0
0 0 5 24.0
1 0 6 -24.0
0 7 0 24.0
1 1 6 -24.0
0 0 7 24.0
