1 5 3 -14.0
0 5 2 14.0
1 4 2 -14.0
0 3 2 14.0
1 2 5 -14.0
0 6 4 14.0
1 2 3 -14.0
0 5 4 14.0
1 6 3 -14.0
0 4 5 1.91
1 3 5 -0.59
0 7 2 -3.9
1 4 6 -7.63
0 2 4 -0.84
1 5 5 -5.77
0 2 2 -1.71
1 1 2 -9.09
0 1 4 -0.66
1 5 1 -7.04
0 4 1 7.32
1 0 3 -10.22
0 3 6 -0.16
1 7 5 -5.83
0 6 2 3.67
1 1 5 -8.74
0 0 2 6.28
1 4 0 -17.41
0 1 3 7.6
1 0 1 -14.62
0 2 6 5.87
1 2 1 -10.61
0 0 4 2.78
1 1 1 -12.83
0 0 0 5.65
1 6 5 -13.09
0 7 4 3.52
1 5 6 -11.14
0 2 0 3.44
1 3 7 -3.6
0 3 1 0.84
1 7 3 -6.99
0 5 0 -1.95
1 2 7 -10.05
0 7 6 64
1 6 1 -64
0 3 0 14.0
1 1 6 -14.0
0 0 5 14.0
1 0 6 -14.0
0 7 0 14.0
1 6 0 -14.0
0 7 1 14.0
1 1 0 -14.0
0 4 7 14.0
1 5 7 -14.0
0 0 7 14.0
1 1 7 -14.0
0 6 7 14.0
1 6 6 -14.0
0 7 7 14.0
