1 4 2 -20.0
0 5 4 20.0
1 2 5 -20.0
0 4 1 20.0
1 5 2 -20.0
0 2 4 1.23
1 3 2 -5.94
0 2 3 -1.55
1 2 2 -3.62
0 3 1 -2.59
1 2 1 -5.98
0 5 3 1.52
1 5 0 -9.63
0 4 0 3.79
1 3 0 -5.09
0 2 0 -6.94
1 1 0 -5.71
0 1 5 -3.4
1 3 5 -3.98
0 3 6 -3.57
1 4 5 -8.02
0 4 6 4.43
1 0 5 -14.1
0 2 6 2.85
1 1 4 -8.37
0 0 3 4.84
1 0 4 -9.9
0 0 6 0.16
1 5 5 -8.4
0 6 1 2.43
1 6 2 -7.85
0 7 1 -4.66
1 3 7 -1.8
0 6 4 -1.71
1 7 3 -3.56
0 7 4 -0.05
1 7 5 -7.65
0 6 3 -4.98
1 6 5 -8.8
0 1 3 0.33
1 0 2 -4.01
0 0 1 4.44
1 1 2 -2.7
0 5 1 64
1 1 7 -64
0 2 7 20.0
1 5 6 -20.0
0 0 7 20.0
1 1 6 -20.0
0 4 7 20.0
1 5 7 -20.0
0 6 7 20.0
1 7 0 -20.0
0 6 0 20.0
1 7 2 -20.0
0 7 6 20.0
1 7 7 -20.0
0 6 6 20.0
0 0 0 20.0
0 1 1 20.0
