1 2 4 -6.0
0 4 5 6.0
1 5 2 -6.0
0 4 2 6.0
1 5 3 -6.0
0 2 3 6.0
1 3 5 -6.0
0 6 2 6.0
1 5 1 -6.0
0 3 2 6.0
1 4 1 -6.0
0 6 3 6.0
1 5 4 -6.0
0 5 5 5.06
1 2 1 -4.46
0 2 6 -0.27
1 4 6 -9.84
0 1 5 4.12
1 2 2 -8.95
0 6 4 -4.59
1 6 5 -7.01
0 5 6 5.66
1 4 7 -13.45
0 2 5 10.01
1 3 6 -16.72
0 7 5 9.38
1 6 6 -19.07
0 3 7 8.84
1 7 1 -17.66
0 3 0 11.45
1 7 4 -17.33
0 7 3 15.17
1 6 1 -21.96
0 7 7 10.48
1 3 1 -19.79
0 1 2 13.07
1 7 6 -19.41
0 6 7 15.72
1 0 2 -13.71
0 5 7 14.1
1 2 0 -25.05
0 1 1 13.04
1 1 3 -20.76
0 1 0 64
1 7 2 -64
0 7 0 6.0
1 6 0 -6.0
0 0 1 6.0
1 0 0 -6.0
0 5 0 6.0
1 4 0 -6.0
0 0 3 6.0
1 0 4 -6.0
0 1 4 6.0
1 0 5 -6.0
1 0 6 -6.0
0 1 6 6.0
1 1 7 -6.0
0 2 7 6.0
0 0 7 6.0
