1 4 2 6.0
0 5 4 -6.0
1 2 5 6.0
0 4 1 -6.0
1 5 2 6.0
0 2 4 -0.94
1 2 3 1.56
0 3 2 -6.08
1 5 3 -0.84
0 6 4 -2.51
1 2 2 0.88
0 5 1 -12.44
1 6 3 4.12
0 7 2 -10.09
1 7 3 -1.01
0 7 4 -10.23
1 4 0 -4.42
0 1 3 -8.03
1 1 4 1.2
0 2 1 -2.98
1 0 4 -5.62
0 5 0 4.99
1 2 0 -10.61
0 3 0 7.26
1 6 0 -13.34
0 3 1 15.86
1 3 5 -10.57
0 1 5 0.35
1 4 5 -11.63
0 0 3 3.02
1 6 1 -12.74
0 2 6 3.67
1 5 5 -8.55
0 4 6 -0.96
1 0 2 -9.95
0 7 0 -3.13
1 0 5 -5.51
0 6 2 -3.06
1 2 7 -6.18
0 1 0 -5.48
1 5 6 -5.89
0 3 6 -4.73
1 1 1 -5.13
0 6 7 -64
1 1 2 64
0 0 0 -6.0
1 0 1 6.0
0 0 6 -6.0
1 6 5 6.0
0 3 7 -6.0
1 5 7 6.0
0 7 5 -6.0
1 7 7 6.0
0 4 7 -6.0
1 1 7 6.0
0 1 6 -6.0
1 0 7 6.0
1 6 6 6.0
0 7 6 -6.0
1 7 1 6.0
