1 5 3 -12.0
0 3 2 12.0
1 2 5 -12.0
0 3 5 12.0
1 2 4 -12.0
0 5 4 12.0
1 2 3 -12.0
0 1 4 12.0
1 2 2 -12.0
0 4 2 12.0
1 0 5 -12.0
0 1 5 12.0
1 3 6 -12.0
0 2 6 12.0
1 2 7 -0.06
0 1 3 0.06
1 4 5 4.82
0 5 6 -7.94
1 5 5 -0.66
0 4 7 -13.2
1 4 6 7.52
0 6 5 -15.31
1 0 2 2.45
0 5 2 -11.91
1 6 3 3.84
0 3 7 -12.66
1 1 2 4.46
0 1 7 -9.02
1 0 4 3.02
0 2 1 -6.63
1 3 1 1.09
0 7 3 -9.45
1 2 0 -0.52
0 4 1 -5.34
1 7 2 -0.69
0 6 4 -6.98
1 6 2 -1.16
0 7 4 0.54
1 4 0 -12.3
0 0 3 4.72
1 7 6 -19.23
0 7 5 16.84
1 6 6 -22.88
0 7 7 64
1 5 1 -64
0 5 7 12.0
1 6 7 -12.0
0 1 1 12.0
1 0 7 -12.0
0 0 1 12.0
1 0 6 -12.0
0 1 6 12.0
1 0 0 -12.0
0 7 1 12.0
1 6 1 -12.0
0 1 0 12.0
1 3 0 -12.0
0 7 0 12.0
1 6 0 -12.0
0 5 0 12.0
