1 2 4 50.0
0 4 5 -50.0
1 5 2 50.0
0 2 3 -50.0
1 2 5 50.0
0 1 4 -4.15
1 3 5 50.0
0 3 6 -4.2
1 5 4 7.16
0 3 2 -6.35
1 4 6 -3.91
0 5 5 -4.59
1 2 6 -3.84
0 4 2 -8.41
1 5 3 -0.25
0 6 4 -7.45
1 6 5 6.75
0 4 7 -16.27
1 6 3 0.33
0 1 7 -8.35
1 3 1 -2.16
0 5 6 -6.83
1 2 7 0.59
0 3 7 -1.12
1 2 2 -4.09
0 2 1 -1.45
1 1 3 6.05
0 6 2 -15.91
1 0 5 5.63
0 0 4 -19.56
1 0 3 14.27
0 0 2 -22.07
1 6 6 10.38
0 0 6 -21.15
1 5 7 11.84
0 2 0 -17.79
1 0 7 21.09
0 7 4 -36.56
1 1 6 31.25
0 7 7 -44.33
1 1 5 44.25
0 7 5 -47.01
1 1 2 59.05
0 1 1 -64
1 7 3 64
0 7 2 -50.0
1 0 1 50.0
1 0 0 50.0
1 1 0 50.0
1 3 0 50.0
1 4 1 50.0
1 7 6 50.0
0 6 7 -50.0
1 5 1 50.0
0 4 0 -50.0
1 6 1 50.0
0 5 0 -50.0
1 6 0 50.0
1 7 0 50.0
1 7 1 50.0
