1 5 3 -14.0
0 3 2 14.0
1 2 3 -14.0
0 5 4 14.0
1 4 5 -14.0
0 2 2 14.0
1 3 5 -14.0
0 5 2 14.0
1 4 2 -14.0
0 3 1 14.0
1 6 4 -14.0
0 2 4 14.0
1 6 3 -14.0
0 2 5 14.0
1 5 1 -14.0
0 3 6 14.0
1 4 1 -14.0
0 5 6 14.0
1 2 0 -14.0
0 5 5 14.0
1 2 1 -14.0
0 6 2 2.81
1 7 3 1.52
0 7 1 -1.4
1 1 5 -7.91
0 7 5 -0.88
1 1 4 -0.9
0 1 2 -4.66
1 1 3 -4.21
0 5 0 -10.5
1 0 3 3.38
0 4 0 -4.81
1 3 0 -1.2
0 6 5 -3.26
1 7 2 2.03
0 7 4 -0.13
1 4 7 -15.05
0 3 7 0.66
1 2 7 -15.41
0 4 6 3.73
1 2 6 -13.27
0 1 0 8.48
1 1 1 -22.66
0 0 0 64
1 0 1 -64
0 0 2 14.0
1 0 4 -14.0
0 6 1 14.0
1 7 0 -14.0
0 6 0 14.0
1 7 6 -14.0
0 0 5 14.0
1 5 7 -14.0
0 6 6 14.0
1 0 6 -14.0
0 0 7 14.0
1 1 6 -14.0
0 1 7 14.0
1 7 7 -14.0
0 6 7 14.0
