1 4 2 2.0
0 5 2 -2.0
1 5 3 2.0
0 5 4 -2.0
1 2 5 2.0
0 3 2 -2.0
1 5 5 2.0
0 2 4 -2.0
1 2 3 2.0
0 1 4 -2.0
1 2 2 2.0
0 1 3 1.0
1 0 3 -1.0
0 0 5 -2.0
1 0 2 2.0
0 1 2 -2.0
1 6 3 2.0
0 4 5 -2.0
1 1 5 -8.54
0 6 2 -0.42
1 3 5 -5.98
0 0 6 -5.69
1 3 1 -7.35
0 7 2 -3.45
1 6 4 -0.3
0 7 4 -10.95
1 7 5 0.64
0 5 1 -5.66
1 2 1 3.8
0 5 6 -7.1
1 6 5 -1.69
0 1 6 -11.64
1 5 7 -2.07
0 2 6 -8.63
1 3 6 3.01
0 4 7 -15.03
1 3 7 4.34
0 0 4 -8.34
1 7 3 5.93
0 7 6 -14.52
1 4 1 1.7
0 6 6 -11.49
1 6 0 2.95
0 3 0 -64
1 4 6 64
0 2 7 -2.0
1 7 7 2.0
0 0 1 -2.0
1 4 0 2.0
0 6 7 -2.0
1 0 7 2.0
0 1 7 -2.0
1 7 1 2.0
0 5 0 -2.0
1 0 0 2.0
0 7 0 -2.0
1 6 1 2.0
0 1 0 -2.0
1 2 0 2.0
0 1 1 -2.0
