1 2 4 -30.0
0 2 5 30.0
1 3 5 -30.0
0 4 5 30.0
1 5 4 -30.0
0 3 2 30.0
1 2 2 -30.0
0 2 3 30.0
1 4 6 0.01
0 5 5 -3.62
1 5 6 0.46
0 6 3 3.63
1 2 6 -13.88
0 6 5 6.52
1 7 4 -14.01
0 3 7 10.83
1 4 2 -13.12
0 7 5 14.87
1 3 6 -21.85
0 4 1 10.61
1 6 4 -21.01
0 5 3 7.55
1 7 2 -14.91
0 7 3 12.29
1 5 1 -25.99
0 2 1 12.66
1 5 2 -18.78
0 1 3 7.36
1 4 0 -18.88
0 1 2 8.09
1 6 2 -15.51
0 1 4 12.37
1 3 1 -8.7
0 7 1 8.1
1 1 5 -14.6
0 5 0 11.19
1 0 1 -10.2
0 0 2 8.47
1 0 3 -18.98
0 5 7 10.66
1 6 6 -20.14
0 3 0 14.89
1 1 1 -28.66
0 4 7 64
1 6 0 -64
0 7 0 30.0
1 6 1 -30.0
0 6 7 30.0
1 7 7 -30.0
0 7 6 30.0
1 2 7 -30.0
0 0 0 30.0
1 1 0 -30.0
0 2 0 30.0
0 1 6 30.0
1 0 6 -30.0
0 0 4 30.0
1 0 5 -30.0
0 0 7 30.0
1 1 7 -30.0
