1 5 3 2.0
0 3 2 -2.0
1 2 4 2.0
0 3 5 -2.0
1 2 5 2.0
0 5 4 -2.0
1 2 3 2.0
0 1 5 -2.0
1 2 6 2.0
0 4 2 -2.0
1 2 2 2.0
0 1 4 -2.0
1 1 3 2.0
0 3 6 -2.0
1 5 1 2.0
0 2 1 -2.0
1 5 5 0.5
0 3 7 -0.5
1 1 2 3.39
0 5 2 -1.34
1 4 5 -0.02
0 6 4 -10.05
1 6 2 1.76
0 6 5 -6.09
1 4 6 1.13
0 4 1 -13.27
1 4 0 3.5
0 0 2 -8.24
1 6 3 11.72
0 3 1 -11.85
1 5 6 6.84
0 0 3 -17.97
1 7 5 3.49
0 5 0 -13.38
1 6 0 8.25
0 7 4 -13.51
1 2 7 2.74
0 1 7 -3.53
1 1 6 -9.29
0 0 7 5.48
1 1 0 -14.73
0 7 2 3.3
1 0 5 -11.18
0 2 0 -64
1 3 0 64
0 6 1 -2.0
1 0 6 2.0
0 0 4 -2.0
1 7 0 2.0
0 7 1 -2.0
1 1 1 2.0
0 7 6 -2.0
1 7 3 2.0
0 6 7 -2.0
1 7 7 2.0
0 6 6 -2.0
1 5 7 2.0
0 4 7 -2.0
0 0 1 -2.0
1 0 0 2.0
