1 2 4 36.0
0 2 5 -36.0
1 3 5 36.0
0 2 3 -36.0
1 1 4 36.0
0 3 6 -36.0
1 4 6 36.0
0 4 5 -36.0
1 5 4 -0.9
0 1 3 2.02
1 3 7 4.17
0 2 7 -6.36
1 1 7 2.83
0 5 5 -6.7
1 4 7 -1.89
0 5 3 -8.2
1 5 6 -1.17
0 0 4 -7.82
1 0 2 -2.89
0 1 2 -8.34
1 6 5 -3.63
0 6 7 -10.12
1 6 3 -3.54
0 1 5 -9.43
1 4 2 1.69
0 6 4 -5.0
1 5 2 -4.35
0 7 4 -3.82
1 2 2 -2.56
0 6 2 -2.83
1 0 6 -8.43
0 5 1 6.32
1 7 2 -10.63
0 4 1 7.31
1 5 0 -14.55
0 3 2 5.74
1 4 0 -17.69
0 3 1 9.22
1 7 5 -15.6
0 2 6 4.0
1 7 3 -3.1
0 6 0 -9.71
1 7 0 4.45
0 7 1 -64
1 6 1 64
0 6 6 -36.0
1 2 1 36.0
0 0 1 -36.0
1 0 0 36.0
0 1 1 -36.0
1 3 0 36.0
0 7 6 -36.0
1 7 7 36.0
0 1 0 -36.0
1 2 0 36.0
0 1 6 -36.0
1 5 7 36.0
1 0 7 36.0
1 0 3 36.0
0 0 5 -36.0
