1 5 3 -18.0
0 5 2 18.0
1 4 2 -18.0
0 5 4 18.0
1 6 3 -18.0
0 4 1 18.0
1 5 1 -18.0
0 7 3 18.0
1 6 4 -18.0
0 6 2 18.0
1 4 5 -18.0
0 5 5 18.0
1 6 5 -18.0
0 3 2 2.51
1 2 1 -5.77
0 3 5 -1.75
1 3 1 -10.14
0 5 0 1.32
1 7 5 -8.62
0 7 4 5.23
1 2 6 -14.66
0 3 6 -0.46
1 2 5 -12.97
0 2 2 2.97
1 7 2 -8.69
0 1 4 -3.34
1 2 4 0.84
0 4 6 -2.93
1 7 1 -5.79
0 1 3 -7.34
1 2 3 -5.57
0 1 5 -3.42
1 2 7 -9.84
0 4 7 3.23
1 5 6 -10.43
0 3 0 4.43
1 4 0 -10.7
0 1 2 3.46
1 1 1 -9.72
0 2 0 7.13
1 6 1 -8.39
0 7 0 16.78
1 6 0 -13.86
0 0 1 64
1 0 5 -64
0 0 4 18.0
1 0 3 -18.0
0 0 2 18.0
1 0 0 -18.0
0 1 0 18.0
0 7 6 18.0
1 6 6 -18.0
0 6 7 18.0
1 5 7 -18.0
0 7 7 18.0
1 3 7 -18.0
0 1 7 18.0
1 1 6 -18.0
0 0 6 18.0
1 0 7 -18.0
