1 4 2 2.0
0 5 2 -2.0
1 5 3 2.0
0 3 2 -2.0
1 4 1 2.0
0 6 3 -2.0
1 2 3 2.0
0 2 2 -2.0
1 2 4 2.0
0 1 3 -2.0
1 3 1 5.36
0 2 1 -4.98
1 1 4 5.3
0 2 5 -15.52
1 5 1 4.52
0 5 4 -15.16
1 6 2 8.05
0 0 5 -18.71
1 1 2 9.95
0 2 0 -15.86
1 7 4 12.34
0 0 2 -17.31
1 0 3 6.7
0 0 4 -3.92
1 3 0 10.7
0 4 0 -9.91
1 3 5 -3.48
0 5 0 -6.52
1 4 5 -6.94
0 7 2 -6.16
1 1 1 -7.3
0 7 3 -4.99
1 7 1 -4.96
0 6 4 -3.5
1 6 5 -3.43
0 7 6 -7.3
1 0 1 -3.87
0 2 6 -3.18
1 5 6 -2.73
0 3 6 -0.3
1 1 5 0.59
0 6 7 -4.57
1 0 6 -1.23
0 0 0 -64
1 4 6 64
0 0 7 -2.0
1 5 5 2.0
0 5 7 -2.0
1 1 0 2.0
0 1 6 -2.0
1 3 7 2.0
0 7 5 -2.0
1 7 7 2.0
0 6 1 -2.0
1 4 7 2.0
0 6 6 -2.0
1 6 0 2.0
0 7 0 -2.0
1 1 7 2.0
0 2 7 -2.0
