1 2 4 18.0
0 4 5 -18.0
1 5 2 18.0
0 4 2 -18.0
1 5 3 18.0
0 2 3 -18.0
1 5 4 18.0
0 6 3 -18.0
1 6 4 18.0
0 5 5 -18.0
1 2 2 18.0
0 3 5 -18.0
1 3 2 18.0
0 1 5 -18.0
1 2 5 18.0
0 1 4 -18.0
1 4 6 18.0
0 1 2 -18.0
1 6 5 18.0
0 3 6 -18.0
1 7 4 -9.09
0 7 2 -0.71
1 3 7 -5.86
0 5 6 0.59
1 5 7 -10.58
0 4 7 1.26
1 2 7 -10.6
0 7 3 8.16
1 0 3 -15.86
0 0 4 2.79
1 7 1 -7.45
0 7 5 -0.8
1 7 6 -5.72
0 0 2 -1.83
1 6 2 -3.4
0 2 6 -3.36
1 0 5 -11.62
0 3 1 8.09
1 3 0 -12.37
0 1 1 -0.02
1 2 1 -5.91
0 2 0 -3.3
1 1 3 1.23
0 4 0 -64
1 0 1 64
0 4 1 -18.0
1 0 0 18.0
0 1 0 -18.0
1 5 1 18.0
0 6 6 -18.0
1 5 0 18.0
0 6 1 -18.0
1 7 7 18.0
0 6 7 -18.0
1 1 7 18.0
0 0 7 -18.0
1 7 0 18.0
0 6 0 -18.0
0 0 6 -18.0
1 1 6 18.0
