1 4 2 -16.0
0 5 4 16.0
1 2 5 -16.0
0 2 4 16.0
1 3 5 -16.0
0 3 2 16.0
1 5 2 -16.0
0 2 2 16.0
1 5 3 -16.0
0 6 3 16.0
1 6 2 -16.0
0 4 5 16.0
1 5 6 -16.0
0 5 1 16.0
1 2 3 -16.0
0 1 3 16.0
1 4 1 -16.0
0 5 5 16.0
1 7 4 0.76
0 4 0 0.52
1 6 4 -4.62
0 5 7 -5.88
1 3 1 -9.97
0 7 2 -3.14
1 4 6 -8.26
0 7 3 4.09
1 3 0 -12.1
0 6 5 5.84
1 0 3 -17.69
0 2 0 8.77
1 7 1 -10.62
0 5 0 14.33
1 7 5 -19.45
0 6 6 9.03
1 4 7 -15.57
0 0 4 16.41
1 0 5 -15.1
0 3 7 4.65
1 0 2 -4.01
0 2 6 -3.64
1 7 6 -8.35
0 3 6 3.01
1 2 1 -7.52
0 7 7 64
1 6 7 -64
0 7 0 16.0
1 1 5 -16.0
0 1 4 16.0
1 1 2 -16.0
0 1 0 16.0
1 6 0 -16.0
0 6 1 16.0
1 0 0 -16.0
0 1 6 16.0
1 0 7 -16.0
0 0 6 16.0
1 1 7 -16.0
0 2 7 16.0
1 1 1 -16.0
0 0 1 16.0
