1 5 3 26.0
0 5 2 -26.0
1 4 2 26.0
0 5 4 -26.0
1 4 5 26.0
0 2 3 -26.0
1 2 4 26.0
0 4 6 -26.0
1 6 2 4.43
0 2 2 -6.49
1 3 2 -1.94
0 3 1 -7.39
1 2 1 -4.24
0 2 5 -6.52
1 4 0 0.59
0 3 0 -11.49
1 5 1 2.31
0 5 0 -9.25
1 4 1 16.34
0 1 5 -12.18
1 6 3 4.87
0 7 3 -17.29
1 7 2 7.7
0 7 4 -10.97
1 3 5 3.7
0 1 4 -16.3
1 7 5 15.09
0 1 3 -23.74
1 2 0 21.61
0 1 1 -32.37
1 5 5 30.98
0 6 4 -30.37
1 6 0 33.2
0 5 6 -36.97
1 1 0 26.95
0 3 6 -33.05
1 4 7 24.39
0 3 7 -29.33
1 6 7 20.38
0 5 7 -23.85
1 2 7 17.73
0 2 6 -19.19
1 1 7 16.03
0 6 1 -64
1 0 0 64
0 1 2 -26.0
1 0 1 26.0
0 0 2 -26.0
1 0 3 26.0
0 0 4 -26.0
1 0 5 26.0
0 0 6 -26.0
1 6 6 26.0
0 1 6 -26.0
1 6 5 26.0
0 7 0 -26.0
1 7 1 26.0
0 7 7 -26.0
1 0 7 26.0
0 7 6 -26.0
