1 4 2 24.0
0 5 2 -24.0
1 5 3 24.0
0 5 4 -24.0
1 6 3 24.0
0 3 2 -24.0
1 4 1 24.0
0 6 4 -24.0
1 5 5 24.0
0 7 3 -24.0
1 4 5 24.0
0 3 5 -24.0
1 7 5 1.81
0 7 4 -1.81
1 7 2 5.58
0 6 2 -11.26
1 5 1 0.63
0 3 6 -8.0
1 4 6 1.66
0 6 5 -8.35
1 3 1 4.84
0 5 7 -11.42
1 2 3 1.64
0 4 0 -7.59
1 2 4 0.58
0 2 0 -7.33
1 3 0 -0.77
0 2 5 -5.07
1 5 6 0.08
0 5 0 -10.93
1 2 6 -3.02
0 2 1 -7.25
1 2 2 4.5
0 1 5 -8.51
1 1 4 1.47
0 2 7 -12.09
1 1 2 2.09
0 0 4 -11.95
1 3 7 6.48
0 0 1 -10.13
1 4 7 5.05
0 1 3 -12.43
1 1 1 6.48
0 0 2 -64
1 1 6 64
0 1 0 -24.0
1 0 6 24.0
0 0 7 -24.0
1 1 7 24.0
0 0 5 -24.0
1 0 3 24.0
0 6 1 -24.0
1 0 0 24.0
0 6 7 -24.0
1 7 7 24.0
0 7 6 -24.0
1 7 1 24.0
0 7 0 -24.0
1 6 0 24.0
1 6 6 24.0
