1 2 4 -4.0
0 4 5 4.0
1 5 3 -4.0
0 1 4 4.0
1 5 5 -4.0
0 6 5 4.0
1 2 5 4.26
0 2 6 -5.11
1 0 4 4.17
0 2 3 -6.44
1 3 6 -1.64
0 2 2 -8.19
1 2 7 -5.33
0 4 2 1.47
1 5 2 -10.52
0 3 5 7.25
1 4 1 -16.27
0 1 5 9.19
1 2 1 -8.57
0 1 2 12.68
1 3 2 -6.57
0 1 3 11.45
1 5 6 -10.95
0 6 2 1.27
1 6 3 -11.16
0 5 4 5.27
1 6 4 -18.98
0 7 4 4.37
1 5 1 -18.16
0 7 3 8.16
1 0 5 -18.41
0 5 7 11.8
1 7 2 -18.94
0 3 7 12.13
1 3 1 -14.63
0 7 1 6.37
1 4 7 -11.84
0 0 3 6.63
1 0 2 -15.31
0 4 6 12.58
1 7 5 -16.41
0 6 1 7.45
1 7 0 -10.54
0 1 7 64
1 1 6 -64
0 6 6 4.0
1 7 7 -4.0
0 1 0 4.0
1 2 0 -4.0
0 0 7 4.0
1 0 6 -4.0
0 6 0 4.0
1 0 0 -4.0
0 4 0 4.0
1 1 1 -4.0
0 0 1 4.0
1 5 0 -4.0
0 3 0 4.0
1 7 6 -4.0
0 6 7 4.0
