1 4 2 -20.0
0 5 4 20.0
1 5 5 -20.0
0 3 2 20.0
1 5 3 -20.0
0 5 2 0.78
1 2 3 -10.05
0 2 4 -1.72
1 4 5 -6.37
0 3 5 -0.97
1 2 5 -11.38
0 6 3 1.6
1 7 2 -9.22
0 6 5 -2.45
1 7 5 -6.94
0 4 6 -1.21
1 2 2 -12.2
0 6 4 5.05
1 5 1 -13.39
0 7 3 -1.16
1 7 4 -10.58
0 4 1 -3.17
1 3 6 -2.46
0 1 2 1.32
1 3 0 -12.08
0 4 0 6.67
1 5 0 -10.09
0 5 6 1.25
1 6 2 -8.98
0 1 4 0.38
1 3 7 -9.56
0 5 7 4.56
1 2 1 -16.98
0 1 5 4.68
1 2 6 -16.26
0 3 1 14.19
1 4 7 -23.48
0 2 7 14.13
1 0 2 -28.0
0 1 3 14.11
1 2 0 -27.34
0 6 1 15.62
1 0 3 -22.16
0 0 4 64
1 1 1 -64
0 6 0 20.0
1 7 0 -20.0
0 1 7 20.0
1 0 6 -20.0
0 0 5 20.0
1 1 6 -20.0
0 0 7 20.0
0 1 0 20.0
1 0 0 -20.0
0 0 1 20.0
0 6 7 20.0
1 6 6 -20.0
0 7 7 20.0
1 7 6 -20.0
0 7 1 20.0
