1 4 2 18.0
0 5 2 -18.0
1 5 3 18.0
0 5 4 -18.0
1 3 5 18.0
0 4 1 -18.0
1 5 5 18.0
0 4 5 -1.5
1 6 4 -8.86
0 6 3 -2.55
1 5 1 -5.88
0 2 5 -2.77
1 3 2 -2.66
0 6 2 -2.69
1 4 0 -10.12
0 7 5 -4.3
1 4 6 -8.31
0 2 2 -0.77
1 3 1 -7.7
0 3 6 -0.88
1 7 2 -10.34
0 2 1 -1.67
1 1 3 -7.84
0 1 2 -2.46
1 2 3 3.3
0 2 0 -10.41
1 5 6 -2.05
0 3 0 -4.81
1 5 0 -0.94
0 0 3 -6.46
1 2 4 6.1
0 1 4 -15.41
1 2 6 7.87
0 6 6 -22.33
1 1 5 13.53
0 4 7 -22.63
1 7 3 14.51
0 7 4 -15.05
1 7 7 12.33
0 7 1 -15.67
1 6 5 8.3
0 6 0 -12.95
1 0 4 7.57
0 2 7 -64
1 3 7 64
0 6 7 -18.0
1 1 6 18.0
0 0 7 -18.0
1 1 7 18.0
0 5 7 -18.0
1 7 6 18.0
0 6 1 -18.0
1 7 0 18.0
0 0 6 -18.0
1 0 5 18.0
1 1 0 18.0
0 1 1 -18.0
1 0 0 18.0
0 0 1 -18.0
1 0 2 18.0
