1 5 3 12.0
0 3 2 -12.0
1 2 3 12.0
0 5 4 -12.0
1 4 5 12.0
0 2 2 -12.0
1 3 5 12.0
0 5 2 -12.0
1 4 2 12.0
0 3 1 -12.0
1 4 1 12.0
0 2 1 -12.0
1 2 4 12.0
0 5 5 -12.0
1 3 0 12.0
0 2 0 -12.0
1 5 1 12.0
0 5 0 -12.0
1 1 0 12.0
0 4 6 5.67
1 1 2 -3.88
0 0 2 -2.51
1 5 6 -3.37
0 2 6 -7.84
1 2 5 6.63
0 1 5 -17.82
1 1 4 4.0
0 5 7 -19.23
1 2 7 9.26
0 0 5 -16.36
1 3 6 6.39
0 4 7 -19.3
1 0 4 13.21
0 1 3 -15.35
1 0 6 16.71
0 1 1 -6.11
1 6 5 2.88
0 6 6 -12.98
1 6 0 3.55
0 4 0 -14.91
1 0 0 1.88
0 7 0 -13.16
1 7 7 0.2
0 6 4 -64
1 6 2 64
0 6 3 -12.0
1 7 3 12.0
0 0 1 -12.0
1 0 3 12.0
0 7 5 -12.0
1 6 7 12.0
0 1 6 -12.0
1 1 7 12.0
0 0 7 -12.0
1 3 7 12.0
0 7 2 -12.0
1 7 4 12.0
0 7 6 -12.0
1 7 1 12.0
0 6 1 -12.0
