1 5 3 12.0
0 5 2 -12.0
1 4 2 12.0
0 3 2 -12.0
1 4 1 12.0
0 6 3 -12.0
1 6 2 12.0
0 4 5 -2.65
1 2 2 12.0
0 3 1 1.63
1 2 1 -1.63
0 4 0 -4.09
1 5 4 0.05
0 1 2 -11.42
1 6 4 0.96
0 7 3 -13.66
1 2 3 8.56
0 5 5 -13.7
1 7 5 3.93
0 7 2 -10.27
1 5 0 8.95
0 2 0 -15.66
1 7 4 6.13
0 7 6 -9.18
1 2 5 1.46
0 3 5 -5.42
1 2 4 2.17
0 5 1 -7.52
1 6 5 1.48
0 1 3 -12.81
1 1 4 5.46
0 3 6 -12.84
1 6 0 7.19
0 4 6 -12.39
1 3 0 12.66
0 7 0 -11.18
1 0 4 -0.17
0 1 0 -8.84
1 0 1 -1.69
0 5 6 -11.52
1 2 6 -1.22
0 1 5 -9.72
1 3 7 2.21
0 1 7 -64
1 2 7 64
0 4 7 -12.0
1 5 7 12.0
0 6 7 -12.0
1 7 1 12.0
0 6 1 -12.0
1 7 7 12.0
0 1 6 -12.0
1 0 7 12.0
0 1 1 -12.0
1 0 2 12.0
0 0 3 -12.0
1 0 0 12.0
0 0 5 -12.0
1 0 6 12.0
1 6 6 12.0
