1 5 3 0.0
0 5 2 0.0
1 4 2 0.0
0 5 4 0.0
1 6 3 0.0
0 6 2 0.0
1 6 4 0.0
0 4 1 0.0
1 5 5 0.0
0 3 2 0.0
1 5 1 0.0
0 7 5 -3.63
1 6 5 3.63
0 5 0 -0.05
1 2 3 0.7
0 7 6 -0.16
1 4 5 -0.28
0 7 3 0.0
1 2 1 -0.23
0 2 2 1.88
1 3 1 -2.27
0 5 6 3.09
1 4 6 -2.4
0 7 4 1.96
1 4 0 -2.01
0 3 0 2.31
1 7 1 -2.86
0 3 7 2.18
1 6 0 -1.48
0 7 0 1.8
1 7 2 -1.98
0 6 1 0.38
1 7 7 -0.2
0 1 4 -2.59
1 6 7 2.95
0 2 5 -2.2
1 4 7 0.36
0 3 6 -0.4
1 2 7 1.62
0 2 4 -3.45
1 3 5 3.52
0 2 6 -4.92
1 1 2 3.97
0 0 2 0
1 0 5 0
0 0 3 0.0
1 1 7 0.0
0 1 3 0.0
1 1 1 0.0
0 0 0 0.0
1 0 1 0.0
0 5 7 0.0
1 1 6 0.0
0 0 7 0.0
1 1 5 0.0
0 1 0 0.0
1 2 0 0.0
1 6 6 0.0
1 0 4 0.0
0 0 6 0.0
