1 4 2 -16.0
0 5 4 16.0
1 2 5 -16.0
0 2 4 16.0
1 3 5 -16.0
0 3 2 16.0
1 5 2 -16.0
0 2 2 16.0
1 2 3 -16.0
0 3 6 16.0
1 4 6 -16.0
0 5 3 16.0
1 6 3 -16.0
0 1 2 3.68
1 1 3 3.83
0 5 6 -3.83
1 6 5 3.83
0 7 4 -5.38
1 3 7 -4.2
0 0 4 -5.02
1 5 5 -7.95
0 4 5 6.06
1 6 4 -4.0
0 7 3 -3.7
1 7 2 -4.34
0 7 5 0.75
1 7 6 -6.82
0 2 7 -4.96
1 2 6 -5.5
0 4 1 -2.89
1 4 0 -7.92
0 6 1 -1.42
1 1 4 -13.33
0 5 7 5.04
1 1 5 -6.99
0 4 7 6.7
1 6 2 -17.57
0 0 5 11.59
1 2 1 -16.19
0 2 0 2.71
1 6 6 -10.22
0 5 0 0.34
1 3 0 -9.41
0 0 3 64
1 1 6 -64
0 7 7 16.0
1 6 7 -16.0
0 3 1 16.0
1 7 0 -16.0
0 7 1 16.0
1 6 0 -16.0
0 0 6 16.0
1 0 1 -16.0
0 5 1 16.0
1 0 7 -16.0
0 1 7 16.0
1 0 2 -16.0
0 1 1 16.0
1 1 0 -16.0
