1 4 2 0.0
0 5 4 0.0
1 4 5 0.0
0 3 2 0.0
1 2 3 0.0
0 5 5 0.0
1 2 2 0.0
0 4 1 0.0
1 5 3 0.0
0 5 2 0.0
1 6 4 -8.52
0 2 5 1.16
1 6 5 -7.81
0 1 4 -2.09
1 3 1 -2.49
0 6 3 -3.23
1 3 5 -7.62
0 1 2 -6.55
1 7 2 -5.03
0 2 6 -8.59
1 3 6 0.52
0 4 7 -6.75
1 4 0 -0.36
0 2 0 -6.77
1 5 1 0.8
0 6 2 -1.24
1 3 0 -3.79
0 4 6 -4.77
1 2 7 -9.3
0 5 6 -0.12
1 0 3 -9.06
0 1 5 3.95
1 3 7 -11.6
0 7 3 4.63
1 1 3 -15.85
0 2 4 4.81
1 5 7 -18.54
0 0 2 5.97
1 7 4 -15.34
0 5 0 3.84
1 0 5 -14.59
0 0 4 8.45
1 0 1 -3.42
0 7 5 0
1 7 6 0
0 2 1 0.0
1 6 1 0.0
0 6 6 0.0
1 1 1 0.0
0 7 0 0.0
1 6 0 0.0
0 7 1 0.0
1 7 7 0.0
0 6 7 0.0
1 1 6 0.0
0 0 7 0.0
1 1 7 0.0
0 0 6 0.0
1 1 0 0.0
0 0 0 0.0
