1 2 4 10.0
0 4 5 -10.0
1 5 4 10.0
0 2 3 -10.0
1 4 2 10.0
0 3 2 -10.0
1 1 3 10.0
0 1 4 -10.0
1 3 5 10.0
0 2 5 -10.0
1 3 1 0.41
0 6 3 -4.94
1 0 4 -0.83
0 5 2 -2.1
1 2 2 -8.89
0 5 3 2.82
1 2 6 -6.59
0 2 1 -2.27
1 4 1 -7.76
0 1 2 0.97
1 5 1 -6.59
0 0 5 -6.43
1 1 5 1.44
0 0 3 -4.66
1 3 6 -4.6
0 4 6 3.65
1 5 6 -10.82
0 2 0 7.63
1 3 0 -15.23
0 5 5 9.84
1 6 2 -15.63
0 4 0 4.29
1 5 0 -10.18
0 0 6 1.61
1 6 5 -10.1
0 6 4 3.73
1 7 2 -5.2
0 5 7 -4.16
1 1 0 -6.21
0 7 4 -7.77
1 7 6 0.37
0 7 3 0.59
1 7 5 -4.48
0 4 7 -64
1 1 6 64
0 3 7 -10.0
1 1 7 10.0
0 2 7 -10.0
1 6 7 10.0
0 6 1 -10.0
1 0 1 10.0
0 6 0 -10.0
1 0 2 10.0
0 0 0 -10.0
1 1 1 10.0
0 6 6 -10.0
1 7 7 10.0
1 0 7 10.0
1 7 0 10.0
0 7 1 -10.0
