1 2 4 -12.0
0 2 5 12.0
1 3 5 -12.0
0 4 5 12.0
1 5 4 -12.0
0 2 3 12.0
1 4 6 -12.0
0 5 3 12.0
1 5 2 -12.0
0 6 3 12.0
1 4 2 -12.0
0 5 5 12.0
1 6 5 -12.0
0 6 4 12.0
1 5 6 2.52
0 5 7 -2.52
1 2 2 2.99
0 7 5 0.31
1 1 5 -7.78
0 6 2 2.69
1 1 2 -16.05
0 5 1 3.13
1 3 6 -15.59
0 3 1 1.81
1 2 6 -10.47
0 3 2 2.12
1 4 0 -14.02
0 2 0 9.85
1 6 6 -19.47
0 1 4 10.82
1 4 1 -16.38
0 3 0 11.66
1 0 4 -13.41
0 5 0 11.3
1 1 3 -12.05
0 0 3 17.15
1 7 4 -28.38
0 7 3 21.2
1 7 1 -23.05
0 7 2 23.08
1 7 6 -23.75
0 0 2 14.84
1 0 1 -22.4
0 7 7 64
1 6 1 -64
0 7 0 12.0
1 6 0 -12.0
0 3 7 12.0
1 6 7 -12.0
0 4 7 12.0
1 1 1 -12.0
0 0 5 12.0
1 2 1 -12.0
0 1 6 12.0
1 1 7 -12.0
0 2 7 12.0
1 0 7 -12.0
0 0 6 12.0
1 1 0 -12.0
0 0 0 12.0
