1 2 4 -6.0
0 2 5 6.0
1 3 5 -6.0
0 2 3 6.0
1 1 4 -6.0
0 3 6 6.0
1 2 6 -6.0
0 5 4 6.0
1 3 7 -6.0
0 0 4 6.0
1 1 3 -6.0
0 0 3 0.98
1 0 2 -7.55
0 0 1 0.3
1 3 2 -9.05
0 4 5 -0.48
1 5 2 -12.84
0 2 2 3.25
1 1 2 -10.84
0 5 3 4.77
1 4 2 -9.71
0 2 7 2.2
1 4 6 -16.76
0 4 7 8.7
1 1 6 -12.19
0 1 1 4.09
1 6 5 -14.92
0 3 1 2.78
1 0 0 -8.77
0 0 7 5.88
1 6 2 -16.12
0 1 7 8.26
1 5 1 -11.11
0 5 7 8.11
1 4 1 -16.3
0 5 6 4.32
1 0 5 -14.9
0 4 0 3.2
1 5 0 -8.76
0 6 0 10.56
1 5 5 -8.97
0 1 5 3.45
1 2 1 -9.59
0 7 4 64
1 7 6 -64
0 7 3 6.0
1 7 1 -6.0
0 6 3 6.0
1 6 4 -6.0
0 6 1 6.0
1 0 6 -6.0
0 7 2 6.0
1 7 5 -6.0
0 6 6 6.0
1 7 7 -6.0
0 6 7 6.0
0 2 0 6.0
1 1 0 -6.0
0 3 0 6.0
1 7 0 -6.0
