1 4 2 10.0
0 5 4 -10.0
1 5 5 10.0
0 3 2 -10.0
1 5 3 10.0
0 4 5 -10.0
1 3 6 -1.77
0 6 5 -4.48
1 3 5 -6.23
0 6 3 2.34
1 5 2 0.55
0 4 6 -3.09
1 5 6 -5.17
0 2 5 0.89
1 7 2 -10.27
0 3 7 1.91
1 2 6 -11.63
0 2 7 1.77
1 2 3 -5.95
0 6 4 4.19
1 5 7 -5.84
0 2 4 -1.41
1 2 2 -3.48
0 6 2 -5.13
1 1 3 -0.72
0 5 1 -8.97
1 1 5 -2.05
0 1 4 -10.13
1 0 5 6.51
0 0 2 -14.13
1 0 4 -2.04
0 4 7 -3.79
1 1 7 3.55
0 4 1 -5.68
1 6 7 1.1
0 3 1 -12.71
1 3 0 0.05
0 2 0 -3.82
1 7 5 3.21
0 4 0 -1.64
1 7 4 -0.56
0 7 3 5.79
1 6 6 -4.95
0 1 2 -64
1 1 6 64
0 0 7 -10.0
1 0 6 10.0
0 0 3 -10.0
1 2 1 10.0
0 1 1 -10.0
1 0 1 10.0
0 0 0 -10.0
1 1 0 10.0
0 7 1 -10.0
1 7 0 10.0
0 7 7 -10.0
1 6 0 10.0
0 5 0 -10.0
1 7 6 10.0
1 6 1 10.0
