1 2 4 -10.0
0 4 5 10.0
1 5 2 -10.0
0 4 2 10.0
1 5 3 -10.0
0 2 3 10.0
1 2 5 -10.0
0 2 2 10.0
1 3 5 -10.0
0 3 6 10.0
1 2 6 -10.0
0 5 4 10.0
1 6 5 -10.0
0 1 4 10.0
1 3 2 1.15
0 4 6 2.33
1 0 4 -12.04
0 1 3 10.32
1 3 7 -15.4
0 0 5 7.88
1 0 2 -17.47
0 2 7 18.54
1 1 7 -21.95
0 0 3 16.99
1 0 6 -11.05
0 3 1 16.18
1 4 1 -24.66
0 1 2 15.3
1 5 5 -31.67
0 4 7 32.53
1 5 7 -34.1
0 1 5 22.74
1 2 0 -33.82
0 3 0 23.66
1 4 0 -26.14
0 5 6 13.55
1 2 1 -24.3
0 7 4 15.66
1 6 7 -22.93
0 6 3 13.55
1 6 2 -23.13
0 6 4 19.07
1 7 5 -15.81
0 5 1 64
1 5 0 -64
0 7 3 10.0
1 7 2 -10.0
0 6 6 10.0
1 7 7 -10.0
0 7 6 10.0
1 1 6 -10.0
0 6 0 10.0
1 7 0 -10.0
0 0 7 10.0
1 6 1 -10.0
0 0 1 10.0
1 1 1 -10.0
0 1 0 10.0
1 0 0 -10.0
0 7 1 10.0
