1 2 4 -14.0
0 4 5 14.0
1 5 2 -14.0
0 4 2 14.0
1 5 3 -14.0
0 2 3 14.0
1 5 4 -14.0
0 6 2 14.0
1 5 1 -14.0
0 3 2 14.0
1 4 1 -14.0
0 5 5 14.0
1 6 3 -14.0
0 7 2 14.0
1 1 2 -14.0
0 1 3 14.0
1 6 4 -0.53
0 1 5 2.48
1 7 3 -5.03
0 3 5 -6.02
1 7 1 -0.33
0 4 0 -2.98
1 2 2 -7.05
0 3 1 -0.52
1 3 6 -13.49
0 6 5 0.48
1 4 6 -12.91
0 7 5 1.22
1 2 5 -10.2
0 0 2 2.79
1 0 5 -7.98
0 7 4 10.47
1 7 6 -7.34
0 2 6 -5.33
1 1 4 -4.71
0 0 4 0.21
1 2 0 -2.2
0 3 0 3.28
1 0 6 -11.42
0 1 0 6.16
1 1 6 -12.15
0 5 0 -0.77
1 6 1 -12.76
0 5 6 64
1 0 3 -64
0 5 7 14.0
1 4 7 -14.0
0 6 6 14.0
1 6 0 -14.0
0 7 0 14.0
1 7 7 -14.0
0 6 7 14.0
1 1 1 -14.0
0 0 0 14.0
1 2 1 -14.0
0 2 7 14.0
1 0 1 -14.0
0 1 7 14.0
1 0 7 -14.0
0 3 7 14.0
