1 4 2 2.0
0 5 2 -2.0
1 5 3 2.0
0 5 4 -2.0
1 6 3 2.0
0 4 1 -2.0
1 4 5 2.0
0 6 2 -2.0
1 3 5 2.0
0 2 3 -2.0
1 3 2 2.0
0 2 4 -0.7
1 5 1 -0.01
0 2 2 -2.0
1 4 0 2.0
0 3 6 -2.0
1 1 3 0.0
0 6 5 0.72
1 1 5 -4.06
0 2 5 3.61
1 5 5 -2.75
0 4 6 1.34
1 2 1 -2.27
0 0 3 2.08
1 1 2 -1.05
0 2 0 0.97
1 3 0 -1.25
0 7 2 2.08
1 1 4 -2.74
0 3 1 2.07
1 1 0 -2.45
0 5 6 1.92
1 6 4 -0.67
0 6 0 0.09
1 1 1 1.16
0 6 1 -2.54
1 7 4 1.21
0 7 5 -0.66
1 2 6 1.02
0 1 7 -2.73
1 5 0 3.23
0 0 0 -3.08
1 7 3 2.88
0 0 6 -64
1 0 5 64
0 0 4 -2.0
1 6 6 2.0
0 6 7 -2.0
1 5 7 2.0
0 4 7 -2.0
1 7 7 2.0
0 7 6 -2.0
1 3 7 2.0
0 1 6 -2.0
1 2 7 2.0
0 0 2 -2.0
1 0 7 2.0
1 0 1 2.0
1 7 1 2.0
0 7 0 -2.0
