1 5 3 -40.0
0 3 2 40.0
1 2 3 -40.0
0 5 4 40.0
1 4 5 -40.0
0 2 2 40.0
1 5 2 -40.0
0 4 2 40.0
1 3 5 -40.0
0 5 5 2.73
1 6 3 -9.41
0 4 6 0.85
1 5 7 -14.41
0 6 5 6.21
1 4 1 -16.97
0 2 5 2.87
1 6 4 -15.92
0 7 2 3.33
1 5 6 -19.63
0 2 4 12.58
1 1 3 -29.65
0 3 1 16.07
1 2 6 -25.54
0 7 4 18.3
1 4 0 -25.81
0 5 1 17.6
1 2 1 -25.25
0 3 6 16.38
1 5 0 -27.32
0 1 4 17.71
1 7 5 -27.52
0 2 7 19.19
1 3 7 -24.33
0 6 2 26.38
1 0 5 -28.7
0 0 4 25.87
1 0 3 -34.53
0 1 5 20.27
1 0 6 -31.38
0 1 2 27.45
1 7 3 -34.22
0 0 2 22.95
1 7 1 -32.32
0 0 7 64
1 0 1 -64
0 1 6 40.0
1 1 1 -40.0
0 3 0 40.0
1 1 0 -40.0
0 0 0 40.0
1 2 0 -40.0
0 6 0 40.0
1 1 7 -40.0
0 4 7 40.0
1 6 1 -40.0
0 7 0 40.0
0 7 6 40.0
1 6 6 -40.0
0 6 7 40.0
1 7 7 -40.0
