1 5 3 6.0
0 3 2 -6.0
1 2 3 6.0
0 5 4 -6.0
1 4 5 6.0
0 2 2 -6.0
1 4 2 6.0
0 5 5 -6.0
1 3 5 3.89
0 6 3 -8.23
1 2 4 5.45
0 3 1 -14.65
1 5 2 1.91
0 6 2 -13.0
1 2 1 3.3
0 1 2 -15.59
1 3 0 4.07
0 1 4 -12.21
1 2 5 6.9
0 1 3 -12.88
1 5 1 1.29
0 5 6 -7.48
1 6 4 -0.52
0 4 6 -7.39
1 2 6 1.59
0 3 6 -10.74
1 2 7 -1.41
0 6 5 -8.3
1 1 5 -2.13
0 0 5 -7.81
1 7 4 -2.57
0 4 7 -2.76
1 3 7 -0.73
0 5 7 -5.12
1 0 2 -5.73
0 2 0 -0.45
1 7 5 -3.2
0 1 7 -2.93
1 1 0 -7.05
0 4 1 -6.88
1 4 0 -1.74
0 7 3 -11.07
1 6 6 2.51
0 7 7 -64
1 6 7 64
0 7 6 -6.0
1 0 7 6.0
0 6 0 -6.0
1 0 3 6.0
0 1 6 -6.0
1 0 4 6.0
0 0 6 -6.0
1 1 1 6.0
0 0 0 -6.0
1 0 1 6.0
0 5 0 -6.0
1 6 1 6.0
0 7 2 -6.0
1 7 0 6.0
1 7 1 6.0
