1 4 2 4.0
0 5 2 -4.0
1 5 3 4.0
0 3 2 -4.0
1 2 3 4.0
0 4 5 -4.0
1 3 5 4.0
0 6 3 -4.0
1 3 1 4.0
0 2 2 -4.0
1 4 1 4.0
0 2 4 -4.0
1 1 5 -7.2
0 5 0 1.53
1 6 4 -9.83
0 3 0 -0.91
1 5 5 -5.2
0 5 4 -1.32
1 5 1 -7.01
0 6 2 -1.8
1 4 0 -2.76
0 2 5 2.31
1 1 3 -13.34
0 2 6 7.77
1 2 1 -5.77
0 5 6 -8.13
1 3 6 -3.27
0 4 6 -5.37
1 2 0 0.3
0 7 5 -11.09
1 6 0 3.4
0 1 4 -14.48
1 7 2 -1.49
0 0 5 -10.27
1 7 3 7.88
0 1 1 -12.66
1 4 7 12.45
0 0 4 -11.66
1 7 4 8.61
0 7 1 -12.63
1 3 7 5.3
0 5 7 -9.84
1 6 7 4.06
0 2 7 -64
1 6 6 64
0 1 0 -4.0
1 0 0 4.0
0 7 7 -4.0
1 1 2 4.0
0 6 1 -4.0
1 0 3 4.0
0 7 6 -4.0
1 6 5 4.0
0 0 1 -4.0
1 7 0 4.0
0 0 2 -4.0
1 0 6 4.0
0 1 6 -4.0
1 1 7 4.0
0 0 7 -4.0
