1 4 2 24.0
0 5 4 -24.0
1 4 5 24.0
0 3 2 -24.0
1 2 3 24.0
0 5 5 -24.0
1 2 4 24.0
0 5 2 -24.0
1 5 3 24.0
0 6 4 -24.0
1 2 1 24.0
0 3 5 -24.0
1 4 1 24.0
0 2 5 -24.0
1 3 6 24.0
0 2 7 1.26
1 4 6 -0.47
0 1 4 2.62
1 1 3 -2.96
0 0 3 -5.66
1 6 3 -5.51
0 2 6 -4.99
1 5 6 -6.53
0 3 7 -0.43
1 1 5 -4.82
0 0 4 -9.82
1 6 2 -0.66
0 3 1 -11.22
1 4 7 -3.84
0 4 0 -9.19
1 7 4 -0.31
0 7 5 -14.27
1 7 3 8.65
0 5 7 -16.58
1 0 5 8.6
0 5 1 -11.78
1 0 2 13.91
0 7 1 -13.71
1 7 6 9.59
0 6 5 -14.98
1 6 6 13.4
0 0 6 -12.08
1 0 7 18.77
0 7 7 -64
1 7 2 64
0 6 7 -24.0
1 2 0 24.0
0 2 2 -24.0
1 7 0 24.0
0 1 0 -24.0
1 0 0 24.0
0 1 6 -24.0
1 6 0 24.0
0 6 1 -24.0
1 1 2 24.0
0 0 1 -24.0
1 5 0 24.0
0 1 1 -24.0
1 1 7 24.0
1 3 0 24.0
