1 5 3 20.0
0 3 2 -20.0
1 2 5 20.0
0 3 5 -20.0
1 2 4 20.0
0 5 4 -20.0
1 4 5 20.0
0 5 2 -20.0
1 2 2 20.0
0 2 3 -20.0
1 3 1 20.0
0 2 1 0.41
1 6 4 0.23
0 5 5 -4.25
1 6 3 -7.52
0 3 6 -2.37
1 6 5 0.11
0 1 3 -1.22
1 5 1 -4.53
0 6 2 0.73
1 4 2 -8.97
0 2 6 -5.05
1 7 3 -8.29
0 7 4 1.98
1 3 7 -9.26
0 2 7 -1.4
1 5 6 -7.53
0 5 7 -3.39
1 4 6 -1.94
0 4 7 -8.23
1 7 5 -4.05
0 4 0 -3.2
1 3 0 -9.48
0 2 0 1.81
1 0 2 -10.01
0 0 4 2.34
1 1 2 -12.26
0 0 3 10.69
1 0 5 -11.22
0 7 1 -3.94
1 7 2 3.37
0 1 4 -3.27
1 7 0 8.23
0 4 1 -64
1 1 6 64
0 1 1 -20.0
1 1 5 20.0
0 6 1 -20.0
1 5 0 20.0
0 0 6 -20.0
1 0 7 20.0
0 1 7 -20.0
1 6 6 20.0
0 7 6 -20.0
1 1 0 20.0
0 6 0 -20.0
1 6 7 20.0
0 7 7 -20.0
0 0 0 -20.0
1 0 1 20.0
