1 2 4 -8.0
0 4 5 8.0
1 5 4 -8.0
0 2 3 8.0
1 3 2 -8.0
0 5 5 8.0
1 4 2 -8.0
0 2 5 8.0
1 3 5 -8.0
0 4 6 8.0
1 1 2 -8.0
0 5 3 8.0
1 1 5 -8.0
0 1 4 8.0
1 0 5 -4.25
0 5 2 5.5
1 2 6 -6.43
0 4 1 6.07
1 3 6 -5.59
0 2 1 5.73
1 3 1 -5.66
0 2 0 6.04
1 5 7 -5.51
0 2 2 4.98
1 5 6 -5.33
0 0 2 5.41
1 6 5 -5.4
0 1 3 6.02
1 6 4 -5.97
0 7 5 5.87
1 7 3 -5.73
0 4 7 6.13
1 3 7 -6.51
0 0 4 5.95
1 0 3 -7.07
0 0 6 7.59
1 6 2 -7.82
0 7 2 8.48
1 5 1 -8.19
0 6 3 7.84
1 6 1 -8.56
0 7 4 6.98
1 1 6 -6.53
0 4 0 64
1 3 0 -64
0 7 1 8.0
1 7 0 -8.0
0 6 0 8.0
1 5 0 -8.0
0 0 7 8.0
1 1 0 -8.0
0 1 1 8.0
1 7 6 -8.0
0 2 7 8.0
1 1 7 -8.0
0 6 6 8.0
1 0 1 -8.0
0 0 0 8.0
1 6 7 -8.0
0 7 7 8.0
