1 2 4 -16.0
0 2 5 16.0
1 3 5 -16.0
0 2 3 16.0
1 1 4 -16.0
0 3 6 16.0
1 3 2 -16.0
0 1 5 16.0
1 4 2 -16.0
0 5 4 16.0
1 4 5 -16.0
0 5 5 16.0
1 4 6 0.45
0 2 2 0.32
1 1 2 -11.35
0 1 3 1.13
1 6 3 -10.18
0 5 2 4.49
1 5 6 -14.08
0 5 3 6.04
1 6 4 -12.38
0 6 2 4.37
1 2 7 -13.15
0 5 1 7.55
1 2 6 -16.48
0 4 1 4.16
1 0 5 -13.95
0 3 1 11.23
1 0 2 -17.32
0 3 7 13.04
1 4 7 -15.63
0 7 3 7.4
1 2 1 -15.86
0 0 4 6.42
1 2 0 -17.94
0 6 5 9.95
1 5 0 -17.08
0 1 1 6.15
1 0 3 -12.65
0 3 0 12.27
1 4 0 -16.54
0 0 1 7.96
1 7 1 -18.2
0 7 2 64
1 7 4 -64
0 0 6 16.0
1 0 0 -16.0
0 1 6 16.0
1 0 7 -16.0
0 7 6 16.0
1 6 1 -16.0
0 1 7 16.0
1 7 5 -16.0
0 7 0 16.0
1 6 0 -16.0
0 6 7 16.0
1 5 7 -16.0
0 1 0 16.0
1 7 7 -16.0
0 6 6 16.0
