1 5 3 14.0
0 5 2 -14.0
1 5 1 -20.61
0 5 4 8.18
1 5 5 -17.58
0 6 4 12.8
1 7 3 -21.57
0 5 6 7.71
1 4 6 -15.16
0 2 2 1.59
1 5 7 -14.91
0 6 2 2.79
1 4 2 -8.14
0 3 2 3.62
1 3 1 -9.73
0 6 3 6.84
1 4 5 -17.25
0 3 5 13.08
1 2 1 -21.62
0 5 0 9.34
1 6 5 -21.59
0 3 6 13.88
1 1 2 -18.45
0 7 4 12.45
1 7 5 -17.18
0 4 1 5.73
1 2 5 -14.85
0 2 3 2.52
1 2 6 -14.38
0 2 7 11.51
1 3 7 -18.98
0 4 7 16.09
1 1 7 -15.3
0 2 4 8.05
1 1 4 -12.24
0 0 5 9.75
1 1 3 -18.23
0 2 0 5.13
1 0 3 -8.83
0 0 4 2.26
1 0 2 -7.02
0 7 6 -3.02
1 7 7 -3.66
0 6 7 -64
1 1 1 64
0 1 0 -14.0
1 0 6 14.0
0 0 7 -14.0
1 6 6 14.0
0 1 6 -14.0
1 1 5 14.0
0 0 1 -14.0
1 0 0 14.0
1 3 0 14.0
0 4 0 -14.0
1 6 0 14.0
0 7 2 -14.0
1 7 1 14.0
0 6 1 -14.0
1 7 0 14.0
