1 4 2 2.0
0 5 4 -2.0
1 4 5 2.0
0 3 2 -2.0
1 2 3 2.0
0 5 5 -2.0
1 2 4 2.0
0 5 2 -2.0
1 5 3 2.0
0 6 4 -2.0
1 2 1 2.0
0 3 5 -2.0
1 3 6 2.0
0 2 5 -2.0
1 4 6 2.0
0 2 6 -2.0
1 5 6 -0.99
0 2 7 2.2
1 6 3 -2.61
0 3 7 2.7
1 4 7 -3.79
0 1 4 4.27
1 3 1 -2.99
0 1 2 2.88
1 1 3 -3.17
0 7 4 2.82
1 5 1 -3.45
0 2 2 3.73
1 0 5 -3.3
0 0 2 1.6
1 1 5 -0.77
0 4 1 0.9
1 6 2 -0.46
0 5 0 0.83
1 7 5 -1.22
0 6 5 0.62
1 7 2 -0.9
0 7 3 0.75
1 4 0 0.4
0 0 3 -0.37
1 0 4 0.02
0 5 7 0.1
1 6 6 -0.5
0 6 7 -0.13
1 7 7 3.52
0 7 6 -5.85
1 1 7 6.35
0 0 6 -5.82
1 6 0 4.71
0 2 0 -4.57
1 6 1 3.0
0 3 0 -0.99
1 1 0 2.49
0 7 0 -2.0
1 7 1 2.0
0 0 0 -2.0
1 0 1 2.0
0 1 1 -2.0
1 0 7 2.0
0 1 6 -2.0
