1 2 4 0.0
0 4 5 0.0
1 5 2 0.0
0 4 2 0.0
1 5 3 0.0
0 2 3 0.0
1 2 5 0.0
0 2 2 0.0
1 1 3 0.0
0 1 2 0.0
1 3 5 0.0
0 6 2 0.0
1 4 1 -4.18
0 5 4 4.18
1 2 1 -11.21
0 3 1 6.24
1 5 6 -17.79
0 5 1 9.47
1 6 4 -20.18
0 3 2 17.89
1 2 0 -27.23
0 1 4 22.32
1 4 0 -22.52
0 5 0 28.63
1 7 2 -28.35
0 6 3 25.26
1 0 3 -36.24
0 5 5 27.23
1 0 4 -37.36
0 3 0 23.61
1 4 6 -30.48
0 1 0 28.55
1 7 3 -33.16
0 7 5 31.11
1 6 1 -26.48
0 1 5 18.91
1 0 5 -25.91
0 3 6 16.54
1 2 6 -27.12
0 6 5 18.6
1 7 4 -18.72
0 3 7 4.19
1 5 7 -13.09
0 1 1 0
1 0 0 0
0 7 0 0.0
1 7 6 0.0
0 2 7 0.0
1 4 7 0.0
0 6 7 0.0
1 1 6 0.0
0 0 2 0.0
1 0 1 0.0
0 0 7 0.0
1 1 7 0.0
0 0 6 0.0
1 7 7 0.0
0 6 6 0.0
1 6 0 0.0
0 7 1 0.0
