1 2 4 6.0
0 4 5 -6.0
1 5 4 6.0
0 2 5 -6.0
1 3 5 6.0
0 2 3 -6.0
1 5 5 6.0
0 3 6 -4.12
1 1 2 -6.05
0 2 2 -4.22
1 5 2 -3.03
0 5 6 -6.57
1 4 6 -1.78
0 5 7 -2.22
1 2 6 -4.66
0 2 7 0.07
1 1 6 -8.14
0 6 3 -2.4
1 5 3 -4.61
0 4 2 0.01
1 7 2 -5.52
0 1 4 -1.5
1 3 1 -5.88
0 0 7 1.27
1 3 2 -4.84
0 2 1 -1.53
1 1 7 -10.24
0 0 2 1.18
1 0 5 0.28
0 6 4 -9.23
1 0 6 6.22
0 0 3 -13.23
1 4 7 3.98
0 3 7 -8.38
1 1 5 5.01
0 0 4 8.18
1 1 3 -3.73
0 1 1 -1.81
1 6 6 -7.27
0 7 6 -5.87
1 7 4 -1.91
0 6 1 -5.16
1 4 1 -5.09
0 6 5 -64
1 7 5 64
0 3 0 -6.0
1 7 7 6.0
0 6 2 -6.0
1 6 7 6.0
0 4 0 -6.0
1 7 1 6.0
0 7 3 -6.0
1 0 0 6.0
0 7 0 -6.0
1 1 0 6.0
0 5 1 -6.0
1 2 0 6.0
0 0 1 -6.0
1 6 0 6.0
0 5 0 -6.0
