1 5 3 -6.0
0 3 2 6.0
1 2 5 -6.0
0 3 5 6.0
1 2 4 -6.0
0 5 4 6.0
1 5 2 -6.0
0 6 3 6.0
1 4 2 -6.0
0 5 1 6.0
1 2 1 -6.0
0 2 3 2.41
1 2 2 0.87
0 3 1 -0.06
1 6 5 -0.29
0 1 4 0.72
1 3 0 -0.83
0 4 5 1.05
1 6 2 -1.7
0 1 3 2.36
1 3 6 -3.01
0 4 6 3.57
1 1 2 -3.92
0 4 1 4.59
1 2 6 -4.91
0 1 5 5.14
1 5 5 -4.7
0 5 6 4.27
1 4 0 -4.57
0 0 2 5.57
1 7 3 -5.55
0 4 7 6.45
1 6 4 -6.49
0 3 7 7.06
1 1 1 -7.98
0 7 5 8.12
1 0 5 -7.85
0 0 4 7.35
1 6 6 -8.4
0 7 4 7.78
1 6 7 -4.82
0 7 7 4.24
1 7 2 -7.79
0 5 7 64
1 1 7 -64
0 2 7 6.0
1 0 6 -6.0
0 0 7 6.0
1 1 6 -6.0
0 6 0 6.0
1 5 0 -6.0
0 6 1 6.0
1 7 0 -6.0
0 7 1 6.0
1 7 6 -6.0
0 0 0 6.0
1 0 1 -6.0
0 1 0 6.0
1 2 0 -6.0
1 0 3 -6.0
