1 4 2 -2.0
0 5 4 2.0
1 3 5 -2.0
0 2 4 2.0
1 2 5 -2.0
0 3 2 2.0
1 4 5 -2.0
0 3 6 2.0
1 4 6 -2.0
0 5 5 2.0
1 2 3 -2.0
0 2 2 2.0
1 2 6 -2.0
0 5 3 2.0
1 5 6 -10.34
0 1 3 0.16
1 6 5 -4.63
0 3 7 -1.63
1 6 2 -3.66
0 6 3 -3.46
1 1 4 -6.33
0 5 2 -2.29
1 4 7 -2.44
0 5 7 -1.69
1 6 4 -3.4
0 7 2 -4.09
1 1 2 -7.23
0 1 5 -5.09
1 5 1 -7.62
0 7 3 -2.13
1 2 7 -6.52
0 7 4 1.41
1 2 1 -12.34
0 4 1 3.99
1 6 1 -4.38
0 0 4 2.59
1 4 0 -12.57
0 1 7 2.6
1 0 3 -13.77
0 7 0 -0.77
1 6 6 -11.37
0 3 0 -0.05
1 5 0 -6.7
0 2 0 64
1 3 1 -64
0 0 2 2.0
1 0 6 -2.0
0 6 0 2.0
1 7 5 -2.0
0 0 5 2.0
1 0 1 -2.0
0 1 1 2.0
1 7 1 -2.0
0 7 7 2.0
1 6 7 -2.0
0 7 6 2.0
1 0 7 -2.0
1 1 6 -2.0
1 1 0 -2.0
0 0 0 2.0
