1 2 4 -6.0
0 4 5 6.0
1 5 4 -6.0
0 2 3 6.0
1 3 2 -6.0
0 5 5 6.0
1 4 2 -6.0
0 2 5 6.0
1 3 5 -6.0
0 4 6 6.0
1 1 2 -6.0
0 5 3 6.0
1 6 3 -6.0
0 6 2 6.0
1 6 5 -6.0
0 5 2 6.0
1 6 4 -6.0
0 1 3 3.96
1 4 7 0.34
0 3 1 -0.34
1 5 1 -2.62
0 5 6 -0.47
1 5 7 -11.78
0 7 2 0.69
1 2 0 -7.27
0 7 5 0.21
1 2 2 -14.0
0 4 1 0.59
1 1 5 -11.15
0 0 5 -0.65
1 0 2 -7.38
0 4 0 -1.04
1 3 6 -12.55
0 1 4 4.28
1 5 0 -8.59
0 2 1 0.84
1 0 4 -4.45
0 6 0 0.69
1 2 6 -13.52
0 1 6 3.18
1 1 7 -14.88
0 0 7 0.8
1 0 6 -13.41
0 2 7 64
1 7 3 -64
0 7 4 6.0
1 3 7 -6.0
0 0 3 6.0
1 1 1 -6.0
0 1 0 6.0
1 3 0 -6.0
0 0 1 6.0
1 7 0 -6.0
0 6 6 6.0
1 0 0 -6.0
0 6 7 6.0
1 7 1 -6.0
0 6 1 6.0
1 7 6 -6.0
1 7 7 -6.0
