1 2 4 30.0
0 4 5 -30.0
1 5 2 30.0
0 4 2 -30.0
1 5 3 30.0
0 2 3 -30.0
1 2 5 30.0
0 2 2 -30.0
1 3 5 30.0
0 3 6 -30.0
1 2 6 30.0
0 5 4 -30.0
1 3 2 30.0
0 1 5 -0.6
1 1 4 1.02
0 0 3 -1.02
1 0 5 1.02
0 3 1 -6.15
1 0 4 -3.89
0 1 2 -1.82
1 1 3 4.69
0 6 4 -14.96
1 6 3 4.35
0 2 7 -16.91
1 7 5 4.45
0 0 2 -11.89
1 0 1 7.54
0 7 2 -16.87
1 7 4 8.39
0 5 1 -14.73
1 3 0 7.58
0 2 1 -15.23
1 4 6 6.13
0 4 7 -18.05
1 6 2 7.86
0 7 3 -12.55
1 7 1 13.82
0 4 1 -21.48
1 5 5 13.84
0 6 1 -23.63
1 2 0 26.38
0 5 6 -20.64
1 6 5 22.84
0 6 6 -64
1 7 6 64
0 1 1 -30.0
1 3 7 30.0
0 0 6 -30.0
1 0 0 30.0
0 1 0 -30.0
1 7 7 30.0
0 1 6 -30.0
1 7 0 30.0
0 4 0 -30.0
1 5 7 30.0
0 6 7 -30.0
1 1 7 30.0
0 6 0 -30.0
1 0 7 30.0
1 5 0 30.0
