1 4 2 22.0
0 5 2 -22.0
1 5 3 22.0
0 5 4 -22.0
1 2 5 22.0
0 3 1 -22.0
1 5 5 22.0
0 3 2 -22.0
1 6 3 22.0
0 6 4 -22.0
1 6 2 -10.43
0 4 5 -0.51
1 3 6 -12.73
0 2 2 3.38
1 3 5 -12.2
0 6 5 3.44
1 7 3 -12.66
0 4 6 2.75
1 5 7 -5.76
0 2 4 1.31
1 5 1 -10.77
0 2 7 0.51
1 4 1 -4.64
0 2 6 3.69
1 2 0 -1.15
0 5 0 -9.87
1 4 0 3.64
0 5 6 -14.74
1 7 6 4.45
0 7 2 -12.94
1 6 6 0.63
0 7 4 -12.15
1 7 5 8.69
0 7 7 -11.31
1 6 0 15.52
0 3 0 -3.35
1 6 1 8.99
0 7 0 -13.8
1 7 1 19.3
0 1 0 -16.0
1 2 3 8.68
0 1 3 -15.98
1 1 4 11.27
0 1 5 -64
1 0 5 64
0 0 6 -22.0
1 0 7 22.0
0 1 6 -22.0
1 2 1 22.0
0 1 2 -22.0
1 0 3 22.0
0 0 4 -22.0
1 3 7 22.0
0 4 7 -22.0
1 6 7 22.0
0 0 2 -22.0
1 0 1 22.0
0 1 1 -22.0
1 0 0 22.0
1 1 7 22.0
