1 5 3 20.0
0 3 2 -20.0
1 2 5 20.0
0 3 5 -20.0
1 2 4 20.0
0 5 4 -20.0
1 2 3 20.0
0 1 5 -20.0
1 2 6 20.0
0 4 5 -20.0
1 3 6 20.0
0 1 4 -20.0
1 2 2 20.0
0 6 2 -20.0
1 5 6 0.83
0 5 5 -0.55
1 4 6 4.18
0 5 7 -10.85
1 4 1 -1.76
0 4 2 -5.37
1 0 3 -3.79
0 4 7 -3.23
1 6 4 -11.34
0 0 4 -2.09
1 6 5 -5.29
0 3 1 -5.44
1 1 3 -3.73
0 1 7 -6.36
1 2 7 10.5
0 3 7 -4.79
1 4 0 -8.72
0 5 0 -2.52
1 2 1 -5.13
0 0 2 0.12
1 6 0 -9.3
0 3 0 0.53
1 2 0 -6.5
0 7 5 -3.93
1 5 1 2.32
0 1 2 -1.12
1 7 6 -5.47
0 7 3 -1.9
1 7 4 -2.07
0 7 7 -64
1 0 6 64
0 0 5 -20.0
1 0 1 20.0
0 6 3 -20.0
1 6 7 20.0
0 5 2 -20.0
1 0 7 20.0
0 1 1 -20.0
1 1 6 20.0
0 6 6 -20.0
1 7 1 20.0
0 7 2 -20.0
1 1 0 20.0
0 0 0 -20.0
1 6 1 20.0
0 7 0 -20.0
