1 4 2 20.0
0 5 2 -20.0
1 5 3 20.0
0 3 2 -20.0
1 2 3 20.0
0 2 4 -20.0
1 2 2 20.0
0 4 5 -20.0
1 3 5 20.0
0 1 3 -20.0
1 2 5 20.0
0 3 1 -20.0
1 5 5 2.37
0 6 3 -5.63
1 0 3 1.21
0 1 5 -8.49
1 1 4 2.45
0 0 5 -7.3
1 1 2 4.97
0 0 4 -10.33
1 0 2 8.13
0 3 6 -19.68
1 5 1 7.34
0 5 4 -17.66
1 2 6 6.21
0 5 6 -22.03
1 0 6 12.74
0 2 7 -16.17
1 4 6 7.68
0 3 7 -17.13
1 4 1 14.52
0 4 0 -25.16
1 3 0 26.95
0 2 0 -19.48
1 4 7 14.99
0 5 7 -12.27
1 5 0 11.88
0 6 0 -10.4
1 6 4 5.38
0 7 3 -10.49
1 7 2 3.34
0 2 1 -12.0
1 7 4 8.66
0 6 5 -64
1 6 1 64
0 0 1 -20.0
1 0 0 20.0
0 7 0 -20.0
1 6 2 20.0
0 7 1 -20.0
1 6 6 20.0
0 1 6 -20.0
1 0 7 20.0
0 7 5 -20.0
1 7 7 20.0
0 7 6 -20.0
1 6 7 20.0
1 1 7 20.0
1 1 0 20.0
0 1 1 -20.0
