1 5 3 -8.0
0 3 2 8.0
1 2 4 -8.0
0 3 5 8.0
1 4 2 -8.0
0 5 4 8.0
1 4 5 -8.0
0 5 5 8.0
1 2 5 -8.0
0 2 3 8.0
1 3 6 -8.0
0 1 4 8.0
1 1 5 -8.3
0 6 2 3.45
1 3 1 -9.8
0 2 6 1.94
1 0 3 -7.81
0 4 6 5.36
1 6 3 -10.87
0 2 2 5.3
1 1 2 -2.79
0 0 4 -0.81
1 3 7 -7.59
0 2 7 1.98
1 1 7 -6.97
0 3 0 -6.78
1 1 3 0.21
0 7 2 -4.6
1 6 4 -8.48
0 5 7 0.85
1 2 0 -7.15
0 1 0 3.95
1 6 5 -15.26
0 2 1 10.4
1 0 5 -7.24
0 7 4 2.8
1 7 3 -11.09
0 4 0 0.49
1 5 1 -9.9
0 4 1 0.58
1 5 0 -8.59
0 6 0 3.13
1 5 2 -7.65
0 5 6 64
1 7 5 -64
0 7 6 8.0
1 6 1 -8.0
0 1 6 8.0
1 0 7 -8.0
0 0 6 8.0
1 4 7 -8.0
0 6 6 8.0
1 7 7 -8.0
0 6 7 8.0
1 7 1 -8.0
0 7 0 8.0
1 1 1 -8.0
0 0 0 8.0
1 0 1 -8.0
0 0 2 8.0
