1 2 4 -12.0
0 4 5 12.0
1 5 2 -12.0
0 4 2 12.0
1 5 3 -12.0
0 2 3 12.0
1 5 4 -12.0
0 6 3 12.0
1 6 4 -12.0
0 5 5 12.0
1 2 2 -12.0
0 3 5 12.0
1 3 2 -12.0
0 1 5 12.0
1 2 5 -12.0
0 1 4 12.0
1 4 6 -12.0
0 1 2 12.0
1 6 5 -12.0
0 3 6 12.0
1 7 4 -3.07
0 7 3 -5.76
1 6 2 -4.41
0 5 7 -9.87
1 1 3 1.37
0 5 6 -2.17
1 0 4 -4.81
0 7 5 -2.23
1 4 7 -5.2
0 4 1 -5.09
1 5 1 -7.03
0 2 1 -3.06
1 3 0 -6.88
0 2 7 1.38
1 3 7 -2.88
0 0 3 -5.6
1 0 5 -0.05
0 7 2 -9.39
1 0 2 -2.63
0 2 6 -4.71
1 2 0 -0.59
0 1 1 -10.05
1 3 1 -0.92
0 0 1 64
1 1 7 -64
0 0 7 12.0
1 0 0 -12.0
0 1 0 12.0
1 6 1 -12.0
0 7 0 12.0
1 6 7 -12.0
0 7 7 12.0
1 7 1 -12.0
0 6 0 12.0
1 7 6 -12.0
0 6 6 12.0
1 5 0 -12.0
0 4 0 12.0
1 1 6 -12.0
0 0 6 12.0
