1 5 3 8.0
0 3 2 -8.0
1 2 4 8.0
0 3 5 -8.0
1 2 5 8.0
0 5 4 -8.0
1 2 3 8.0
0 1 5 -8.0
1 2 6 8.0
0 4 2 -8.0
1 2 2 8.0
0 1 4 -8.0
1 1 3 8.0
0 3 6 -8.0
1 4 5 8.0
0 0 2 -8.0
1 2 7 8.0
0 1 2 -8.0
1 5 5 8.0
0 4 7 -8.0
1 4 6 8.0
0 5 2 -8.0
1 5 1 8.0
0 5 7 -8.0
1 5 6 8.0
0 6 3 -8.0
1 3 1 8.0
0 2 1 9.31
1 6 4 -0.48
0 6 2 -8.94
1 4 1 -2.72
0 6 7 -5.53
1 2 0 -6.91
0 7 4 -0.52
1 6 5 -7.02
0 7 5 -0.87
1 6 6 -2.79
0 4 0 -4.72
1 3 0 7.44
0 7 7 -10.0
1 7 3 0.2
0 3 7 -11.22
1 7 2 -0.39
0 1 7 -64
1 5 0 64
0 1 6 -8.0
1 0 7 8.0
0 0 6 -8.0
1 0 4 8.0
0 7 1 -8.0
1 7 6 8.0
0 6 0 -8.0
1 7 0 8.0
0 6 1 -8.0
1 0 5 8.0
0 0 3 -8.0
1 0 1 8.0
0 1 0 -8.0
1 0 0 8.0
0 1 1 -8.0
