1 4 2 0.0
0 5 4 0.0
1 4 5 0.0
0 3 2 0.0
1 2 3 0.0
0 5 5 0.0
1 2 4 0.0
0 5 2 0.0
1 5 3 0.0
0 6 4 0.0
1 3 1 0.0
0 3 5 0.0
1 5 1 0.0
0 2 5 0.0
1 6 2 0.0
0 1 4 0.0
1 6 3 -7.63
0 1 2 0.63
1 7 5 -3.7
0 7 4 2.27
1 7 3 3.78
0 4 1 -12.72
1 2 2 11.6
0 2 0 -15.0
1 4 0 10.68
0 3 0 -16.25
1 2 1 2.95
0 5 0 -16.52
1 0 2 5.14
0 1 3 -5.48
1 5 6 -4.58
0 7 2 -5.15
1 3 6 -5.59
0 2 6 -5.88
1 0 5 -5.32
0 0 4 2.05
1 1 5 -11.14
0 0 6 0.75
1 7 1 -10.01
0 5 7 -1.56
1 4 6 -12.29
0 1 0 4.81
1 1 7 -12.02
0 6 1 0
1 7 0 0
0 4 7 0.0
1 3 7 0.0
0 6 6 0.0
1 1 6 0.0
0 6 0 0.0
1 0 0 0.0
0 6 5 0.0
1 1 1 0.0
0 0 7 0.0
1 6 7 0.0
0 2 7 0.0
0 7 7 0.0
1 7 6 0.0
0 0 3 0.0
0 0 1 0.0
