1 2 4 10.0
0 4 5 -10.0
1 5 2 10.0
0 4 2 -10.0
1 5 3 10.0
0 2 3 -10.0
1 2 5 10.0
0 1 4 -10.0
1 3 5 10.0
0 5 4 -10.0
1 2 2 10.0
0 2 6 -10.0
1 3 6 5.82
0 1 5 -3.73
1 6 5 -3.23
0 1 3 -11.06
1 3 2 -2.63
0 6 4 -9.36
1 1 2 0.91
0 4 7 -10.05
1 0 3 5.38
0 0 2 -16.68
1 0 1 6.05
0 6 3 -13.72
1 0 6 11.82
0 5 1 -5.7
1 7 5 -6.27
0 7 4 -2.47
1 7 3 -1.4
0 3 1 -3.26
1 5 6 2.63
0 0 5 -15.77
1 5 5 11.15
0 0 7 -6.71
1 4 6 4.99
0 5 7 -9.25
1 2 1 10.69
0 2 0 -13.42
1 4 1 -0.34
0 5 0 -7.11
1 3 7 12.2
0 6 6 -6.91
1 4 0 8.76
0 3 0 -64
1 6 2 64
0 7 6 -10.0
1 1 7 10.0
0 7 2 -10.0
1 7 7 10.0
0 6 7 -10.0
1 7 1 10.0
0 6 1 -10.0
1 7 0 10.0
0 2 7 -10.0
1 0 4 10.0
0 6 0 -10.0
1 1 0 10.0
0 0 0 -10.0
1 1 1 10.0
1 1 6 10.0
