1 4 2 2.0
0 5 4 -2.0
1 4 5 2.0
0 3 2 -2.0
1 2 3 2.0
0 5 5 -2.0
1 2 4 2.0
0 2 2 -2.0
1 5 3 2.0
0 6 2 -2.0
1 3 1 2.0
0 4 1 -9.0
1 1 2 -6.9
0 3 5 -1.05
1 5 0 -1.88
0 1 5 -6.37
1 2 5 -1.29
0 1 4 -2.03
1 5 2 6.32
0 5 1 -13.93
1 0 4 2.66
0 4 0 -11.16
1 3 0 12.9
0 0 2 -23.7
1 1 3 18.37
0 0 3 -19.56
1 6 3 7.01
0 0 5 -15.83
1 6 4 5.63
0 2 0 -6.05
1 1 0 7.03
0 2 6 -13.34
1 2 1 16.62
0 7 2 -19.95
1 7 4 12.84
0 7 5 -25.48
1 7 3 18.37
0 6 1 -17.41
1 6 5 12.38
0 6 0 -11.27
1 7 0 8.37
0 7 1 -9.15
1 5 6 4.93
0 5 7 -64
1 0 6 64
0 0 7 -2.0
1 1 1 2.0
0 0 1 -2.0
1 1 6 2.0
0 1 7 -2.0
1 4 7 2.0
0 3 7 -2.0
1 2 7 2.0
0 3 6 -2.0
1 0 0 2.0
0 6 6 -2.0
1 6 7 2.0
0 7 7 -2.0
1 7 6 2.0
1 4 6 2.0
