1 4 2 2.0
0 5 4 -2.0
1 2 5 2.0
0 2 4 -2.0
1 3 5 2.0
0 3 2 -2.0
1 2 3 2.0
0 2 2 -2.0
1 5 3 2.0
0 3 6 0.95
1 5 5 -0.95
0 1 2 2.28
1 1 3 0.8
0 5 2 1.52
1 4 5 2.08
0 0 3 -2.66
1 4 7 -7.98
0 6 4 -1.6
1 7 3 -9.8
0 7 5 1.13
1 4 1 -6.49
0 5 1 -2.57
1 7 4 -12.27
0 7 2 9.44
1 1 4 -7.49
0 5 6 -3.39
1 4 6 0.52
0 1 5 -11.15
1 2 1 -1.92
0 4 0 -8.07
1 0 6 -3.94
0 2 7 -3.27
1 6 3 -1.02
0 3 1 -6.22
1 0 2 -6.16
0 3 7 -4.31
1 6 6 -6.0
0 2 6 -5.22
1 6 5 -4.0
0 0 1 -8.82
1 0 4 -0.68
0 7 7 -3.09
1 2 0 -8.08
0 7 6 -64
1 6 2 64
0 3 0 -2.0
1 5 0 2.0
0 7 1 -2.0
1 6 1 2.0
0 7 0 -2.0
1 6 0 2.0
0 1 0 -2.0
1 0 0 2.0
0 0 5 -2.0
1 1 7 2.0
0 5 7 -2.0
1 6 7 2.0
0 0 7 -2.0
1 1 6 2.0
1 1 1 2.0
