1 2 4 6.0
0 4 5 -6.0
1 5 2 6.0
0 4 2 -6.0
1 5 3 6.0
0 2 3 -6.0
1 5 4 6.0
0 6 3 -6.0
1 5 5 6.0
0 3 5 -6.0
1 3 2 6.0
0 6 4 1.13
1 4 6 -1.13
0 2 5 -2.23
1 7 5 -7.84
0 2 1 -1.34
1 3 1 -9.27
0 3 6 5.19
1 1 3 -17.43
0 7 4 13.09
1 7 3 -20.24
0 5 1 7.09
1 5 6 -14.74
0 7 2 3.92
1 6 5 -12.36
0 5 7 7.51
1 4 7 -9.09
0 1 4 1.03
1 2 7 -9.15
0 7 6 -0.96
1 0 4 -7.41
0 2 6 6.89
1 1 5 -5.35
0 6 6 2.11
1 3 7 0.57
0 4 1 -10.08
1 6 2 -1.18
0 0 2 -10.25
1 1 2 5.76
0 1 6 -7.73
1 1 0 -0.79
0 0 6 -7.88
1 0 7 9.05
0 1 7 -64
1 0 5 64
0 7 1 -6.0
1 4 0 6.0
0 6 1 -6.0
1 7 0 6.0
0 6 0 -6.0
1 2 2 6.0
0 0 3 -6.0
1 0 1 6.0
0 2 0 -6.0
1 3 0 6.0
0 5 0 -6.0
1 1 1 6.0
0 0 0 -6.0
1 7 7 6.0
1 6 7 6.0
