1 4 2 -2.0
0 5 2 2.0
1 5 3 -2.0
0 5 4 2.0
1 6 3 -2.0
0 3 2 2.0
1 5 1 -2.0
0 6 4 2.0
1 5 5 -2.0
0 7 3 2.0
1 7 4 -2.0
0 7 5 2.0
1 6 5 0.05
0 4 5 0.33
1 3 6 -11.78
0 3 5 2.61
1 2 5 -11.2
0 7 2 0.49
1 4 1 -6.4
0 6 2 2.41
1 2 3 -12.31
0 2 4 3.12
1 3 1 -9.35
0 1 5 -2.2
1 1 4 -2.83
0 2 1 -1.69
1 0 5 -8.42
0 1 2 -2.21
1 2 6 -5.91
0 3 7 -3.01
1 5 6 -3.96
0 4 7 0.36
1 5 7 -4.51
0 4 6 -1.09
1 2 7 -9.17
0 1 3 4.19
1 0 2 -16.02
0 2 0 2.25
1 0 1 -10.99
0 1 7 1.2
1 0 7 -11.73
0 3 0 0.55
1 4 0 -2.65
0 0 6 64
1 1 1 -64
0 2 2 2.0
1 1 6 -2.0
0 0 3 2.0
1 0 4 -2.0
0 5 0 2.0
1 6 1 -2.0
0 0 0 2.0
1 1 0 -2.0
0 7 1 2.0
1 7 0 -2.0
0 6 0 2.0
1 7 6 -2.0
0 6 7 2.0
1 7 7 -2.0
0 6 6 2.0
