1 5 3 10.0
0 5 2 -10.0
1 4 2 10.0
0 5 4 -10.0
1 6 3 10.0
0 4 1 -10.0
1 4 5 10.0
0 6 4 -10.0
1 5 5 10.0
0 3 5 -10.0
1 2 5 5.38
0 7 2 -4.27
1 2 3 5.42
0 2 2 -5.58
1 3 2 4.88
0 1 3 -4.95
1 6 5 4.4
0 2 4 -3.94
1 1 4 4.41
0 5 6 -4.17
1 5 0 4.22
0 4 6 -4.06
1 7 3 3.49
0 3 1 -3.92
1 5 1 3.84
0 2 6 -3.45
1 2 0 3.81
0 1 2 -4.24
1 2 1 4.78
0 7 4 -6.27
1 1 5 7.91
0 0 3 -8.36
1 0 5 8.38
0 0 4 -7.89
1 0 2 8.18
0 1 1 -8.83
1 3 6 8.89
0 1 0 -9.3
1 2 7 9.13
0 4 0 -8.17
1 0 0 7.85
0 0 1 -7.05
1 3 0 5.82
0 3 7 -64
1 4 7 64
0 5 7 -10.0
1 6 7 10.0
0 1 6 -10.0
1 0 7 10.0
0 1 7 -10.0
1 0 6 10.0
0 7 7 -10.0
1 6 6 10.0
0 6 1 -10.0
1 7 0 10.0
0 7 6 -10.0
1 7 5 10.0
0 6 2 -10.0
1 7 1 10.0
0 6 0 -10.0
