1 4 2 26.0
0 5 2 -26.0
1 5 3 26.0
0 5 4 -26.0
1 6 3 26.0
0 4 1 -26.0
1 5 1 26.0
0 7 3 -26.0
1 3 5 26.0
0 2 4 -7.48
1 4 5 1.02
0 5 6 -11.41
1 6 2 2.63
0 3 2 -13.02
1 5 5 1.84
0 7 2 -10.64
1 4 0 -0.1
0 6 4 -7.06
1 2 1 -0.2
0 5 0 -11.69
1 2 5 5.94
0 3 6 -13.01
1 2 3 2.87
0 4 6 -13.69
1 2 6 7.31
0 1 3 -17.98
1 3 7 5.58
0 1 5 -11.88
1 2 2 12.26
0 2 7 -13.16
1 1 7 8.57
0 3 0 -19.34
1 6 1 9.91
0 1 4 -22.26
1 7 4 16.11
0 7 0 -24.45
1 7 5 13.23
0 6 5 -20.72
1 3 1 16.89
0 1 6 -27.54
1 0 3 13.86
0 0 4 -21.45
1 6 0 18.7
0 0 2 -64
1 1 1 64
0 0 0 -26.0
1 6 7 26.0
0 5 7 -26.0
1 4 7 26.0
0 1 2 -26.0
1 0 7 26.0
0 6 6 -26.0
1 0 1 26.0
0 1 0 -26.0
1 2 0 26.0
0 7 6 -26.0
1 7 7 26.0
0 0 6 -26.0
1 0 5 26.0
1 7 1 26.0
