1 2 4 38.0
0 4 5 -38.0
1 5 4 38.0
0 2 3 -38.0
1 4 2 38.0
0 3 2 -38.0
1 1 3 38.0
0 1 4 -38.0
1 3 5 38.0
0 5 3 -38.0
1 1 2 0.81
0 5 1 -5.83
1 5 5 -10.07
0 2 5 -2.34
1 1 5 -7.23
0 3 6 0.8
1 4 6 -10.01
0 2 6 3.94
1 2 2 -6.41
0 5 7 6.43
1 3 1 -6.14
0 6 3 -2.28
1 6 4 -6.31
0 7 3 1.14
1 7 2 -13.13
0 6 5 7.64
1 5 2 -12.37
0 7 1 5.37
1 5 0 -9.1
0 6 2 5.83
1 2 7 -5.61
0 0 4 -6.37
1 0 3 4.81
0 0 5 -4.8
1 3 7 -2.29
0 4 1 -4.09
1 7 4 -6.55
0 7 5 -7.81
1 2 1 0.19
0 4 7 -6.02
1 6 7 0.16
0 3 0 -10.7
1 4 0 1.4
0 1 0 -64
1 2 0 64
0 1 6 -38.0
1 0 0 38.0
0 0 1 -38.0
1 0 2 38.0
0 1 1 -38.0
1 5 6 38.0
0 6 1 -38.0
1 6 0 38.0
0 6 6 -38.0
1 7 0 38.0
1 7 6 38.0
1 7 7 38.0
1 0 6 38.0
0 0 7 -38.0
1 1 7 38.0
