1 2 4 32.0
0 2 5 -32.0
1 3 5 32.0
0 4 5 -32.0
1 3 6 32.0
0 1 4 -32.0
1 5 4 32.0
0 5 5 -32.0
1 3 2 32.0
0 5 3 -32.0
1 4 6 32.0
0 5 6 -32.0
1 2 6 5.3
0 4 2 -13.73
1 1 5 2.11
0 5 7 -6.53
1 1 3 -1.16
0 0 2 -2.95
1 2 3 7.27
0 0 4 -19.44
1 0 5 11.31
0 2 1 -18.7
1 5 2 12.09
0 5 1 -26.79
1 0 3 12.77
0 0 6 -21.58
1 6 4 13.45
0 6 5 -22.87
1 4 7 17.23
0 1 2 -24.02
1 6 3 18.02
0 7 5 -24.03
1 6 7 14.38
0 1 6 -25.28
1 2 2 12.9
0 3 1 -25.89
1 0 7 20.97
0 6 2 -21.97
1 6 6 23.73
0 7 7 -27.63
1 7 3 17.41
0 3 7 -25.2
1 7 6 23.18
0 7 4 -64
1 7 2 64
0 2 7 -32.0
1 1 7 32.0
0 7 1 -32.0
1 7 0 32.0
1 4 0 32.0
0 5 0 -32.0
1 4 1 32.0
0 3 0 -32.0
1 0 1 32.0
0 6 1 -32.0
1 6 0 32.0
0 1 1 -32.0
1 0 0 32.0
0 1 0 -32.0
1 2 0 32.0
