1 5 3 -34.0
0 5 2 34.0
1 4 2 -34.0
0 5 4 34.0
1 2 5 -34.0
0 3 2 34.0
1 5 5 -34.0
0 2 4 34.0
1 2 3 -34.0
0 1 4 34.0
1 0 3 -34.0
0 0 5 34.0
1 2 2 -34.0
0 1 5 34.0
1 6 3 -34.0
0 4 5 6.71
1 6 2 -14.05
0 1 3 3.27
1 3 5 -13.56
0 3 1 4.66
1 6 4 -15.74
0 2 1 5.73
1 1 2 -19.73
0 5 1 4.84
1 4 1 -15.29
0 5 0 10.17
1 0 4 -13.88
0 7 4 5.88
1 3 0 -11.65
0 0 2 4.54
1 7 3 -10.69
0 7 2 17.23
1 1 1 -20.05
0 4 0 25.09
1 7 1 -30.76
0 0 0 21.15
1 7 5 -25.11
0 0 1 27.51
1 6 0 -32.94
0 2 0 31.63
1 1 6 -32.44
0 4 6 26.33
1 5 6 -34.52
0 7 0 64
1 6 1 -64
0 0 6 34.0
1 3 7 -34.0
0 3 6 34.0
1 1 0 -34.0
0 7 6 34.0
1 2 7 -34.0
0 0 7 34.0
1 2 6 -34.0
0 5 7 34.0
1 4 7 -34.0
0 1 7 34.0
1 6 5 -34.0
0 6 6 34.0
1 6 7 -34.0
0 7 7 34.0
