1 5 3 34.0
0 3 2 -34.0
1 2 3 34.0
0 5 4 -34.0
1 4 5 34.0
0 2 2 -34.0
1 3 5 34.0
0 5 5 -34.0
1 6 4 34.0
0 6 3 2.42
1 5 2 -2.52
0 2 5 2.5
1 5 6 -2.07
0 3 6 0.7
1 4 6 -0.02
0 2 4 -0.34
1 6 5 0.65
0 4 7 -0.91
1 2 7 0.98
0 2 6 -0.6
1 1 5 1.0
0 4 2 -1.7
1 5 7 1.63
0 1 4 -0.68
1 3 7 0.66
0 0 5 -0.25
1 7 4 0.64
0 6 2 -0.77
1 5 1 0.08
0 7 3 -0.49
1 1 3 0.49
0 0 4 -0.46
1 4 1 0.96
0 3 1 -1.9
1 2 0 1.48
0 7 5 -2.3
1 1 6 3.05
0 3 0 -2.48
1 7 2 3.04
0 7 1 -3.6
1 6 1 2.44
0 4 0 -2.27
1 6 0 5.64
0 1 0 -64
1 0 2 64
0 0 3 -34.0
1 0 6 34.0
0 1 7 -34.0
1 0 7 34.0
0 6 6 -34.0
1 7 6 34.0
0 7 7 -34.0
1 6 7 34.0
0 5 0 -34.0
1 0 0 34.0
1 1 1 34.0
0 2 1 -34.0
1 7 0 34.0
0 0 1 -34.0
1 1 2 34.0
