1 2 4 14.0
0 4 5 -14.0
1 5 4 14.0
0 2 3 -14.0
1 3 2 14.0
0 5 5 -14.0
1 4 2 14.0
0 2 5 -14.0
1 3 5 14.0
0 4 6 -14.0
1 1 2 14.0
0 5 3 -14.0
1 6 3 14.0
0 6 2 -14.0
1 6 5 14.0
0 6 4 -1.05
1 1 4 2.88
0 7 5 -4.26
1 2 6 -2.27
0 1 5 -0.62
1 5 7 -5.16
0 0 3 5.42
1 6 6 -11.85
0 5 6 5.8
1 5 2 -8.67
0 3 7 4.58
1 7 3 -11.06
0 4 7 1.96
1 6 7 -8.38
0 7 7 0.38
1 5 1 -17.21
0 1 3 8.35
1 0 4 -10.23
0 5 0 -1.38
1 0 5 -6.79
0 1 6 3.64
1 4 0 -6.19
0 7 4 6.12
1 2 2 -15.47
0 3 6 8.88
1 6 0 -11.52
0 1 1 -3.37
1 7 6 -6.09
0 0 6 -64
1 7 2 64
0 7 1 -14.0
1 0 1 14.0
0 0 2 -14.0
1 0 0 14.0
0 2 1 -14.0
1 0 7 14.0
0 4 1 -14.0
1 3 0 14.0
0 6 1 -14.0
1 3 1 14.0
0 1 0 -14.0
1 2 0 14.0
1 7 0 14.0
0 1 7 -14.0
1 2 7 14.0
