1 5 3 38.0
0 5 2 -38.0
1 4 2 38.0
0 5 4 -38.0
1 6 3 38.0
0 4 1 -38.0
1 4 5 38.0
0 6 2 -38.0
1 3 5 38.0
0 2 3 -38.0
1 3 2 38.0
0 2 2 -38.0
1 5 1 38.0
0 2 4 -38.0
1 4 0 38.0
0 6 5 0.25
1 5 5 -0.25
0 2 6 1.71
1 2 5 3.47
0 7 3 -11.26
1 6 4 -3.44
0 7 4 -10.51
1 3 1 -0.44
0 2 1 -8.13
1 1 5 4.14
0 5 6 -14.6
1 4 6 2.37
0 2 0 -11.66
1 1 4 3.49
0 6 0 -15.39
1 2 7 5.28
0 1 2 -13.73
1 1 3 5.08
0 3 7 -12.42
1 5 0 11.05
0 3 0 -18.07
1 4 7 8.63
0 0 4 -15.74
1 0 2 5.57
0 0 3 -11.26
1 0 5 6.02
0 3 6 -18.1
1 5 7 17.41
0 6 7 -64
1 7 7 64
0 6 6 -38.0
1 7 6 38.0
0 7 5 -38.0
1 7 2 38.0
0 0 6 -38.0
1 0 7 38.0
0 1 7 -38.0
1 1 6 38.0
0 7 1 -38.0
1 6 1 38.0
1 7 0 38.0
1 1 1 38.0
0 1 0 -38.0
1 0 1 38.0
1 0 0 38.0
