1 5 3 -4.0
0 3 2 4.0
1 2 3 -4.0
0 5 4 4.0
1 4 5 -4.0
0 5 2 4.0
1 5 5 -4.0
0 2 4 4.0
1 3 5 -4.0
0 4 6 -4.23
1 5 6 4.23
0 4 2 -4.34
1 6 4 3.47
0 2 2 -3.98
1 2 5 4.47
0 3 6 -4.82
1 6 2 2.7
0 6 3 -2.44
1 4 1 1.39
0 7 5 -0.42
1 5 1 0.0
0 3 1 0.28
1 3 7 -1.44
0 6 5 3.16
1 7 3 -5.05
0 7 4 5.51
1 7 6 -5.33
0 2 6 7.41
1 2 0 -7.98
0 4 0 6.92
1 1 4 -6.25
0 1 3 7.02
1 4 7 -9.02
0 2 7 10.21
1 1 7 -10.1
0 7 2 9.78
1 7 1 -9.56
0 5 0 9.74
1 0 3 -9.26
0 0 2 6.84
1 1 5 -6.81
0 1 2 7.34
1 0 1 -7.94
0 0 4 64
1 0 5 -64
0 6 1 4.0
1 7 0 -4.0
0 6 0 4.0
1 3 0 -4.0
0 2 1 4.0
1 6 6 -4.0
0 5 7 4.0
1 1 0 -4.0
0 0 7 4.0
1 6 7 -4.0
0 7 7 4.0
1 1 1 -4.0
0 0 0 4.0
0 0 6 4.0
1 1 6 -4.0
