1 4 2 44.0
0 5 4 -44.0
1 4 5 44.0
0 3 2 -44.0
1 2 3 44.0
0 5 5 -44.0
1 5 3 44.0
0 6 2 -44.0
1 6 4 44.0
0 5 2 -44.0
1 4 6 -8.44
0 2 5 -5.71
1 2 4 -6.42
0 7 5 -4.32
1 2 6 -3.89
0 5 6 -3.13
1 3 1 -7.28
0 2 2 -0.01
1 6 3 -7.9
0 3 5 -0.54
1 3 6 -12.59
0 4 7 0.37
1 2 1 -6.04
0 7 4 1.01
1 4 1 -4.91
0 1 3 -4.69
1 1 5 -4.25
0 0 5 -7.98
1 7 3 -1.45
0 1 4 -0.41
1 7 6 -1.21
0 7 2 -3.66
1 7 1 4.47
0 5 1 -13.04
1 4 0 9.14
0 6 0 -16.88
1 1 6 10.29
0 1 0 -22.94
1 2 0 19.48
0 3 7 -24.23
1 6 5 25.24
0 0 7 -34.19
1 0 0 33.41
0 3 0 -64
1 5 0 64
0 6 1 -44.0
1 7 0 44.0
0 6 6 -44.0
1 7 7 44.0
0 6 7 -44.0
1 5 7 44.0
0 1 1 -44.0
1 0 1 44.0
0 1 2 -44.0
1 0 2 44.0
0 0 3 -44.0
1 0 4 44.0
1 2 7 44.0
1 1 7 44.0
1 0 6 44.0
