1 4 2 20.0
0 5 4 -20.0
1 3 5 20.0
0 4 1 -20.0
1 5 5 20.0
0 5 6 -20.0
1 5 2 4.26
0 6 2 -7.37
1 6 5 -2.8
0 7 5 0.9
1 5 1 -8.63
0 5 3 -2.17
1 6 3 -8.22
0 7 4 4.77
1 7 2 -6.97
0 3 2 -1.65
1 2 2 -10.95
0 4 5 0.23
1 5 0 -6.16
0 2 3 -4.52
1 4 6 -2.3
0 3 7 -4.84
1 7 3 -5.08
0 7 1 -8.58
1 6 4 0.11
0 2 4 -5.1
1 3 6 -7.76
0 2 5 5.3
1 1 3 -0.42
0 2 1 -6.9
1 6 7 -4.76
0 5 7 -8.87
1 3 1 -2.75
0 0 3 -9.21
1 2 0 -5.93
0 1 2 -1.08
1 1 5 -7.28
0 1 4 4.57
1 0 2 -4.76
0 7 7 -6.8
1 4 7 0.94
0 0 6 -12.19
1 0 4 4.57
0 3 0 -64
1 2 7 64
0 4 0 -20.0
1 2 6 20.0
0 1 7 -20.0
1 6 1 20.0
0 6 0 -20.0
1 7 0 20.0
0 1 6 -20.0
1 0 5 20.0
0 0 1 -20.0
1 0 7 20.0
1 0 0 20.0
1 1 1 20.0
0 1 0 -20.0
1 7 6 20.0
1 6 6 20.0
