1 2 4 4.0
0 4 5 -4.0
1 5 2 4.0
0 4 2 -4.0
1 5 3 4.0
0 2 3 -4.0
1 2 5 4.0
0 1 4 -4.0
1 5 5 4.0
0 3 2 -4.0
1 4 6 -0.19
0 6 2 0.19
1 5 1 -0.19
0 6 3 3.55
1 7 4 -8.5
0 7 3 -3.67
1 7 2 -9.95
0 4 1 2.23
1 5 4 -1.8
0 5 6 -9.41
1 3 0 -2.66
0 6 1 -10.8
1 3 1 -0.61
0 4 0 -10.17
1 1 5 0.19
0 4 7 -13.5
1 2 1 2.28
0 3 6 -12.77
1 0 4 5.33
0 6 5 -13.86
1 7 0 0.86
0 2 2 -13.13
1 1 3 2.68
0 6 4 -11.46
1 2 6 5.16
0 1 2 -13.73
1 5 0 8.11
0 2 0 -15.43
1 3 5 13.53
0 0 2 -15.28
1 0 3 1.16
0 0 1 -10.06
1 1 0 5.08
0 1 7 -64
1 2 7 64
0 3 7 -4.0
1 0 0 4.0
0 1 1 -4.0
1 6 7 4.0
0 5 7 -4.0
1 0 7 4.0
0 0 6 -4.0
1 7 5 4.0
0 6 6 -4.0
1 0 5 4.0
0 1 6 -4.0
1 7 6 4.0
0 6 0 -4.0
0 7 7 -4.0
0 7 1 -4.0
