1 2 4 0.0
0 2 5 0.0
1 3 5 0.0
0 4 5 0.0
1 5 4 0.0
0 2 3 0.0
1 4 6 0.0
0 5 3 0.0
1 5 2 0.0
0 6 3 0.0
1 4 2 0.0
0 5 5 0.0
1 6 5 0.0
0 6 4 0.0
1 5 6 2.63
0 6 2 -2.63
1 7 5 -6.19
0 7 4 -4.77
1 2 2 -2.89
0 5 1 -6.66
1 1 4 5.48
0 0 4 -9.49
1 4 1 6.2
0 3 2 -10.23
1 1 2 0.09
0 1 3 -8.15
1 2 1 -2.37
0 3 6 -3.97
1 3 1 1.79
0 5 0 -7.64
1 4 0 5.63
0 0 2 -15.09
1 0 3 3.27
0 1 0 -12.37
1 7 1 0.82
0 7 2 -2.8
1 0 5 -2.0
0 7 0 -9.77
1 0 1 1.64
0 4 7 -4.54
1 2 0 1.65
0 3 0 -6.94
1 6 7 -1.01
0 7 3 0
1 6 0 0
0 6 1 0.0
1 2 7 0.0
0 7 6 0.0
1 2 6 0.0
0 3 7 0.0
1 5 7 0.0
0 6 6 0.0
1 7 7 0.0
0 1 7 0.0
1 0 0 0.0
0 1 1 0.0
1 1 6 0.0
0 1 5 0.0
1 0 6 0.0
0 0 7 0.0
