1 5 3 18.0
0 5 2 -18.0
1 4 2 18.0
0 5 4 -18.0
1 4 5 18.0
0 2 3 -18.0
1 2 4 18.0
0 4 1 -18.0
1 1 3 18.0
0 4 6 -18.0
1 5 6 18.0
0 2 5 -18.0
1 3 5 1.74
0 5 5 0.91
1 6 4 -8.07
0 3 2 -2.5
1 3 6 -6.82
0 1 5 -4.71
1 1 4 -6.11
0 0 2 -2.13
1 2 6 -1.76
0 7 4 -11.41
1 6 5 2.89
0 0 4 -9.8
1 3 1 3.9
0 2 1 -9.1
1 5 0 0.16
0 2 2 -2.06
1 0 5 -1.08
0 5 7 -6.26
1 5 1 2.06
0 4 0 -8.45
1 2 0 -1.64
0 6 2 -6.61
1 4 7 3.24
0 1 2 -10.96
1 3 0 -0.92
0 2 7 -11.61
1 0 3 -0.91
0 3 7 -9.29
1 0 1 1.62
0 7 5 -12.58
1 6 0 4.58
0 6 7 -64
1 7 3 64
0 7 2 -18.0
1 6 6 18.0
0 7 7 -18.0
1 6 3 18.0
0 6 1 -18.0
1 7 6 18.0
0 1 1 -18.0
1 0 0 18.0
0 0 6 -18.0
1 1 0 18.0
1 0 7 18.0
1 7 1 18.0
0 7 0 -18.0
1 1 6 18.0
1 1 7 18.0
