1 4 2 10.0
0 5 2 -10.0
1 5 3 10.0
0 3 2 -10.0
1 4 1 10.0
0 6 3 -10.0
1 2 3 10.0
0 5 1 -10.0
1 2 4 10.0
0 4 5 -10.0
1 5 4 10.0
0 5 5 -10.0
1 6 2 10.0
0 3 5 -10.0
1 7 3 10.0
0 2 1 0.0
1 2 5 1.3
0 1 2 -0.17
1 2 6 1.25
0 1 4 0.27
1 6 4 -3.18
0 7 4 -13.23
1 7 5 0.6
0 4 6 -6.84
1 5 0 3.23
0 7 1 -11.78
1 0 3 -3.3
0 0 5 -8.37
1 3 6 -1.45
0 3 1 -5.29
1 4 7 -2.31
0 5 7 -8.33
1 6 7 -2.3
0 3 7 -2.55
1 2 7 9.08
0 6 5 -12.13
1 5 6 11.16
0 4 0 -10.33
1 2 2 -0.02
0 1 6 -10.96
1 1 5 -2.34
0 1 3 -5.53
1 0 4 2.24
0 0 6 -64
1 0 2 64
0 0 1 -10.0
1 3 0 10.0
0 2 0 -10.0
1 1 0 10.0
0 6 1 -10.0
1 0 7 10.0
0 1 7 -10.0
1 7 0 10.0
0 6 0 -10.0
1 0 0 10.0
0 1 1 -10.0
1 7 2 10.0
0 7 7 -10.0
0 7 6 -10.0
1 6 6 10.0
