1 5 3 -14.0
0 3 2 14.0
1 2 4 -14.0
0 3 5 14.0
1 2 5 -14.0
0 5 4 14.0
1 2 3 -14.0
0 1 5 14.0
1 2 6 -14.0
0 1 4 14.0
1 4 5 -14.0
0 4 2 14.0
1 2 2 -14.0
0 5 2 14.0
1 3 1 -14.0
0 1 3 14.0
1 4 1 -14.0
0 2 1 14.0
1 1 2 -14.0
0 5 0 6.49
1 6 3 -6.49
0 2 0 6.49
1 0 5 -6.49
0 0 3 6.49
1 0 4 -6.49
0 0 6 6.49
1 0 1 -6.49
0 3 6 6.49
1 2 7 -2.66
0 5 6 0.38
1 4 6 -0.89
0 7 3 2.01
1 6 2 -1.35
0 5 5 1.91
1 7 2 -3.1
0 7 4 3.59
1 7 5 -2.88
0 5 1 4.6
1 6 4 -6.91
0 5 7 7.35
1 3 0 -5.06
0 4 7 3.86
1 3 7 -5.12
0 0 2 64
1 0 7 -64
0 4 0 14.0
1 1 6 -14.0
0 1 0 14.0
1 6 6 -14.0
0 7 7 14.0
1 6 5 -14.0
0 6 7 14.0
1 7 6 -14.0
0 1 7 14.0
1 6 0 -14.0
0 7 0 14.0
1 1 1 -14.0
0 0 0 14.0
0 7 1 14.0
1 6 1 -14.0
