1 4 2 -44.0
0 5 4 44.0
1 2 5 -44.0
0 2 4 44.0
1 3 5 -44.0
0 3 2 44.0
1 5 2 -44.0
0 4 1 44.0
1 5 1 0.7
0 2 2 -4.35
1 3 0 -4.61
0 5 0 -1.13
1 1 4 -12.12
0 6 2 2.89
1 6 3 -15.02
0 5 3 2.34
1 3 1 -15.34
0 7 2 10.31
1 5 5 -13.08
0 2 0 5.71
1 2 1 -19.18
0 4 0 11.24
1 7 3 -25.02
0 4 5 13.95
1 6 4 -22.55
0 7 4 14.66
1 2 3 -20.96
0 7 5 16.83
1 6 1 -31.73
0 3 6 19.34
1 2 6 -26.95
0 1 5 18.39
1 5 6 -25.3
0 3 7 18.68
1 2 7 -30.2
0 4 6 20.04
1 7 1 -25.35
0 1 7 19.45
1 7 6 -28.69
0 6 7 28.66
1 6 5 -36.41
0 6 0 36.97
1 6 6 -39.68
0 7 0 64
1 0 6 -64
0 1 0 44.0
1 1 1 -44.0
0 1 3 44.0
1 1 2 -44.0
0 0 0 44.0
1 0 1 -44.0
0 0 2 44.0
1 0 3 -44.0
0 0 5 44.0
1 0 4 -44.0
0 0 7 44.0
0 5 7 44.0
1 4 7 -44.0
0 7 7 44.0
0 1 6 44.0
