1 2 4 0.0
0 2 5 0.0
1 3 5 0.0
0 4 5 0.0
1 5 4 0.0
0 2 3 0.0
1 4 2 0.0
0 5 5 0.0
1 5 6 0.0
0 5 2 0.0
1 3 2 0.89
0 5 1 -0.89
1 4 6 -0.57
0 2 2 -0.19
1 2 6 0.53
0 5 3 -0.36
1 4 1 0.93
0 5 0 -0.6
1 3 1 0.17
0 2 0 0.23
1 6 3 -1.49
0 3 6 0.63
1 1 4 -0.3
0 1 5 0.94
1 2 7 -2.45
0 6 2 2.2
1 1 2 -2.27
0 0 4 3.24
1 0 3 -3.39
0 0 2 2.99
1 4 0 -5.23
0 3 0 6.75
1 1 3 -6.34
0 0 5 7.17
1 6 4 -5.7
0 7 3 5.16
1 7 1 -5.13
0 1 6 5.98
1 7 2 -5.92
0 7 4 2.66
1 6 5 -1.79
0 7 0 2.5
1 2 1 -1.51
0 1 7 0
1 0 7 0
0 0 6 0.0
1 0 1 0.0
0 7 5 0.0
1 3 7 0.0
0 1 1 0.0
1 6 0 0.0
0 6 1 0.0
1 6 6 0.0
0 7 7 0.0
1 7 6 0.0
0 6 7 0.0
1 0 0 0.0
0 1 0 0.0
1 4 7 0.0
0 5 7 0.0
