1 4 2 12.0
0 5 4 -12.0
1 2 5 12.0
0 2 4 -12.0
1 3 5 12.0
0 3 2 -12.0
1 5 2 12.0
0 4 1 -12.0
1 2 3 12.0
0 2 2 -12.0
1 3 1 12.0
0 2 0 -12.0
1 2 1 12.0
0 1 2 -12.0
1 5 3 -8.42
0 3 6 -3.96
1 6 4 -0.8
0 5 5 -4.63
1 5 6 -4.61
0 6 3 -3.69
1 7 2 -2.56
0 1 3 0.99
1 4 5 -3.06
0 6 5 -7.99
1 1 4 0.66
0 2 6 -6.95
1 5 0 -7.57
0 4 0 -0.23
1 0 3 -8.29
0 5 7 -2.16
1 7 5 -3.73
0 4 6 3.23
1 1 5 -3.79
0 6 6 -2.46
1 6 1 -2.3
0 5 1 -0.49
1 6 2 0.78
0 0 1 -8.79
1 6 0 1.07
0 7 6 -14.34
1 0 2 1.82
0 0 6 -14.36
1 3 0 2.56
0 0 5 -64
1 0 0 64
0 7 0 -12.0
1 0 4 12.0
0 7 1 -12.0
1 0 7 12.0
0 1 1 -12.0
1 1 0 12.0
0 7 4 -12.0
1 1 6 12.0
0 7 3 -12.0
1 2 7 12.0
0 1 7 -12.0
1 3 7 12.0
0 4 7 -12.0
1 6 7 12.0
1 7 7 12.0
