1 5 3 -30.0
0 3 2 30.0
1 2 4 -30.0
0 3 5 30.0
1 2 3 -30.0
0 5 4 30.0
1 4 5 -30.0
0 5 5 30.0
1 2 6 -30.0
0 2 2 30.0
1 4 2 -30.0
0 3 6 30.0
1 6 4 -30.0
0 1 2 30.0
1 1 3 -30.0
0 6 5 30.0
1 3 7 -30.0
0 2 5 -1.76
1 5 6 -8.75
0 7 4 1.84
1 3 1 -13.25
0 4 6 4.87
1 7 5 -9.16
0 7 6 -1.38
1 6 3 -10.77
0 0 2 5.34
1 1 5 -13.96
0 1 4 4.12
1 0 5 -9.73
0 0 4 8.17
1 5 7 -16.88
0 2 7 17.65
1 0 3 -15.88
0 1 6 18.49
1 0 1 -21.95
0 4 7 28.05
1 6 7 -34.59
0 7 7 25.77
1 6 6 -24.62
0 7 3 18.17
1 0 7 -23.51
0 0 6 26.21
1 6 2 -31.51
0 7 2 64
1 5 2 -64
0 0 0 30.0
1 1 7 -30.0
0 3 0 30.0
1 4 1 -30.0
0 2 1 30.0
1 4 0 -30.0
0 1 1 30.0
1 2 0 -30.0
0 1 0 30.0
0 5 0 30.0
1 5 1 -30.0
0 7 1 30.0
1 6 1 -30.0
0 6 0 30.0
1 7 0 -30.0
