1 4 2 -2.0
0 5 2 2.0
1 5 3 -2.0
0 5 4 2.0
1 6 2 -2.0
0 2 3 2.0
1 6 4 -2.0
0 6 3 2.0
1 7 4 -2.0
0 7 2 2.0
1 4 5 1.78
0 5 5 0.05
1 4 6 0.66
0 6 5 -0.7
1 3 5 1.21
0 4 1 -1.39
1 2 2 0.73
0 3 1 -1.23
1 5 1 1.28
0 3 2 -0.8
1 2 0 0.42
0 3 0 0.55
1 1 3 -0.98
0 4 7 2.02
1 7 5 -2.51
0 7 3 2.12
1 2 4 -1.23
0 7 6 2.23
1 4 0 -1.74
0 2 6 1.41
1 3 6 -2.18
0 2 7 1.1
1 5 6 -0.64
0 2 5 0.36
1 3 7 0.26
0 1 2 -0.21
1 2 1 -0.29
0 0 3 1.52
1 0 4 -3.09
0 0 5 3.26
1 5 7 -1.13
0 1 5 -0.1
1 1 4 -0.59
0 6 7 64
1 0 1 -64
0 5 0 2.0
1 6 0 -2.0
0 1 6 2.0
1 6 1 -2.0
0 7 1 2.0
1 1 7 -2.0
0 0 7 2.0
1 0 6 -2.0
0 0 2 2.0
1 7 0 -2.0
0 0 0 2.0
1 7 7 -2.0
0 6 6 2.0
1 1 1 -2.0
0 1 0 2.0
