1 4 2 6.0
0 5 4 -6.0
1 2 5 6.0
0 2 4 -6.0
1 3 5 6.0
0 3 2 -6.0
1 4 5 6.0
0 2 6 -6.0
1 1 5 6.0
0 3 6 -6.0
1 2 3 6.0
0 5 3 -6.0
1 5 5 6.0
0 5 2 -6.0
1 4 7 6.0
0 3 7 -6.0
1 4 6 6.0
0 5 7 -6.0
1 6 4 6.0
0 6 5 -6.0
1 6 3 6.0
0 7 3 -6.0
1 5 6 6.0
0 7 2 -6.0
1 2 1 6.0
0 6 2 0.0
1 4 1 6.78
0 0 5 -6.78
1 7 5 7.94
0 3 0 -3.62
1 4 0 -1.61
0 1 4 -2.77
1 7 4 -4.09
0 6 7 -8.65
1 2 0 5.79
0 7 6 -5.71
1 1 6 2.37
0 6 6 -18.89
1 7 7 2.7
0 3 1 -15.77
1 6 1 2.52
0 2 2 -10.3
1 2 7 -3.39
0 7 0 -64
1 7 1 64
0 5 1 -6.0
1 0 3 6.0
0 1 3 -6.0
1 0 2 6.0
0 0 7 -6.0
1 0 4 6.0
0 1 7 -6.0
1 0 6 6.0
0 1 2 -6.0
1 1 1 6.0
0 1 0 -6.0
1 0 1 6.0
0 0 0 -6.0
0 5 0 -6.0
1 6 0 6.0
