1 4 2 -2.0
0 5 4 2.0
1 2 5 -2.0
0 2 4 2.0
1 3 5 -2.0
0 3 2 2.0
1 5 2 -2.0
0 2 2 2.0
1 5 3 -2.0
0 6 3 2.0
1 6 2 -2.0
0 4 5 2.0
1 2 3 -2.0
0 1 3 2.0
1 3 1 -2.0
0 1 4 2.0
1 1 2 -2.0
0 5 1 2.0
1 6 5 -2.0
0 4 1 2.0
1 2 1 -0.05
0 7 2 -7.48
1 6 4 -4.29
0 5 5 -2.74
1 0 5 -8.26
0 0 4 -2.01
1 7 3 -5.78
0 0 6 -2.49
1 0 3 -10.6
0 0 2 0.48
1 4 6 -11.04
0 1 5 7.07
1 3 0 -15.73
0 5 0 17.48
1 4 0 -16.18
0 7 4 9.24
1 1 1 -9.86
0 2 6 4.02
1 6 0 -8.57
0 6 6 -1.27
1 7 6 -8.06
0 0 0 2.43
1 0 1 -11.94
0 1 0 64
1 2 0 -64
0 7 5 2.0
1 7 1 -2.0
0 7 0 2.0
1 7 7 -2.0
0 6 1 2.0
1 5 6 -2.0
0 3 6 2.0
1 1 7 -2.0
0 1 6 2.0
1 0 7 -2.0
0 4 7 2.0
1 2 7 -2.0
0 5 7 2.0
1 3 7 -2.0
0 6 7 2.0
