1 5 3 -6.0
0 3 2 6.0
1 2 3 -6.0
0 5 4 6.0
1 3 5 -6.0
0 4 5 6.0
1 6 4 -6.0
0 6 3 6.0
1 4 6 -6.0
0 2 4 6.0
1 5 5 -6.0
0 4 2 6.34
1 7 2 -15.15
0 6 5 1.72
1 1 3 -12.48
0 4 7 -1.65
1 5 2 -9.65
0 3 6 3.32
1 2 5 -12.74
0 2 6 3.35
1 7 5 -13.77
0 7 4 5.97
1 2 1 -10.95
0 5 1 4.09
1 7 3 -7.17
0 5 6 -3.89
1 3 1 -8.53
0 1 5 -7.3
1 1 4 -1.18
0 6 2 1.04
1 0 5 -6.31
0 4 1 6.8
1 5 0 -6.06
0 0 2 3.97
1 2 7 -12.64
0 3 7 10.4
1 7 1 -10.7
0 4 0 1.31
1 2 2 -8.97
0 0 3 6.34
1 3 0 -12.07
0 1 7 0.68
1 0 4 -1.73
0 0 6 64
1 6 7 -64
0 1 6 6.0
1 6 1 -6.0
0 1 2 6.0
1 6 6 -6.0
0 7 7 6.0
1 5 7 -6.0
0 7 6 6.0
1 0 7 -6.0
0 7 0 6.0
1 1 1 -6.0
0 0 0 6.0
1 0 1 -6.0
0 6 0 6.0
0 2 0 6.0
