1 4 2 2.0
0 5 2 -2.0
1 5 3 2.0
0 5 4 -2.0
1 6 3 2.0
0 3 2 -2.0
1 5 1 2.0
0 6 4 -2.0
1 5 5 2.0
0 7 3 -2.0
1 7 4 2.0
0 7 5 -2.0
1 6 5 0.05
0 4 5 0.66
1 2 5 -3.06
0 2 3 -3.63
1 4 1 -7.28
0 3 1 -8.78
1 2 2 1.73
0 1 3 -5.73
1 2 1 5.95
0 2 0 -12.62
1 1 4 2.06
0 1 2 -10.53
1 3 6 0.33
0 5 6 -8.28
1 2 4 0.31
0 7 2 -11.3
1 6 2 1.95
0 2 7 -5.51
1 4 6 -0.21
0 3 5 -5.31
1 4 7 4.27
0 5 7 -15.28
1 3 7 6.18
0 2 6 -10.3
1 1 5 -2.53
0 0 4 -7.56
1 0 2 -4.8
0 0 5 -5.95
1 0 3 -2.09
0 5 0 -2.87
1 0 6 -0.54
0 1 1 -64
1 7 6 64
0 7 7 -2.0
1 6 1 2.0
0 7 0 -2.0
1 6 7 2.0
0 7 1 -2.0
1 4 0 2.0
0 6 6 -2.0
1 3 0 2.0
0 0 1 -2.0
1 0 0 2.0
0 1 0 -2.0
1 6 0 2.0
0 1 7 -2.0
1 1 6 2.0
0 0 7 -2.0
