1 4 2 26.0
0 5 2 -26.0
1 5 3 26.0
0 5 4 -26.0
1 6 3 26.0
0 6 2 -26.0
1 6 4 26.0
0 7 2 -26.0
1 5 1 -3.95
0 2 3 -6.92
1 7 4 -1.43
0 7 3 -6.9
1 7 1 -2.57
0 4 1 -8.83
1 4 5 -1.11
0 4 6 -6.7
1 3 0 8.5
0 4 0 -16.3
1 5 0 20.51
0 5 5 -25.95
1 3 5 11.04
0 2 4 -21.48
1 3 2 20.03
0 2 1 -22.98
1 2 5 10.91
0 2 6 -19.38
1 6 5 25.13
0 6 1 -34.28
1 2 2 24.94
0 7 5 -26.84
1 7 6 29.28
0 6 6 -30.07
1 2 0 27.76
0 3 1 -33.11
1 3 6 30.12
0 1 1 -34.22
1 4 7 31.63
0 2 7 -35.71
1 1 5 21.7
0 0 6 -31.87
1 1 3 19.23
0 3 7 -28.59
1 1 7 18.16
0 0 2 -64
1 0 0 64
0 1 2 -26.0
1 1 0 26.0
0 0 1 -26.0
1 0 5 26.0
0 0 4 -26.0
1 1 4 26.0
0 0 3 -26.0
1 7 7 26.0
0 6 7 -26.0
1 0 7 26.0
0 1 6 -26.0
1 5 6 26.0
0 5 7 -26.0
1 6 0 26.0
0 7 0 -26.0
