1 2 4 -18.0
0 4 5 18.0
1 5 4 -18.0
0 2 3 18.0
1 3 2 -18.0
0 5 5 18.0
1 4 2 -18.0
0 2 5 18.0
1 3 5 -18.0
0 4 6 18.0
1 1 3 -18.0
0 5 3 18.0
1 1 4 -18.0
0 5 2 18.0
1 6 3 -18.0
0 3 1 18.0
1 2 2 -18.0
0 4 1 2.55
1 6 4 -2.55
0 6 5 3.15
1 5 6 -3.63
0 4 7 -1.6
1 5 1 -10.95
0 1 2 1.6
1 0 2 -11.87
0 2 1 -0.88
1 1 5 -6.37
0 7 5 -3.98
1 2 0 -5.91
0 7 3 0.42
1 3 7 -11.98
0 2 7 5.13
1 6 2 -7.31
0 4 0 -5.45
1 5 7 -4.6
0 2 6 -6.48
1 3 6 -5.98
0 6 7 -1.34
1 3 0 -5.73
0 0 3 1.03
1 6 0 -2.05
0 5 0 2.09
1 6 1 -11.55
0 7 0 64
1 7 2 -64
0 7 1 18.0
1 7 4 -18.0
0 0 4 18.0
1 0 5 -18.0
0 6 6 18.0
1 7 7 -18.0
0 7 6 18.0
1 1 7 -18.0
0 1 0 18.0
1 1 1 -18.0
0 0 0 18.0
1 0 1 -18.0
0 0 6 18.0
1 1 6 -18.0
0 0 7 18.0
