1 4 2 -18.0
0 5 4 18.0
1 2 5 -18.0
0 2 4 18.0
1 3 5 -18.0
0 3 2 18.0
1 5 2 -18.0
0 2 2 18.0
1 5 3 -18.0
0 6 3 18.0
1 6 2 -18.0
0 4 5 18.0
1 5 6 -18.0
0 5 1 18.0
1 2 3 -18.0
0 1 3 18.0
1 0 2 -18.0
0 0 4 0.53
1 2 1 -0.53
0 3 1 3.94
1 0 3 -3.94
0 0 1 4.84
1 1 2 -11.02
0 3 0 2.91
1 7 4 -10.55
0 1 5 -2.34
1 1 4 -2.42
0 2 6 -1.95
1 2 0 -6.54
0 3 6 -3.85
1 0 6 -5.92
0 4 0 0.59
1 5 0 -6.03
0 4 1 5.55
1 4 7 -14.85
0 2 7 6.48
1 6 4 -7.63
0 5 5 17.5
1 4 6 -14.49
0 5 7 4.2
1 6 7 -3.93
0 7 1 -1.11
1 7 2 -1.81
0 6 5 64
1 6 6 -64
0 6 0 18.0
1 7 0 -18.0
0 6 1 18.0
1 1 1 -18.0
0 1 0 18.0
1 0 0 -18.0
0 0 5 18.0
1 3 7 -18.0
0 7 7 18.0
1 1 7 -18.0
0 0 7 18.0
1 1 6 -18.0
0 7 6 18.0
1 7 5 -18.0
0 7 3 18.0
