1 2 4 -16.0
0 4 5 16.0
1 5 2 -16.0
0 4 2 16.0
1 5 3 -16.0
0 2 3 16.0
1 5 4 -16.0
0 6 2 16.0
1 5 1 -16.0
0 6 3 16.0
1 5 5 -16.0
0 4 1 16.0
1 3 5 -16.0
0 6 4 16.0
1 7 4 -16.0
0 7 5 16.0
1 7 2 -16.0
0 6 5 16.0
1 7 3 -16.0
0 7 1 16.0
1 1 2 -16.0
0 1 3 16.0
1 3 2 -16.0
0 2 2 16.0
1 0 2 -0.04
0 1 5 0.04
1 3 0 1.36
0 0 4 -1.36
1 0 3 5.63
0 0 1 0.18
1 3 1 -1.41
0 4 6 -7.66
1 4 7 -2.25
0 5 7 -7.52
1 2 6 -0.68
0 5 6 -4.66
1 6 7 -9.38
0 3 6 2.66
1 1 4 -14.44
0 2 1 1.72
1 2 0 -13.57
0 2 5 -1.62
1 3 7 -4.91
0 1 1 64
1 0 5 -64
0 0 6 16.0
1 6 6 -16.0
0 7 6 16.0
1 0 0 -16.0
0 1 7 16.0
1 0 7 -16.0
0 7 7 16.0
1 6 1 -16.0
0 6 0 16.0
1 7 0 -16.0
0 1 0 16.0
1 5 0 -16.0
0 4 0 16.0
1 2 7 -16.0
0 1 6 16.0
