1 4 2 16.0
0 5 2 -16.0
1 5 3 16.0
0 3 2 -16.0
1 2 4 16.0
0 6 3 -16.0
1 2 2 16.0
0 2 3 3.25
1 3 1 -2.26
0 1 5 -11.05
1 1 2 -0.36
0 1 3 -6.7
1 2 5 0.22
0 5 5 -10.0
1 0 3 1.98
0 0 2 -11.5
1 0 1 4.42
0 4 0 -8.33
1 2 1 10.99
0 1 4 -18.01
1 3 5 18.81
0 0 4 -7.82
1 0 5 8.63
0 4 6 -18.68
1 4 5 11.88
0 1 0 -23.59
1 5 7 15.09
0 3 7 -17.23
1 5 4 5.58
0 6 4 -19.01
1 6 5 15.67
0 3 6 -17.98
1 2 6 13.03
0 5 6 -16.96
1 7 4 7.31
0 7 3 -11.16
1 5 1 5.5
0 6 2 -14.76
1 6 7 7.52
0 2 7 -14.6
1 6 6 8.48
0 1 6 -15.77
1 5 0 9.57
0 7 5 -64
1 2 0 64
0 4 7 -16.0
1 4 1 16.0
0 3 0 -16.0
1 0 0 16.0
0 1 1 -16.0
1 7 2 16.0
0 6 1 -16.0
1 7 1 16.0
0 7 7 -16.0
1 0 6 16.0
0 7 0 -16.0
1 6 0 16.0
1 0 7 16.0
0 1 7 -16.0
1 7 6 16.0
