1 2 4 2.0
0 4 5 -2.0
1 5 2 2.0
0 1 4 -2.0
1 1 5 0.15
0 3 2 -8.58
1 4 2 -8.23
0 2 2 -7.77
1 2 3 -6.24
0 1 2 -1.92
1 2 1 -14.35
0 3 1 1.52
1 1 3 -10.12
0 0 5 -0.43
1 4 1 -10.09
0 2 0 1.03
1 0 4 -5.7
0 2 5 0.41
1 0 2 -8.16
0 3 0 -1.48
1 3 5 -4.39
0 5 3 -1.31
1 4 0 3.33
0 0 3 -10.83
1 0 6 5.02
0 4 6 -8.09
1 6 4 1.77
0 1 1 -8.45
1 5 4 -4.08
0 5 5 -4.07
1 5 6 -4.16
0 7 4 -1.04
1 7 5 -1.49
0 5 0 -9.63
1 7 3 4.45
0 3 6 -4.03
1 5 7 0.03
0 2 6 2.16
1 2 7 -4.05
0 6 5 -6.87
1 5 1 -4.78
0 6 3 -9.02
1 6 2 0.52
0 3 7 -64
1 4 7 64
0 7 2 -2.0
1 7 1 2.0
0 1 6 -2.0
1 0 0 2.0
0 0 1 -2.0
1 6 6 2.0
0 6 1 -2.0
1 1 0 2.0
0 7 7 -2.0
1 6 0 2.0
0 0 7 -2.0
1 1 7 2.0
0 6 7 -2.0
1 7 6 2.0
0 7 0 -2.0
