1 2 4 28.0
0 4 5 -28.0
1 5 3 28.0
0 4 2 -28.0
1 5 4 28.0
0 2 3 -28.0
1 3 2 28.0
0 2 2 -28.0
1 5 1 28.0
0 5 5 -28.0
1 3 5 28.0
0 4 1 -28.0
1 5 6 -2.18
0 6 4 6.01
1 5 2 -5.55
0 6 2 7.02
1 3 6 -6.28
0 4 0 -4.31
1 7 4 -4.89
0 6 5 -7.93
1 7 5 7.63
0 4 6 -12.48
1 6 3 3.73
0 5 7 -6.91
1 7 1 2.98
0 1 4 -10.05
1 1 3 1.28
0 0 4 -8.75
1 4 7 5.2
0 1 5 -1.65
1 6 7 -2.28
0 2 7 -1.11
1 2 6 0.2
0 3 7 -0.75
1 1 7 8.58
0 7 2 -15.84
1 7 3 13.5
0 2 5 -20.84
1 0 2 13.93
0 6 6 -16.31
1 0 6 11.09
0 1 2 -19.14
1 5 0 18.32
0 6 0 -64
1 0 1 64
0 6 1 -28.0
1 3 0 28.0
0 2 0 -28.0
1 7 0 28.0
0 1 1 -28.0
1 1 6 28.0
0 3 1 -28.0
1 0 0 28.0
0 1 0 -28.0
1 2 1 28.0
0 0 5 -28.0
1 0 3 28.0
1 7 7 28.0
0 7 6 -28.0
