1 4 2 -32.0
0 5 4 32.0
1 4 5 -32.0
0 3 2 32.0
1 2 3 -32.0
0 5 5 32.0
1 2 4 -32.0
0 5 2 32.0
1 3 1 -32.0
0 3 5 6.34
1 5 1 -6.34
0 2 5 6.34
1 6 2 -6.34
0 1 4 7.66
1 3 6 -9.86
0 1 2 9.99
1 1 3 -9.42
0 2 2 8.05
1 0 5 -8.4
0 0 2 8.23
1 0 3 -8.32
0 4 1 7.87
1 5 3 -8.84
0 6 3 8.91
1 4 6 -10.43
0 4 0 11.55
1 7 2 -11.67
0 5 6 11.52
1 6 4 -11.95
0 5 0 12.78
1 2 1 -13.52
0 3 7 13.28
1 2 7 -13.09
0 4 7 13.41
1 3 0 -14.88
0 1 7 16.23
1 6 0 -17.27
0 1 0 17.73
1 2 6 -18.77
0 7 4 18.12
1 7 5 -21.02
0 7 6 21.94
1 2 0 -22.93
0 7 0 23.82
1 0 1 -25.71
0 6 5 26.59
1 6 7 -25.67
0 0 4 25.27
1 1 5 -26.15
0 5 7 27.01
1 0 7 -24.73
0 1 6 23.13
1 1 1 -25.98
0 0 6 32.0
1 6 1 -32.0
0 0 0 32.0
1 6 6 -32.0
0 7 7 32.0
0 7 1 32.0
0 7 3 32.0
