1 4 2 8.0
0 5 2 -8.0
1 5 3 8.0
0 5 4 -8.0
1 4 5 8.0
0 2 3 -8.0
1 6 3 8.0
0 5 5 -8.0
1 6 2 8.0
0 3 1 -8.48
1 6 5 3.56
0 4 6 -13.39
1 3 5 4.06
0 5 1 -13.45
1 6 4 2.73
0 2 4 -18.11
1 3 2 6.94
0 7 4 -12.42
1 2 5 0.03
0 7 2 -7.0
1 7 3 0.27
0 7 5 -8.14
1 5 7 -1.63
0 2 1 -9.78
1 4 1 2.29
0 5 0 -6.88
1 1 4 4.6
0 0 4 -9.23
1 2 2 -2.66
0 1 3 -5.39
1 1 2 -5.43
0 0 3 -9.77
1 3 0 -1.76
0 2 0 -1.46
1 4 0 3.79
0 5 6 -8.85
1 3 6 3.35
0 1 1 -11.83
1 0 2 0.91
0 0 1 -8.01
1 0 0 3.87
0 1 0 -6.26
1 6 7 -0.49
0 2 7 -64
1 3 7 64
0 1 6 -8.0
1 0 7 8.0
0 2 6 -8.0
1 1 7 8.0
0 4 7 -8.0
1 6 6 8.0
0 7 7 -8.0
1 7 6 8.0
0 6 1 -8.0
1 1 5 8.0
0 0 6 -8.0
1 0 5 8.0
1 7 0 8.0
0 7 1 -8.0
1 6 0 8.0
