1 4 2 -22.0
0 5 4 22.0
1 4 5 -22.0
0 3 2 22.0
1 2 2 -22.0
0 2 3 22.0
1 3 5 -22.0
0 2 4 22.0
1 5 5 -22.0
0 3 1 4.0
1 2 0 -13.77
0 5 2 3.55
1 2 5 -12.07
0 1 3 9.44
1 6 4 -17.38
0 2 1 8.71
1 0 2 -16.16
0 0 3 5.3
1 5 1 -16.52
0 3 0 9.17
1 4 0 -15.36
0 4 1 9.88
1 0 4 -10.49
0 6 5 5.73
1 7 5 -14.7
0 6 0 3.23
1 1 2 -15.45
0 4 6 7.53
1 5 7 -14.62
0 3 6 9.63
1 5 3 -21.23
0 6 3 9.82
1 5 0 -22.67
0 1 0 14.12
1 5 6 -16.33
0 1 4 7.8
1 7 2 -17.11
0 6 2 5.97
1 3 7 -14.92
0 2 6 17.23
1 2 7 -20.54
0 7 4 11.68
1 1 5 -22.14
0 7 6 64
1 6 1 -64
0 6 6 22.0
1 1 1 -22.0
0 4 7 22.0
1 7 3 -22.0
0 0 0 22.0
1 0 1 -22.0
0 0 5 22.0
1 7 7 -22.0
0 6 7 22.0
1 0 6 -22.0
0 0 7 22.0
1 1 6 -22.0
0 1 7 22.0
0 7 1 22.0
1 7 0 -22.0
