1 4 2 -22.0
0 5 4 22.0
1 2 5 -22.0
0 2 4 22.0
1 3 5 -22.0
0 3 2 22.0
1 4 5 -22.0
0 2 6 22.0
1 1 4 -22.0
0 2 3 22.0
1 3 6 -9.57
0 5 3 3.42
1 4 1 -14.15
0 5 1 8.26
1 6 4 -12.54
0 2 2 10.1
1 6 2 -11.91
0 0 5 -2.46
1 5 2 -11.42
0 6 3 -2.04
1 7 2 -7.58
0 5 6 -7.59
1 5 5 -0.76
0 7 5 -5.06
1 5 7 -1.87
0 6 5 -1.84
1 2 7 -8.7
0 4 6 0.9
1 7 4 -11.45
0 3 1 3.2
1 0 3 -9.44
0 1 5 -0.77
1 0 4 -4.62
0 0 2 10.1
1 3 0 -21.48
0 4 0 12.48
1 1 3 -19.95
0 7 3 9.09
1 7 6 -10.91
0 1 2 -2.58
1 2 0 -9.87
0 6 1 5.1
1 5 0 -10.19
0 2 1 64
1 7 1 -64
0 7 0 22.0
1 6 6 -22.0
0 7 7 22.0
1 6 0 -22.0
0 6 7 22.0
1 4 7 -22.0
0 0 6 22.0
1 0 1 -22.0
0 0 0 22.0
1 1 0 -22.0
0 1 1 22.0
1 1 6 -22.0
0 0 7 22.0
1 1 7 -22.0
0 3 7 22.0
