1 4 2 -22.0
0 5 4 22.0
1 2 5 -22.0
0 2 4 22.0
1 3 5 -22.0
0 3 2 22.0
1 2 3 -22.0
0 5 2 22.0
1 5 5 -22.0
0 4 5 22.0
1 6 4 -22.0
0 6 5 1.78
1 5 3 -3.98
0 7 3 -3.32
1 4 6 -6.12
0 2 2 1.06
1 5 1 -3.86
0 3 6 2.3
1 4 7 -9.95
0 6 3 7.64
1 4 1 -16.66
0 3 1 2.8
1 5 6 -13.73
0 6 2 14.22
1 3 0 -23.8
0 5 0 14.32
1 1 2 -23.37
0 4 0 22.45
1 6 0 -29.33
0 2 0 26.32
1 1 0 -17.72
0 2 1 16.78
1 7 5 -22.55
0 7 4 19.14
1 2 6 -19.98
0 5 7 14.09
1 7 2 -28.33
0 3 7 19.62
1 2 7 -28.2
0 1 7 14.73
1 6 6 -23.74
0 1 6 16.48
1 0 7 -25.2
0 7 7 64
1 1 1 -64
0 7 6 22.0
1 6 7 -22.0
0 7 1 22.0
1 1 5 -22.0
0 0 2 22.0
1 0 1 -22.0
0 0 0 22.0
1 1 3 -22.0
0 7 0 22.0
1 6 1 -22.0
0 0 4 22.0
1 1 4 -22.0
0 0 6 22.0
1 0 5 -22.0
0 0 3 22.0
