1 4 2 24.0
0 5 4 -24.0
1 3 5 24.0
0 2 4 -24.0
1 2 5 24.0
0 3 2 -24.0
1 5 2 24.0
0 2 2 -24.0
1 5 3 24.0
0 6 3 -24.0
1 5 5 24.0
0 5 1 -24.0
1 7 2 24.0
0 4 5 -24.0
1 3 6 24.0
0 6 2 0.39
1 1 4 0.48
0 5 6 -8.09
1 6 5 1.72
0 1 5 -10.8
1 1 3 -2.2
0 2 3 -4.39
1 6 4 2.65
0 2 6 -9.54
1 5 7 1.88
0 7 3 -6.5
1 7 4 4.16
0 0 5 -11.32
1 5 0 -1.24
0 0 2 -8.24
1 0 4 -4.91
0 0 3 -7.13
1 4 6 -2.85
0 4 7 -1.91
1 3 7 -1.63
0 4 1 -3.63
1 7 1 4.38
0 7 6 -8.13
1 4 0 3.81
0 6 1 -8.81
1 7 0 9.96
0 6 0 -21.59
1 7 5 14.05
0 2 7 -64
1 7 7 64
0 3 1 -24.0
1 2 0 24.0
0 3 0 -24.0
1 1 2 24.0
0 0 1 -24.0
1 2 1 24.0
0 1 1 -24.0
1 0 0 24.0
0 1 0 -24.0
1 1 6 24.0
0 1 7 -24.0
1 0 6 24.0
0 6 7 -24.0
1 6 6 24.0
1 0 7 24.0
