1 5 3 26.0
0 3 2 -26.0
1 2 5 26.0
0 5 4 -26.0
1 5 2 26.0
0 3 5 -26.0
1 2 4 26.0
0 5 5 -26.0
1 4 2 26.0
0 4 1 -26.0
1 3 1 26.0
0 6 2 -26.0
1 3 0 26.0
0 2 3 -26.0
1 2 2 26.0
0 2 1 -26.0
1 2 0 26.0
0 5 1 -26.0
1 6 0 26.0
0 1 3 4.69
1 1 5 -6.91
0 1 2 -0.88
1 6 3 -9.91
0 6 4 -2.59
1 1 4 -7.71
0 4 5 4.72
1 7 2 -5.31
0 2 6 -2.22
1 7 3 -4.51
0 0 5 -2.09
1 5 6 -8.29
0 4 6 -7.67
1 0 2 3.85
0 5 7 -8.78
1 0 3 7.11
0 1 1 -14.44
1 4 7 11.62
0 3 6 -12.73
1 7 4 5.61
0 3 7 -13.2
1 6 5 6.2
0 4 0 -13.0
1 5 0 12.0
0 6 1 -64
1 0 4 64
0 0 1 -26.0
1 1 7 26.0
0 1 6 -26.0
1 7 0 26.0
0 7 1 -26.0
1 0 0 26.0
0 1 0 -26.0
1 0 6 26.0
0 7 6 -26.0
1 7 5 26.0
0 6 6 -26.0
1 7 7 26.0
0 6 7 -26.0
1 0 7 26.0
1 2 7 26.0
