1 4 2 2.0
0 5 2 -2.0
1 5 3 2.0
0 3 2 -2.0
1 2 3 2.0
0 5 4 -2.0
1 3 1 2.0
0 2 4 -2.0
1 2 5 2.0
0 2 0 -2.0
1 3 5 2.0
0 2 1 -2.0
1 4 1 2.0
0 5 1 -2.0
1 6 5 3.26
0 6 4 -0.61
1 4 5 -2.11
0 2 2 1.57
1 4 0 -1.42
0 5 0 1.41
1 3 0 -1.75
0 5 5 0.96
1 1 3 -0.86
0 4 6 0.93
1 1 2 -1.03
0 7 5 1.34
1 5 6 -0.34
0 3 6 1.11
1 3 7 -0.91
0 1 4 -1.07
1 0 3 1.79
0 0 5 -1.16
1 6 3 1.11
0 5 7 -0.89
1 6 2 0.41
0 1 5 -1.31
1 0 4 3.16
0 2 6 -4.41
1 2 7 4.9
0 0 2 -4.38
1 4 7 3.37
0 7 2 -3.81
1 7 1 4.43
0 7 0 -64
1 6 1 64
0 6 0 -2.0
1 6 7 2.0
0 1 6 -2.0
1 6 6 2.0
0 7 7 -2.0
1 0 6 2.0
0 1 1 -2.0
1 0 1 2.0
0 0 7 -2.0
1 1 7 2.0
0 0 0 -2.0
1 7 3 2.0
0 7 4 -2.0
1 1 0 2.0
1 7 6 2.0
