1 4 2 14.0
0 5 4 -14.0
1 4 5 14.0
0 3 2 -14.0
1 2 3 14.0
0 5 5 -14.0
1 2 4 14.0
0 5 2 -14.0
1 5 3 14.0
0 6 4 -14.0
1 2 1 14.0
0 3 5 -14.0
1 3 6 14.0
0 2 6 -14.0
1 5 6 14.0
0 2 5 -14.0
1 4 6 14.0
0 5 7 -14.0
1 4 1 14.0
0 4 7 -14.0
1 3 7 14.0
0 2 7 8.14
1 7 5 -12.23
0 1 4 4.27
1 6 5 -12.79
0 1 2 0.64
1 5 1 -11.99
0 3 0 5.61
1 0 4 -9.42
0 0 5 4.63
1 0 6 -5.8
0 1 3 1.38
1 0 3 -13.17
0 2 2 1.66
1 3 1 -7.99
0 4 0 -5.34
1 2 0 -6.31
0 0 2 -0.07
1 0 1 0.18
0 7 3 -4.43
1 1 5 -3.34
0 1 0 -10.15
1 5 0 6.74
0 6 0 -64
1 7 4 64
0 6 2 -14.0
1 6 1 14.0
0 6 3 -14.0
1 7 2 14.0
0 1 1 -14.0
1 0 0 14.0
0 1 6 -14.0
1 7 0 14.0
0 7 1 -14.0
1 0 7 14.0
0 1 7 -14.0
1 6 7 14.0
0 6 6 -14.0
1 7 6 14.0
0 7 7 -14.0
