1 5 3 4.0
0 3 2 -4.0
1 2 3 4.0
0 5 4 -4.0
1 4 5 4.0
0 2 2 -4.0
1 3 5 4.0
0 5 2 -4.0
1 4 2 4.0
0 3 1 -4.0
1 6 4 4.0
0 6 5 -4.0
1 6 2 4.0
0 7 5 -4.0
1 6 3 4.0
0 7 4 -4.0
1 4 1 4.0
0 5 1 1.71
1 2 0 -4.23
0 4 0 -6.1
1 7 2 -2.73
0 5 5 -1.39
1 6 0 -8.53
0 1 3 -1.26
1 5 6 -3.75
0 4 7 -5.42
1 1 4 -3.14
0 2 5 -5.87
1 2 4 -0.36
0 1 2 -2.52
1 5 7 -2.8
0 4 6 -11.16
1 3 7 -4.55
0 5 0 -4.58
1 3 0 -0.85
0 0 5 -6.55
1 2 6 1.11
0 3 6 -8.1
1 2 7 0.16
0 1 5 -5.66
1 7 3 -6.7
0 6 6 -7.63
1 2 1 -1.26
0 6 7 -64
1 7 7 64
0 7 6 -4.0
1 6 1 4.0
0 7 0 -4.0
1 7 1 4.0
0 1 0 -4.0
1 0 4 4.0
0 0 6 -4.0
1 0 7 4.0
0 0 2 -4.0
1 1 6 4.0
0 1 1 -4.0
1 0 0 4.0
0 1 7 -4.0
1 0 3 4.0
0 0 1 -4.0
