1 5 3 -10.0
0 5 2 10.0
1 4 2 -10.0
0 3 2 10.0
1 2 2 -10.0
0 4 5 10.0
1 5 5 -10.0
0 2 3 3.37
1 3 5 -6.7
0 6 3 8.63
1 2 4 -12.75
0 1 4 -1.59
1 5 1 -6.01
0 5 0 -6.13
1 3 1 -7.27
0 2 1 -3.62
1 6 4 -4.13
0 4 0 -3.36
1 1 3 0.38
0 4 1 -2.93
1 3 0 -4.11
0 5 4 -4.82
1 1 2 -7.29
0 4 6 -5.02
1 3 7 -6.4
0 4 7 1.18
1 7 3 -11.13
0 7 2 -0.21
1 6 2 -7.54
0 5 6 -4.0
1 7 1 2.7
0 2 0 -5.84
1 2 6 -5.09
0 3 6 2.77
1 0 5 -9.34
0 7 5 -4.41
1 2 5 -6.63
0 1 5 -6.34
1 0 4 -1.59
0 1 7 1.66
1 1 1 -10.95
0 2 7 9.26
1 7 4 -13.62
0 7 0 64
1 6 5 -64
0 7 6 10.0
1 6 6 -10.0
0 1 6 10.0
1 0 7 -10.0
0 0 6 10.0
1 5 7 -10.0
0 6 1 10.0
1 6 0 -10.0
0 0 1 10.0
1 0 2 -10.0
0 0 3 10.0
1 0 0 -10.0
0 1 0 10.0
0 7 7 10.0
1 6 7 -10.0
