1 4 2 -6.0
0 5 2 6.0
1 5 3 -6.0
0 5 4 6.0
1 6 3 -6.0
0 4 1 6.0
1 5 1 -6.0
0 7 3 1.4
1 4 0 -6.0
0 2 3 6.0
1 6 4 -6.0
0 7 4 -4.98
1 5 5 -5.19
0 4 5 -2.05
1 2 2 -9.0
0 5 0 0.46
1 6 0 -14.88
0 3 5 3.5
1 4 6 -11.41
0 5 6 2.98
1 6 2 -11.46
0 3 2 0.61
1 2 5 -13.61
0 2 4 2.17
1 2 1 -7.14
0 3 0 -1.38
1 2 0 2.01
0 3 1 -3.68
1 1 4 -4.44
0 4 7 1.33
1 5 7 -8.63
0 0 4 2.23
1 0 3 -13.34
0 1 5 6.33
1 1 3 -17.42
0 7 2 14.66
1 3 7 -11.15
0 6 6 2.36
1 0 5 -14.09
0 2 6 -0.37
1 6 5 -12.59
0 3 6 9.65
1 1 7 -9.7
0 7 5 64
1 6 7 -64
0 6 1 6.0
1 7 0 -6.0
0 7 1 6.0
1 2 7 -6.0
0 0 2 6.0
1 0 1 -6.0
0 1 2 6.0
1 1 1 -6.0
0 0 0 6.0
1 1 0 -6.0
0 0 6 6.0
1 7 7 -6.0
0 7 6 6.0
1 1 6 -6.0
0 0 7 6.0
