1 5 3 -10.0
0 3 2 10.0
1 2 3 -10.0
0 5 4 10.0
1 3 5 -10.0
0 4 5 10.0
1 6 4 -10.0
0 6 3 10.0
1 4 2 -10.0
0 2 4 10.0
1 6 5 -2.9
0 2 2 4.28
1 3 1 -6.27
0 5 2 6.64
1 5 5 -4.86
0 2 5 5.1
1 4 1 -6.04
0 5 1 5.64
1 2 1 -7.13
0 7 4 7.21
1 7 5 -6.73
0 6 2 5.48
1 1 5 -5.73
0 4 6 5.61
1 7 3 -5.55
0 5 0 5.33
1 3 0 -5.18
0 7 2 5.96
1 7 1 -5.34
0 2 6 4.92
1 4 0 -5.19
0 2 0 6.98
1 1 3 -6.52
0 1 2 5.25
1 1 4 -3.71
0 6 0 2.19
1 4 7 -3.41
0 5 6 2.98
1 3 7 -3.47
0 6 6 4.95
1 0 2 -6.01
0 3 6 6.7
1 2 7 -4.34
0 1 1 64
1 1 6 -64
0 0 5 10.0
1 0 6 -10.0
0 0 7 10.0
1 1 7 -10.0
0 0 3 10.0
1 6 7 -10.0
0 7 7 10.0
1 0 1 -10.0
0 5 7 10.0
1 0 4 -10.0
0 1 0 10.0
1 0 0 -10.0
0 7 6 10.0
1 7 0 -10.0
0 6 1 10.0
