1 2 4 12.0
0 2 5 -12.0
1 3 5 12.0
0 4 5 -12.0
1 2 6 12.0
0 1 5 -12.0
1 3 6 12.0
0 3 7 -5.02
1 1 4 5.9
0 2 7 -6.03
1 5 4 5.56
0 3 2 -5.96
1 5 5 5.38
0 2 3 -4.94
1 1 3 5.17
0 5 3 -6.3
1 4 7 7.13
0 0 2 -7.52
1 1 7 7.81
0 0 5 -6.88
1 4 2 6.72
0 5 2 -8.15
1 2 2 7.63
0 3 1 -7.05
1 4 6 7.07
0 1 2 -6.33
1 6 3 5.48
0 6 2 -4.55
1 4 1 5.1
0 5 0 -6.21
1 6 4 7.58
0 5 1 -6.95
1 7 2 7.45
0 6 6 -8.64
1 5 6 9.95
0 6 5 -10.76
1 7 5 11.17
0 7 4 -12.38
1 7 3 13.98
0 6 7 -15.12
1 1 6 15.57
0 5 7 -14.78
1 7 7 13.29
0 0 7 -64
1 0 6 64
0 7 6 -12.0
1 4 0 12.0
0 3 0 -12.0
1 2 0 12.0
0 1 0 -12.0
1 2 1 12.0
0 1 1 -12.0
1 0 0 12.0
0 0 1 -12.0
1 0 3 12.0
0 0 4 -12.0
1 6 0 12.0
0 6 1 -12.0
1 7 1 12.0
0 7 0 -12.0
