1 2 4 30.0
0 2 5 -30.0
1 3 5 30.0
0 4 5 -30.0
1 5 4 30.0
0 2 3 -30.0
1 4 6 30.0
0 5 3 -30.0
1 5 2 30.0
0 5 7 -30.0
1 4 2 30.0
0 5 6 -30.0
1 2 2 30.0
0 3 2 -30.0
1 1 3 -1.13
0 1 4 1.13
1 3 1 2.44
0 0 3 -2.07
1 3 6 -1.13
0 2 6 -7.72
1 1 5 -4.21
0 2 1 -7.55
1 0 2 -1.5
0 0 4 -12.38
1 1 2 2.0
0 3 0 -11.86
1 0 5 9.38
0 5 1 -5.69
1 5 0 1.51
0 5 5 -6.3
1 4 1 2.04
0 6 2 -9.61
1 6 5 6.97
0 6 3 -12.57
1 6 4 11.79
0 7 3 -16.02
1 7 4 11.78
0 4 0 -11.95
1 2 0 9.59
0 7 5 -16.03
1 1 7 11.63
0 0 1 -15.66
1 0 0 9.15
0 2 7 -64
1 3 7 64
0 4 7 -30.0
1 6 7 30.0
0 1 0 -30.0
1 1 1 30.0
0 0 6 -30.0
1 0 7 30.0
0 1 6 -30.0
1 6 6 30.0
0 6 0 -30.0
1 7 0 30.0
0 7 7 -30.0
1 7 6 30.0
1 6 1 30.0
0 7 2 -30.0
1 7 1 30.0
