1 4 2 10.0
0 5 2 -10.0
1 5 3 10.0
0 3 2 -10.0
1 5 1 10.0
0 5 4 -10.0
1 3 1 10.0
0 4 1 -0.77
1 3 0 1.88
0 6 3 -2.47
1 2 2 0.29
0 5 0 -0.55
1 6 2 2.32
0 4 0 -2.78
1 6 0 4.65
0 7 2 -5.8
1 7 4 7.99
0 6 4 -5.91
1 2 5 3.96
0 3 5 -2.48
1 7 5 -0.62
0 6 5 1.17
1 6 1 -3.14
0 7 0 5.75
1 5 6 -6.25
0 1 5 5.79
1 2 3 -6.38
0 2 1 5.79
1 5 5 -4.55
0 4 5 4.27
1 2 4 -3.48
0 1 4 1.82
1 2 0 -3.4
0 5 7 1.43
1 6 6 3.74
0 1 1 -5.81
1 0 0 6.01
0 1 0 -6.05
1 1 2 6.7
0 0 3 -8.05
1 0 2 7.31
0 0 1 -5.3
1 1 3 3.38
0 7 7 -64
1 7 3 64
0 0 4 -10.0
1 2 6 10.0
0 1 6 -10.0
1 3 6 10.0
0 4 7 -10.0
1 3 7 10.0
0 4 6 -10.0
1 0 5 10.0
0 2 7 -10.0
1 0 7 10.0
0 7 6 -10.0
1 7 1 10.0
0 0 6 -10.0
1 6 7 10.0
1 1 7 10.0
