1 5 3 -6.0
0 5 2 6.0
1 4 2 -6.0
0 5 4 6.0
1 6 2 -6.0
0 3 2 6.0
1 4 5 -6.0
0 5 5 6.0
1 6 3 -5.13
0 4 6 -7.25
1 2 2 -1.48
0 4 1 -3.55
1 2 3 1.11
0 2 4 2.17
1 3 6 -9.38
0 6 4 3.88
1 3 5 -4.34
0 1 4 -6.09
1 5 1 -4.39
0 7 3 -5.4
1 1 2 -2.36
0 1 3 -5.55
1 2 5 -0.8
0 3 1 -11.65
1 0 4 -3.05
0 0 5 -7.32
1 0 3 -4.66
0 0 2 -4.19
1 4 0 6.03
0 5 0 -5.63
1 2 0 9.8
0 5 6 -12.58
1 5 7 1.66
0 2 7 -15.82
1 3 7 9.53
0 4 7 -14.49
1 1 7 12.56
0 1 5 -12.3
1 7 5 7.81
0 7 2 -2.35
1 7 1 -14.64
0 7 0 7.46
1 1 1 -7.68
0 6 1 64
1 2 6 -64
0 7 4 6.0
1 0 1 -6.0
0 7 6 6.0
1 6 0 -6.0
0 0 0 6.0
1 1 0 -6.0
0 3 0 6.0
1 2 1 -6.0
0 1 6 6.0
1 6 7 -6.0
0 6 6 6.0
1 7 7 -6.0
0 6 5 6.0
1 0 6 -6.0
0 0 7 6.0
