1 5 3 4.0
0 3 2 -4.0
1 2 5 4.0
0 3 5 -4.0
1 2 4 4.0
0 5 4 -4.0
1 2 3 4.0
0 1 5 -4.0
1 2 6 4.0
0 1 4 -4.0
1 4 5 4.0
0 4 2 -4.0
1 2 2 4.0
0 5 2 -4.0
1 0 3 4.0
0 0 4 -4.0
1 1 3 4.0
0 0 2 -4.0
1 3 1 4.0
0 2 1 -4.0
1 4 1 4.0
0 4 0 -4.0
1 1 2 4.0
0 3 0 -4.0
1 0 6 4.0
0 0 1 -4.0
1 6 5 4.0
0 5 5 8.02
1 1 0 -6.18
0 3 7 6.18
1 5 1 -12.21
0 5 6 6.14
1 4 6 -9.8
0 5 0 -4.02
1 2 7 -7.16
0 2 0 4.13
1 6 4 -15.05
0 0 0 5.51
1 5 7 -5.7
0 1 6 -0.32
1 4 7 -8.15
0 6 6 4.73
1 6 3 -6.28
0 7 4 -64
1 7 3 64
0 7 6 -4.0
1 7 7 4.0
0 7 5 -4.0
1 6 2 4.0
0 6 1 -4.0
1 7 2 4.0
0 7 1 -4.0
1 0 7 4.0
0 6 7 -4.0
1 3 6 4.0
0 1 7 -4.0
1 0 5 4.0
1 7 0 4.0
0 6 0 -4.0
1 1 1 4.0
