1 4 2 -10.0
0 5 2 10.0
1 5 3 -10.0
0 5 4 10.0
1 4 5 -10.0
0 2 3 10.0
1 6 3 -10.0
0 5 5 10.0
1 6 4 -10.0
0 6 2 10.0
1 6 5 -10.0
0 3 2 10.0
1 5 1 -10.0
0 7 3 10.0
1 7 4 -10.0
0 7 5 10.0
1 4 1 -10.15
0 7 6 -1.16
1 7 1 -1.7
0 3 6 -1.58
1 4 6 -5.45
0 3 7 -7.13
1 2 4 -4.29
0 2 5 -4.02
1 1 2 -8.53
0 3 1 -0.23
1 2 2 -2.63
0 5 0 -7.57
1 2 0 1.41
0 3 0 -6.46
1 2 7 -5.02
0 1 7 -6.47
1 2 6 -6.56
0 1 3 -1.69
1 4 0 -1.51
0 1 0 4.83
1 6 1 -8.73
0 5 6 -0.27
1 3 5 -6.08
0 1 5 0.23
1 1 4 -7.29
0 0 2 -2.7
1 4 7 -8.2
0 5 7 64
1 0 3 -64
0 2 1 10.0
1 0 6 -10.0
0 0 4 10.0
1 6 7 -10.0
0 7 7 10.0
1 6 6 -10.0
0 1 6 10.0
1 0 7 -10.0
0 0 5 10.0
1 0 1 -10.0
0 7 0 10.0
1 6 0 -10.0
0 7 2 10.0
1 0 0 -10.0
0 1 1 10.0
