1 5 3 32.0
0 5 2 -32.0
1 4 2 32.0
0 3 2 -32.0
1 2 3 32.0
0 4 5 -32.0
1 3 5 32.0
0 6 3 -32.0
1 3 1 32.0
0 2 2 -32.0
1 4 1 32.0
0 2 4 -32.0
1 6 4 -6.45
0 5 4 0.58
1 1 2 -9.21
0 7 5 -2.11
1 1 3 -1.55
0 2 5 3.33
1 3 6 -11.78
0 2 6 -1.82
1 1 4 -9.23
0 1 5 0.85
1 6 5 -11.93
0 4 7 -0.68
1 7 2 -9.32
0 7 4 0.33
1 5 5 -5.37
0 5 1 0.17
1 5 6 -0.44
0 5 7 -0.09
1 4 6 -3.11
0 7 6 -2.89
1 0 5 -4.63
0 2 0 -7.35
1 6 2 -0.94
0 2 1 -13.52
1 5 0 4.39
0 3 7 -14.03
1 4 0 9.53
0 3 0 -18.96
1 1 0 9.81
0 0 1 -18.98
1 0 2 8.0
0 0 3 -64
1 7 3 64
0 1 6 -32.0
1 7 7 32.0
0 7 1 -32.0
1 0 4 32.0
0 0 6 -32.0
1 6 6 32.0
0 6 7 -32.0
1 0 7 32.0
0 6 1 -32.0
1 6 0 32.0
0 1 7 -32.0
1 7 0 32.0
0 1 1 -32.0
1 0 0 32.0
1 2 7 32.0
