1 4 2 28.0
0 5 2 -28.0
1 5 3 28.0
0 5 4 -28.0
1 6 2 28.0
0 2 3 -28.0
1 6 4 28.0
0 6 3 -28.0
1 5 5 28.0
0 4 5 -28.0
1 2 4 28.0
0 6 5 -28.0
1 7 3 28.0
0 5 1 -28.0
1 4 1 28.0
0 3 5 -28.0
1 2 6 28.0
0 1 4 -28.0
1 3 6 -11.25
0 5 6 -1.59
1 7 4 -8.09
0 7 2 -2.34
1 2 5 -5.9
0 4 6 0.61
1 7 1 -1.03
0 3 7 -3.79
1 4 0 -2.3
0 3 2 -7.62
1 7 5 -6.53
0 6 6 -7.2
1 0 4 -4.45
0 1 3 -3.48
1 2 1 -1.72
0 0 5 -4.8
1 0 6 10.12
0 3 1 -4.3
1 1 2 -0.3
0 3 0 -10.34
1 2 2 2.52
0 0 1 -5.06
1 0 2 5.09
0 5 0 -5.73
1 0 0 9.84
0 1 6 -64
1 1 5 64
0 6 1 -28.0
1 7 0 28.0
0 6 0 -28.0
1 2 0 28.0
0 0 3 -28.0
1 0 7 28.0
0 1 7 -28.0
1 2 7 28.0
0 4 7 -28.0
1 5 7 28.0
0 7 6 -28.0
1 6 7 28.0
0 1 0 -28.0
1 1 1 28.0
1 7 7 28.0
