1 2 4 -22.0
0 2 3 22.0
1 3 2 -22.0
0 2 5 22.0
1 4 2 -22.0
0 5 3 22.0
1 2 2 6.02
0 3 1 -6.02
1 5 2 6.02
0 4 1 -4.0
1 3 0 -1.03
0 3 5 -8.51
1 1 4 -4.3
0 1 3 -2.32
1 4 5 -5.37
0 6 2 -6.31
1 2 1 -7.06
0 5 0 -4.62
1 4 0 -6.48
0 5 4 -3.51
1 1 5 -3.91
0 0 5 -4.21
1 6 5 -4.11
0 4 6 -4.23
1 5 1 -3.08
0 6 4 -4.86
1 7 2 -4.74
0 6 3 -3.87
1 6 0 -2.18
0 2 6 -0.8
1 4 7 -11.66
0 3 6 5.37
1 0 2 -19.04
0 5 5 10.68
1 5 6 -18.73
0 0 3 12.8
1 7 3 -21.23
0 0 4 18.58
1 3 7 -25.72
0 0 1 24.45
1 2 7 -22.48
0 6 1 15.63
1 7 0 -14.8
0 6 6 64
1 6 7 -64
0 7 7 22.0
1 1 2 -22.0
0 5 7 22.0
1 7 6 -22.0
0 1 7 22.0
1 0 6 -22.0
0 0 7 22.0
1 1 6 -22.0
0 7 5 22.0
1 7 4 -22.0
0 2 0 22.0
1 1 0 -22.0
0 7 1 22.0
1 1 1 -22.0
0 0 0 22.0
