1 5 3 -2.0
0 3 2 2.0
1 2 4 -2.0
0 3 5 2.0
1 2 5 -2.0
0 5 4 2.0
1 2 3 -2.0
0 1 4 2.0
1 2 2 -2.0
0 4 2 2.0
1 0 5 -2.0
0 1 5 2.0
1 3 6 -2.0
0 2 6 2.0
1 2 7 2.59
0 5 2 -7.08
1 4 5 -4.41
0 0 4 -8.99
1 5 5 8.4
0 0 6 1.14
1 6 4 -4.14
0 1 2 -1.02
1 6 2 -3.13
0 7 2 -10.47
1 4 1 1.91
0 6 3 -3.7
1 0 3 -7.69
0 0 2 9.45
1 1 3 -12.18
0 5 1 -1.81
1 3 1 -8.09
0 4 6 -2.03
1 5 6 -9.68
0 6 5 -0.48
1 6 6 -11.55
0 3 0 1.38
1 2 0 -13.43
0 1 0 0.98
1 7 4 -5.56
0 7 6 0.77
1 7 5 -3.31
0 7 7 4.59
1 1 6 -14.16
0 6 7 64
1 7 3 -64
0 5 7 2.0
1 2 1 -2.0
0 1 1 2.0
1 5 0 -2.0
0 6 0 2.0
1 7 0 -2.0
0 4 7 2.0
1 3 7 -2.0
0 0 7 2.0
1 1 7 -2.0
0 4 0 2.0
1 0 0 -2.0
0 0 1 2.0
1 6 1 -2.0
0 7 1 2.0
