1 4 2 20.0
0 5 4 -20.0
1 4 5 20.0
0 3 2 -20.0
1 2 4 20.0
0 2 3 -20.0
1 3 1 20.0
0 4 1 -20.0
1 5 3 20.0
0 5 2 -20.0
1 1 3 -1.62
0 3 0 4.8
1 6 5 -12.57
0 5 5 5.9
1 5 1 -6.0
0 5 0 -4.86
1 2 1 -7.32
0 2 2 -2.85
1 6 4 -8.14
0 3 5 -3.75
1 3 6 -9.93
0 4 6 -1.71
1 4 7 -1.49
0 0 3 -6.97
1 2 6 -1.32
0 2 5 -10.83
1 6 3 -1.12
0 1 2 -12.08
1 5 6 -2.98
0 6 2 -7.34
1 1 5 5.62
0 1 6 -15.96
1 0 2 3.9
0 0 1 -7.91
1 1 4 0.55
0 1 7 -11.91
1 0 7 9.2
0 7 5 -19.2
1 3 7 11.43
0 2 7 -11.32
1 7 3 8.06
0 5 7 -15.23
1 6 7 17.19
0 7 2 -64
1 2 0 64
0 1 1 -20.0
1 4 0 20.0
0 1 0 -20.0
1 0 0 20.0
0 0 4 -20.0
1 7 1 20.0
0 0 5 -20.0
1 6 6 20.0
0 6 1 -20.0
1 0 6 20.0
0 7 4 -20.0
1 6 0 20.0
0 7 0 -20.0
0 7 6 -20.0
