1 2 4 6.0
0 4 5 -6.0
1 5 4 6.0
0 2 3 -6.0
1 3 2 6.0
0 5 5 -6.0
1 4 2 6.0
0 2 5 -6.0
1 3 5 6.0
0 4 6 -6.0
1 1 2 6.0
0 5 3 -6.0
1 6 3 6.0
0 6 2 -6.0
1 6 4 6.0
0 7 3 -6.0
1 7 1 6.0
0 7 2 -6.0
1 7 4 -1.79
0 2 2 5.47
1 1 3 -12.15
0 4 1 3.31
1 1 4 -14.54
0 5 2 5.64
1 5 1 -11.84
0 2 1 9.64
1 2 0 -17.71
0 0 5 4.31
1 3 0 -14.73
0 3 1 5.31
1 4 0 -2.91
0 6 0 -2.27
1 6 5 -2.82
0 1 5 -7.39
1 0 4 -2.74
0 0 1 -0.64
1 4 7 -8.15
0 5 7 -4.23
1 6 7 -2.09
0 5 6 -6.55
1 0 3 -3.68
0 0 2 0.51
1 3 6 -1.34
0 1 1 -64
1 5 0 64
0 3 7 -6.0
1 2 7 6.0
0 1 6 -6.0
1 7 0 6.0
0 2 6 -6.0
1 0 7 6.0
0 1 7 -6.0
1 0 6 6.0
0 7 6 -6.0
1 7 5 6.0
0 7 7 -6.0
1 6 6 6.0
0 6 1 -6.0
1 0 0 6.0
0 1 0 -6.0
