1 4 2 6.0
0 5 4 -6.0
1 2 5 6.0
0 3 2 -6.0
1 5 2 6.0
0 4 1 -6.0
1 5 3 6.0
0 6 3 -1.39
1 3 1 -6.19
0 6 2 -2.37
1 4 0 -5.63
0 2 0 -1.25
1 4 5 -8.63
0 2 3 0.33
1 3 0 -3.37
0 4 6 -9.52
1 1 0 8.84
0 2 2 -9.43
1 1 3 -2.19
0 1 2 -6.6
1 7 3 -1.71
0 5 0 -8.6
1 6 0 2.81
0 2 4 -10.34
1 5 1 6.24
0 6 4 -12.09
1 2 1 5.53
0 0 3 -17.52
1 0 2 6.55
0 1 5 -12.7
1 0 5 6.04
0 0 1 -5.66
1 1 4 10.27
0 1 1 -11.91
1 5 5 0.04
0 2 6 -9.74
1 2 7 6.86
0 0 4 -15.03
1 0 0 8.51
0 3 6 -14.36
1 1 6 0.54
0 6 5 -8.77
1 3 5 1.48
0 7 4 -64
1 5 7 64
0 4 7 -6.0
1 6 6 6.0
0 7 5 -6.0
1 5 6 6.0
0 3 7 -6.0
1 7 6 6.0
0 7 7 -6.0
1 6 7 6.0
0 7 2 -6.0
1 7 1 6.0
0 0 7 -6.0
1 0 6 6.0
0 1 7 -6.0
0 7 0 -6.0
0 6 1 -6.0
