1 5 3 4.0
0 3 2 -4.0
1 2 5 4.0
0 3 5 -4.0
1 2 4 4.0
0 5 4 -4.0
1 2 3 4.0
0 1 5 -4.0
1 2 6 4.0
0 4 2 -4.0
1 2 2 4.0
0 1 4 -4.0
1 1 3 4.0
0 3 6 -4.0
1 4 5 4.0
0 0 2 -4.0
1 2 7 4.0
0 1 2 -4.0
1 5 5 4.0
0 5 2 -4.0
1 5 1 4.0
0 6 3 -4.0
1 3 1 4.0
0 2 1 -4.0
1 6 4 0.52
0 4 7 -0.05
1 3 7 0.05
0 1 7 2.41
1 2 0 -7.84
0 4 1 -1.66
1 5 0 -4.73
0 4 6 -3.99
1 7 3 -7.72
0 6 5 -6.78
1 6 2 -2.43
0 7 4 -12.1
1 7 5 -0.51
0 1 1 -4.62
1 0 4 -6.49
0 0 3 -4.66
1 0 5 -4.35
0 4 0 -2.76
1 3 0 2.03
0 0 6 -64
1 7 6 64
0 7 1 -4.0
1 1 6 4.0
0 7 2 -4.0
1 7 0 4.0
0 1 0 -4.0
1 0 0 4.0
0 0 7 -4.0
1 0 1 4.0
0 6 6 -4.0
1 7 7 4.0
0 6 0 -4.0
1 5 6 4.0
0 6 1 -4.0
0 5 7 -4.0
1 6 7 4.0
