1 5 3 2.0
0 3 2 -2.0
1 2 5 2.0
0 5 4 -2.0
1 5 2 2.0
0 3 5 -2.0
1 5 5 2.0
0 1 5 -2.0
1 2 3 1.81
0 6 2 -14.43
1 2 4 8.5
0 1 4 -11.3
1 2 6 -0.66
0 4 2 -11.57
1 2 2 -2.73
0 1 3 -7.22
1 1 2 6.96
0 4 6 -15.62
1 4 5 4.14
0 3 1 -12.26
1 2 1 3.51
0 4 1 -9.29
1 0 5 -0.79
0 6 5 -9.44
1 4 7 2.23
0 5 6 -6.64
1 3 0 -2.04
0 0 2 -8.92
1 5 1 1.71
0 2 0 -8.45
1 7 3 4.03
0 5 0 -8.85
1 1 0 8.87
0 1 6 -13.05
1 0 3 10.59
0 0 4 -14.23
1 0 1 5.19
0 7 2 -17.3
1 3 6 15.1
0 5 7 -12.89
1 7 1 5.7
0 6 3 -14.31
1 0 7 6.3
0 0 6 -64
1 3 7 64
0 0 0 -2.0
1 4 0 2.0
0 1 1 -2.0
1 6 1 2.0
0 7 0 -2.0
1 6 0 2.0
0 7 4 -2.0
1 1 7 2.0
0 2 7 -2.0
1 7 6 2.0
0 6 4 -2.0
1 6 6 2.0
0 7 5 -2.0
1 6 7 2.0
0 7 7 -2.0
