1 5 3 36.0
0 3 2 -36.0
1 2 3 36.0
0 5 4 -36.0
1 4 5 36.0
0 2 2 -36.0
1 3 5 36.0
0 5 5 -36.0
1 6 4 36.0
0 4 6 -36.0
1 3 6 -0.3
0 6 2 0.3
1 4 2 2.36
0 4 1 -9.87
1 5 2 -0.48
0 2 5 -4.82
1 3 1 -5.14
0 2 4 -8.42
1 2 6 -1.96
0 3 0 -7.74
1 5 7 0.89
0 6 5 -7.66
1 7 5 0.51
0 7 4 1.27
1 7 1 -7.8
0 4 7 -0.73
1 3 7 -9.48
0 5 1 -0.11
1 1 5 -2.59
0 6 6 -11.28
1 6 3 4.05
0 7 6 -10.6
1 7 3 7.77
0 7 2 -3.39
1 7 7 5.48
0 5 6 -21.84
1 6 1 26.13
0 6 7 -18.42
1 5 0 19.22
0 1 7 -25.09
1 2 7 25.2
0 0 5 -38.43
1 1 6 32.28
0 0 6 -64
1 4 0 64
0 7 0 -36.0
1 6 0 36.0
1 1 3 36.0
0 1 4 -36.0
1 0 4 36.0
0 2 1 -36.0
1 0 7 36.0
0 0 3 -36.0
1 0 2 36.0
0 1 2 -36.0
1 0 1 36.0
0 1 1 -36.0
1 0 0 36.0
0 1 0 -36.0
1 2 0 36.0
