1 2 4 -32.0
0 4 5 32.0
1 5 3 -32.0
0 4 2 32.0
1 3 5 -32.0
0 2 3 32.0
1 3 2 -32.0
0 2 2 32.0
1 5 2 -32.0
0 5 4 32.0
1 4 1 -32.0
0 5 5 32.0
1 4 6 -32.0
0 1 5 0.16
1 6 3 -9.81
0 6 5 2.05
1 6 4 -9.85
0 5 1 3.34
1 7 5 -13.79
0 5 0 9.05
1 4 0 -15.89
0 3 1 9.84
1 2 0 -22.09
0 3 0 12.33
1 6 0 -19.23
0 6 2 10.83
1 2 1 -13.7
0 2 6 9.49
1 3 6 -14.17
0 5 7 8.98
1 3 7 -14.41
0 7 4 1.13
1 2 5 -15.69
0 7 6 5.26
1 6 1 -10.84
0 1 2 2.74
1 0 6 -14.69
0 1 4 6.81
1 0 2 -14.45
0 0 4 12.88
1 7 1 -23.22
0 7 0 18.44
1 0 3 -29.11
0 0 5 64
1 1 3 -64
0 0 7 32.0
1 6 6 -32.0
0 0 1 32.0
1 7 2 -32.0
0 1 6 32.0
1 1 1 -32.0
0 2 7 32.0
1 1 7 -32.0
0 4 7 32.0
1 5 6 -32.0
0 1 0 32.0
1 0 0 -32.0
0 7 3 32.0
0 6 7 32.0
1 7 7 -32.0
