1 5 3 -28.0
0 3 2 28.0
1 2 4 -28.0
0 6 3 28.0
1 2 2 -28.0
0 2 3 28.0
1 3 1 -28.0
0 3 5 28.0
1 1 4 -28.0
0 2 5 28.0
1 4 5 -28.0
0 5 5 28.0
1 4 6 0.0
0 1 3 0.0
1 5 6 0.0
0 3 6 0.0
1 2 7 0.0
0 3 7 1.7
1 6 5 -1.7
0 5 4 1.7
1 6 4 -1.7
0 4 1 3.41
1 1 5 -3.34
0 2 6 4.04
1 0 4 -3.89
0 1 2 4.84
1 7 2 -4.8
0 5 7 4.51
1 1 6 -5.34
0 3 0 5.02
1 4 7 -4.05
0 0 3 4.37
1 0 2 -4.13
0 7 4 4.78
1 6 7 -7.13
0 5 2 9.26
1 4 0 -10.41
0 5 0 11.7
1 4 2 -12.67
0 0 7 13.18
1 6 6 -13.8
0 7 5 12.27
1 0 5 -11.5
0 2 0 64
1 0 1 -64
0 0 6 28.0
1 7 6 -28.0
0 0 0 28.0
1 6 1 -28.0
0 1 1 28.0
1 7 3 -28.0
0 6 2 28.0
1 5 1 -28.0
0 6 0 28.0
1 2 1 -28.0
0 7 0 28.0
1 7 1 -28.0
0 1 0 28.0
1 1 7 -28.0
0 7 7 28.0
