1 4 2 -2.0
0 5 4 2.0
1 3 5 -2.0
0 2 4 2.0
1 2 5 -2.0
0 3 2 2.0
1 5 2 -2.0
0 3 6 2.0
1 2 2 -2.0
0 5 3 2.0
1 2 3 -2.0
0 4 1 2.0
1 5 1 -2.0
0 3 1 2.0
1 3 0 -2.0
0 4 0 2.0
1 5 0 -2.0
0 2 1 2.0
1 2 0 4.18
0 1 5 -4.65
1 2 6 -6.12
0 6 2 -8.35
1 4 5 -0.09
0 1 2 -3.59
1 0 2 -9.35
0 5 5 -0.85
1 6 5 -13.02
0 1 4 3.55
1 6 4 -9.44
0 7 4 -1.83
1 6 3 -6.24
0 7 2 5.57
1 6 6 -5.46
0 3 7 2.86
1 5 6 -8.58
0 4 7 -0.3
1 0 4 -8.39
0 7 5 2.07
1 0 5 -11.2
0 1 3 6.04
1 7 3 -18.63
0 0 3 7.86
1 6 7 -12.95
0 1 0 64
1 0 0 -64
0 1 6 2.0
1 0 7 -2.0
0 0 6 2.0
1 1 1 -2.0
0 0 1 2.0
1 1 7 -2.0
0 4 6 2.0
1 7 6 -2.0
0 2 7 2.0
1 5 7 -2.0
0 7 7 2.0
0 7 1 2.0
1 6 1 -2.0
0 6 0 2.0
1 7 0 -2.0
