1 5 3 34.0
0 3 2 -34.0
1 2 5 34.0
0 3 5 -34.0
1 2 4 34.0
0 5 4 -34.0
1 2 3 34.0
0 1 5 -34.0
1 2 6 34.0
0 4 2 -34.0
1 1 4 34.0
0 3 6 -34.0
1 4 5 -0.38
0 5 5 -6.9
1 3 7 -6.77
0 5 2 -6.3
1 6 4 -1.85
0 6 5 -8.89
1 4 6 1.95
0 7 4 -9.21
1 0 5 3.88
0 1 3 -6.68
1 6 3 -4.98
0 5 6 -6.98
1 6 2 -4.64
0 5 7 -7.72
1 4 7 2.14
0 0 4 -2.63
1 6 7 0.27
0 0 6 -10.85
1 7 3 5.23
0 7 2 -14.02
1 7 5 12.44
0 1 7 -16.23
1 7 1 6.76
0 2 7 -15.11
1 0 7 8.57
0 1 6 -18.24
1 1 2 13.69
0 0 2 -19.29
1 0 3 26.57
0 6 1 -30.73
1 7 0 20.74
0 5 1 -64
1 4 0 64
0 2 2 -34.0
1 0 1 34.0
0 6 6 -34.0
1 7 6 34.0
0 7 7 -34.0
1 4 1 34.0
0 3 1 -34.0
1 3 0 34.0
0 2 0 -34.0
1 1 0 34.0
0 6 0 -34.0
1 5 0 34.0
1 2 1 34.0
0 1 1 -34.0
