1 2 4 -6.0
0 4 5 6.0
1 5 2 -6.0
0 4 2 6.0
1 5 3 -6.0
0 2 3 6.0
1 2 5 -6.0
0 2 2 6.0
1 3 5 -6.0
0 3 6 6.0
1 4 6 -6.0
0 1 5 6.0
1 1 4 -6.0
0 2 6 6.0
1 3 7 -6.0
0 5 4 6.0
1 5 5 -6.0
0 1 3 6.0
1 4 1 -6.0
0 5 7 2.68
1 5 6 -2.68
0 6 3 4.91
1 6 4 2.38
0 2 7 -3.23
1 1 7 -4.06
0 7 4 -8.4
1 3 2 1.8
0 3 1 -9.23
1 6 2 -1.92
0 6 5 -8.95
1 0 2 2.73
0 0 3 -10.28
1 1 6 -1.24
0 4 7 -12.21
1 6 7 3.55
0 5 1 -11.33
1 6 1 6.35
0 7 2 -10.7
1 5 0 0.31
0 0 1 -5.45
1 0 4 0.86
0 0 5 -2.55
1 7 3 -10.23
0 7 5 64
1 6 6 -64
0 7 0 6.0
1 7 1 -6.0
0 6 0 6.0
1 4 0 -6.0
0 3 0 6.0
1 1 2 -6.0
0 2 1 6.0
1 1 1 -6.0
0 0 7 6.0
1 0 6 -6.0
0 7 7 6.0
1 0 0 -6.0
0 7 6 6.0
0 1 0 6.0
1 2 0 -6.0
