1 2 4 -6.0
0 4 5 6.0
1 5 2 -6.0
0 4 2 6.0
1 5 3 -6.0
0 2 3 6.0
1 2 5 -6.0
0 2 2 6.0
1 3 5 -6.0
0 3 6 6.0
1 4 6 -6.0
0 1 5 6.0
1 2 6 -6.0
0 5 4 6.0
1 5 5 -3.98
0 5 6 3.98
1 1 4 -3.98
0 6 4 4.02
1 5 7 -1.0
0 6 3 7.13
1 3 2 -14.72
0 1 2 5.55
1 6 2 -14.62
0 3 1 4.03
1 0 5 -14.05
0 4 1 2.78
1 1 3 -12.89
0 6 5 3.37
1 7 2 -16.11
0 7 3 9.32
1 5 1 -15.29
0 4 0 9.32
1 7 6 -13.09
0 4 7 9.84
1 6 6 -20.92
0 7 7 9.02
1 6 7 -19.43
0 7 4 16.54
1 7 5 -16.17
0 0 4 4.81
1 6 0 -10.9
0 5 0 3.48
1 7 1 -13.3
0 0 6 64
1 6 1 -64
0 7 0 6.0
1 3 7 -6.0
0 2 7 6.0
1 0 3 -6.0
0 0 2 6.0
1 1 1 -6.0
0 2 1 6.0
1 3 0 -6.0
0 0 0 6.0
1 1 0 -6.0
0 2 0 6.0
1 0 1 -6.0
1 0 7 -6.0
1 1 7 -6.0
0 1 6 6.0
