1 4 2 -24.0
0 5 4 24.0
1 2 5 -24.0
0 2 4 24.0
1 3 5 -24.0
0 3 2 24.0
1 4 5 -24.0
0 2 6 24.0
1 1 5 -24.0
0 2 3 24.0
1 1 4 -24.0
0 5 5 24.0
1 3 6 -24.0
0 2 7 24.0
1 3 1 -24.0
0 2 2 24.0
1 5 3 -24.0
0 6 2 24.0
1 4 6 -24.0
0 5 6 0.69
1 6 3 -0.69
0 7 2 2.74
1 6 4 -2.74
0 7 3 6.42
1 4 7 -2.38
0 5 1 -1.82
1 1 3 -4.88
0 1 2 -8.32
1 2 1 -4.63
0 5 2 -8.27
1 3 7 0.94
0 5 7 -1.73
1 0 2 -6.14
0 0 5 -4.59
1 6 5 -5.84
0 0 4 -0.95
1 7 4 -8.64
0 0 3 8.98
1 6 7 -11.32
0 7 7 15.74
1 4 1 -18.45
0 0 1 12.17
1 5 0 -13.86
0 1 7 64
1 6 1 -64
0 7 0 24.0
1 6 6 -24.0
0 7 1 24.0
1 6 0 -24.0
0 4 0 24.0
1 2 0 -24.0
0 3 0 24.0
1 0 6 -24.0
0 0 7 24.0
1 1 6 -24.0
0 1 0 24.0
1 1 1 -24.0
0 0 0 24.0
1 7 6 -24.0
0 7 5 24.0
