1 4 2 -6.0
0 5 4 6.0
1 2 5 -6.0
0 2 4 6.0
1 3 5 -6.0
0 3 2 6.0
1 4 5 -6.0
0 2 6 6.0
1 1 5 -6.0
0 3 6 6.0
1 2 3 -6.0
0 5 3 6.0
1 5 5 -6.0
0 5 2 6.0
1 4 7 -6.0
0 3 7 6.0
1 4 6 -6.0
0 5 7 6.0
1 6 4 -6.0
0 6 5 6.0
1 6 3 -6.0
0 7 3 6.0
1 5 6 -6.0
0 7 4 6.0
1 2 1 -6.0
0 6 2 6.0
1 4 1 -6.0
0 0 4 6.0
1 0 5 2.76
0 1 4 -1.21
1 7 5 -7.05
0 1 2 2.99
1 1 7 -8.3
0 2 7 -5.16
1 6 7 3.38
0 4 0 -4.15
1 5 0 -6.01
0 6 0 0.59
1 5 1 -6.82
0 7 6 4.58
1 1 3 -8.65
0 0 2 4.42
1 1 6 -9.02
0 1 0 64
1 3 1 -64
0 0 7 6.0
1 0 6 -6.0
0 0 3 6.0
1 6 6 -6.0
0 7 7 6.0
1 1 1 -6.0
0 2 2 6.0
1 3 0 -6.0
0 2 0 6.0
1 0 0 -6.0
0 0 1 6.0
1 7 0 -6.0
0 6 1 6.0
1 7 2 -6.0
0 7 1 6.0
