1 4 2 14.0
0 5 2 -14.0
1 5 3 14.0
0 5 4 -14.0
1 4 5 14.0
0 2 3 -14.0
1 6 3 14.0
0 5 5 -14.0
1 6 2 14.0
0 4 1 -4.4
1 3 0 -3.79
0 4 6 -1.02
1 3 2 -4.16
0 5 1 -4.56
1 6 5 -0.78
0 2 2 -4.97
1 5 0 -5.96
0 6 4 -1.27
1 2 5 -5.24
0 7 5 -3.87
1 7 4 -11.05
0 4 0 1.03
1 4 7 -9.91
0 2 0 14.33
1 1 0 -8.67
0 5 6 -7.67
1 3 1 -1.37
0 3 6 -3.55
1 3 7 7.3
0 6 1 -17.84
1 5 7 5.57
0 3 5 -12.63
1 2 7 4.16
0 6 6 -12.19
1 1 3 0.49
0 7 3 -8.92
1 2 1 5.48
0 0 3 -15.05
1 1 4 3.45
0 1 2 -8.88
1 2 4 0.38
0 6 7 -7.02
1 7 7 5.41
0 7 6 -64
1 0 4 64
0 2 6 -14.0
1 0 2 14.0
0 1 1 -14.0
1 0 0 14.0
0 0 1 -14.0
1 1 7 14.0
0 1 6 -14.0
1 6 0 14.0
0 7 0 -14.0
1 7 2 14.0
0 7 1 -14.0
1 0 6 14.0
0 0 5 -14.0
1 1 5 14.0
0 0 7 -14.0
