1 4 2 -16.0
0 5 4 16.0
1 2 5 -16.0
0 2 4 16.0
1 3 5 -16.0
0 3 2 16.0
1 5 2 -16.0
0 2 2 16.0
1 5 3 -16.0
0 6 3 16.0
1 6 2 -16.0
0 4 5 16.0
1 5 6 -16.0
0 4 6 16.0
1 2 3 -16.0
0 5 1 16.0
1 4 1 1.57
0 4 0 0.44
1 2 6 -3.45
0 1 2 -4.3
1 3 1 -5.16
0 5 5 -4.87
1 7 3 -4.79
0 1 4 -3.29
1 4 7 -4.82
0 3 0 -2.98
1 6 4 -4.5
0 2 7 -2.67
1 1 5 -6.05
0 3 6 -3.55
1 3 7 3.14
0 6 5 -5.29
1 2 1 -5.19
0 7 5 -6.54
1 1 7 -5.51
0 1 3 -6.33
1 7 4 -4.61
0 0 6 -2.18
1 7 6 -3.31
0 2 0 -5.39
1 1 1 -4.72
0 0 0 -6.59
1 0 1 -4.78
0 7 1 64
1 0 3 -64
0 0 5 16.0
1 0 4 -16.0
0 0 2 16.0
1 6 1 -16.0
0 6 7 16.0
1 1 0 -16.0
0 7 2 16.0
1 7 0 -16.0
0 6 6 16.0
1 7 7 -16.0
0 5 7 16.0
1 6 0 -16.0
0 5 0 16.0
0 0 7 16.0
0 1 6 16.0
