1 4 2 2.0
0 5 4 -2.0
1 3 5 2.0
0 2 4 -2.0
1 2 5 2.0
0 3 2 -2.0
1 5 2 2.0
0 2 2 -2.0
1 5 3 2.0
0 6 3 -2.0
1 6 2 2.0
0 4 5 -2.0
1 5 6 2.0
0 5 1 -2.0
1 2 3 2.0
0 1 3 -2.0
1 3 1 2.0
0 4 1 -2.0
1 5 5 2.0
0 4 0 -2.0
1 7 2 2.0
0 7 4 6.29
1 6 4 -5.44
0 6 5 5.63
1 7 5 -0.54
0 7 6 -5.48
1 5 0 -3.88
0 2 6 -0.45
1 1 5 -5.27
0 4 7 -3.02
1 1 2 -10.38
0 2 1 0.19
1 0 2 -8.92
0 4 6 0.13
1 3 6 -5.74
0 6 6 -2.13
1 7 7 -1.05
0 7 3 -1.54
1 3 7 -10.77
0 0 4 1.05
1 0 3 -3.97
0 1 4 1.45
1 6 7 -4.13
0 0 5 -64
1 5 7 64
0 6 1 -2.0
1 6 0 2.0
0 0 1 -2.0
1 0 6 2.0
0 0 7 -2.0
1 1 6 2.0
0 1 7 -2.0
1 2 7 2.0
0 7 0 -2.0
1 7 1 2.0
1 1 0 2.0
0 3 0 -2.0
1 2 0 2.0
0 0 0 -2.0
1 1 1 2.0
