1 5 3 -26.0
0 3 2 26.0
1 2 5 -26.0
0 3 5 26.0
1 2 4 -26.0
0 5 4 26.0
1 2 3 -26.0
0 1 5 26.0
1 4 6 -26.0
0 4 5 26.0
1 2 6 -2.94
0 1 2 3.98
1 1 3 -3.98
0 4 2 6.88
1 0 5 -8.61
0 5 2 2.67
1 3 1 -10.16
0 0 2 0.27
1 5 5 -5.58
0 2 0 0.15
1 6 4 -11.73
0 2 2 3.21
1 1 4 -10.21
0 6 5 1.73
1 6 3 -11.26
0 3 6 6.32
1 4 7 -13.9
0 0 4 10.37
1 6 1 -21.26
0 7 0 16.02
1 0 3 -17.8
0 0 6 16.47
1 1 6 -25.2
0 3 7 17.45
1 2 7 -23.37
0 0 7 16.24
1 1 7 -16.32
0 7 3 16.04
1 5 1 -19.63
0 6 2 17.07
1 3 0 -25.91
0 5 6 17.66
1 5 7 -22.95
0 6 7 64
1 7 4 -64
0 2 1 26.0
1 7 5 -26.0
0 6 0 26.0
1 5 0 -26.0
0 7 6 26.0
1 6 6 -26.0
0 7 7 26.0
1 1 0 -26.0
0 4 0 26.0
1 7 2 -26.0
0 0 0 26.0
1 4 1 -26.0
0 7 1 26.0
1 0 1 -26.0
0 1 1 26.0
