1 5 3 12.0
0 3 2 -12.0
1 2 5 12.0
0 3 5 -12.0
1 2 4 12.0
0 5 4 -12.0
1 2 3 12.0
0 1 5 -12.0
1 2 6 12.0
0 4 5 -12.0
1 3 6 12.0
0 2 2 -12.0
1 1 4 12.0
0 5 2 -12.0
1 1 3 12.0
0 4 2 -12.0
1 5 6 12.0
0 5 5 0.0
1 4 6 0.0
0 5 7 0.48
1 2 1 1.76
0 0 4 1.97
1 3 1 -0.82
0 0 2 -0.09
1 5 1 -0.26
0 5 0 0.93
1 6 5 -1.64
0 2 7 1.13
1 6 4 -1.48
0 7 5 2.43
1 6 2 -3.01
0 1 2 3.62
1 4 0 -3.96
0 6 1 2.32
1 0 5 -3.37
0 7 3 4.37
1 0 6 -4.3
0 0 3 5.12
1 0 1 -5.2
0 7 2 3.16
1 6 0 -2.45
0 4 1 2.83
1 6 7 -1.95
0 7 7 -64
1 6 6 64
0 6 3 -12.0
1 7 0 12.0
0 7 1 -12.0
1 7 6 12.0
0 4 7 -12.0
1 7 4 12.0
0 1 0 -12.0
1 2 0 12.0
0 3 0 -12.0
1 0 0 12.0
0 1 6 -12.0
1 0 7 12.0
0 1 1 -12.0
1 1 7 12.0
0 3 7 -12.0
