1 2 4 -4.0
0 2 5 4.0
1 3 5 -4.0
0 2 3 4.0
1 1 4 -4.0
0 4 5 4.0
1 4 6 -4.0
0 3 6 4.0
1 5 4 -0.05
0 5 3 0.05
1 2 2 2.5
0 5 5 -5.13
1 5 6 -0.6
0 4 7 -6.65
1 3 2 -0.31
0 5 7 -5.02
1 6 3 0.12
0 4 2 1.16
1 5 1 -8.45
0 0 4 3.2
1 3 7 -7.48
0 2 7 -1.73
1 6 4 -6.09
0 5 2 3.97
1 6 5 -9.69
0 2 6 7.18
1 1 5 -16.56
0 5 0 6.84
1 0 5 -12.25
0 7 2 2.7
1 7 3 -16.81
0 1 3 8.59
1 7 1 -16.88
0 0 6 14.41
1 0 3 -12.09
0 0 2 7.73
1 1 6 -20.61
0 1 2 7.99
1 3 1 -17.93
0 6 2 10.24
1 2 1 -15.0
0 4 0 3.92
1 2 0 -2.2
0 3 0 64
1 4 1 -64
0 1 0 4.0
1 6 0 -4.0
0 7 0 4.0
1 6 1 -4.0
0 7 4 4.0
1 1 1 -4.0
0 0 7 4.0
1 1 7 -4.0
0 0 1 4.0
1 7 6 -4.0
0 6 6 4.0
1 7 5 -4.0
0 7 7 4.0
1 0 0 -4.0
1 6 7 -4.0
