1 5 3 -16.0
0 3 2 16.0
1 2 3 -16.0
0 5 4 16.0
1 4 5 -16.0
0 3 5 16.0
1 4 2 -16.0
0 6 3 16.0
1 2 4 2.88
0 5 5 -10.85
1 2 2 -3.01
0 2 5 -4.33
1 3 6 4.2
0 4 7 -14.75
1 2 6 2.48
0 1 5 -15.27
1 3 7 1.03
0 1 3 -8.61
1 0 5 2.35
0 1 4 -3.68
1 0 2 -2.79
0 0 3 -7.61
1 0 4 -2.54
0 2 7 -5.06
1 6 4 -3.27
0 5 2 -6.59
1 1 2 -2.34
0 4 1 0.54
1 5 6 -2.9
0 4 6 -3.99
1 5 7 -6.27
0 3 1 -0.55
1 1 7 -2.14
0 1 6 -12.43
1 3 0 -2.53
0 2 0 -2.67
1 6 5 -5.7
0 4 0 2.91
1 0 7 -14.66
0 7 5 2.29
1 7 4 -9.62
0 7 3 5.83
1 5 1 -13.08
0 2 1 64
1 6 2 -64
0 7 6 16.0
1 5 0 -16.0
0 6 0 16.0
1 6 6 -16.0
0 0 6 16.0
1 1 1 -16.0
0 7 2 16.0
1 7 1 -16.0
0 7 0 16.0
1 6 1 -16.0
0 1 0 16.0
1 0 1 -16.0
0 0 0 16.0
0 6 7 16.0
1 7 7 -16.0
