1 4 2 -10.0
0 5 4 10.0
1 3 5 -10.0
0 4 1 10.0
1 5 5 -10.0
0 4 5 10.0
1 6 4 -10.0
0 2 4 10.0
1 3 6 -10.0
0 2 5 10.0
1 2 3 -10.0
0 2 2 10.0
1 1 3 0.0
0 4 6 0.0
1 1 2 0.0
0 1 4 3.69
1 0 3 -8.7
0 1 5 -5.31
1 2 6 -5.12
0 6 3 -1.34
1 3 1 -4.51
0 0 2 -2.03
1 3 2 -5.84
0 0 4 -2.95
1 5 7 -10.98
0 5 6 3.48
1 6 5 -10.33
0 5 3 10.03
1 5 1 -16.97
0 0 1 7.45
1 4 7 -15.83
0 5 0 3.97
1 5 2 -9.08
0 3 0 6.49
1 4 0 -14.32
0 2 1 12.64
1 0 6 -19.44
0 7 4 12.55
1 2 0 -14.7
0 6 2 13.92
1 7 5 -19.42
0 1 0 20.61
1 6 1 -20.3
0 7 6 64
1 6 6 -64
0 0 5 10.0
1 0 0 -10.0
0 7 0 10.0
1 1 1 -10.0
0 6 0 10.0
1 7 1 -10.0
0 7 7 10.0
1 6 7 -10.0
0 1 6 10.0
1 1 7 -10.0
0 0 7 10.0
1 3 7 -10.0
0 2 7 10.0
0 7 3 10.0
1 7 2 -10.0
