1 2 4 -10.0
0 4 5 10.0
1 5 4 -10.0
0 2 3 10.0
1 3 2 -10.0
0 5 5 10.0
1 4 2 -10.0
0 2 5 10.0
1 3 5 -10.0
0 2 6 -1.64
1 1 2 1.64
0 5 3 0.13
1 1 4 -1.09
0 5 2 0.95
1 2 7 -9.27
0 4 1 7.57
1 6 3 -22.38
0 6 4 9.45
1 5 1 -21.77
0 2 2 14.06
1 3 0 -23.47
0 4 0 14.36
1 6 2 -25.39
0 5 0 20.27
1 7 4 -28.04
0 7 5 24.82
1 6 0 -27.83
0 6 5 21.3
1 4 6 -27.35
0 0 2 18.52
1 3 1 -24.73
0 2 1 19.8
1 1 3 -22.16
0 1 1 12.06
1 2 0 -20.07
0 3 7 13.36
1 5 7 -18.72
0 5 6 11.38
1 7 3 -13.79
0 0 3 8.59
1 0 0 -13.13
0 0 5 2.13
1 0 4 -14.41
0 4 7 64
1 7 6 -64
0 7 2 10.0
1 7 1 -10.0
0 1 0 10.0
1 3 6 -10.0
0 7 0 10.0
1 6 6 -10.0
0 7 7 10.0
1 6 1 -10.0
0 6 7 10.0
1 0 1 -10.0
0 1 7 10.0
1 0 6 -10.0
0 1 5 10.0
1 1 6 -10.0
0 0 7 10.0
