1 4 2 22.0
0 5 2 -22.0
1 5 3 22.0
0 3 2 -22.0
1 4 1 22.0
0 6 3 -22.0
1 6 2 22.0
0 4 0 -22.0
1 3 1 22.0
0 5 1 -22.0
1 2 3 22.0
0 3 0 -22.0
1 2 2 0.24
0 5 4 -0.93
1 2 5 0.94
0 2 1 -1.36
1 4 5 2.05
0 1 2 -1.9
1 6 5 1.98
0 1 4 -2.27
1 2 0 2.29
0 1 0 -2.23
1 6 0 2.47
0 7 3 -2.93
1 1 3 3.09
0 5 5 -5.32
1 0 2 6.09
0 2 4 -7.33
1 3 5 7.39
0 0 4 -8.76
1 6 4 10.6
0 5 6 -11.4
1 0 5 11.39
0 0 3 -11.45
1 3 6 11.66
0 2 6 -10.56
1 4 7 10.22
0 5 7 -11.21
1 1 5 12.73
0 4 6 -11.73
1 6 7 11.89
0 7 6 -11.54
1 7 5 11.3
0 7 4 -64
1 1 7 64
0 1 6 -22.0
1 7 1 22.0
0 6 6 -22.0
1 5 0 22.0
0 7 2 -22.0
1 7 7 22.0
0 6 1 -22.0
1 0 0 22.0
0 0 1 -22.0
1 2 7 22.0
0 0 7 -22.0
1 0 6 22.0
0 3 7 -22.0
1 7 0 22.0
1 1 1 22.0
