1 2 4 -8.0
0 2 5 8.0
1 3 5 -8.0
0 2 3 8.0
1 1 4 -8.0
0 4 5 8.0
1 2 2 -8.0
0 1 5 8.0
1 2 6 -8.0
0 0 4 1.45
1 5 6 1.09
0 3 6 -0.73
1 5 4 -6.81
0 5 5 -0.96
1 2 7 -7.39
0 5 3 -1.13
1 4 2 -9.72
0 5 7 -3.34
1 6 2 -3.61
0 5 2 3.05
1 0 5 -13.27
0 1 2 1.8
1 0 3 -7.82
0 3 7 -0.25
1 0 2 -12.27
0 5 1 -1.18
1 6 4 -7.33
0 4 6 2.54
1 6 5 -6.83
0 6 3 -0.91
1 1 3 4.09
0 2 1 -1.41
1 5 0 -7.8
0 4 1 1.04
1 3 0 -9.12
0 7 3 7.78
1 3 2 -18.64
0 7 4 4.77
1 7 2 -17.77
0 1 1 10.99
1 3 1 -9.7
0 4 0 -1.51
1 4 7 -12.27
0 2 0 64
1 6 7 -64
0 6 0 8.0
1 1 0 -8.0
0 0 0 8.0
1 7 1 -8.0
0 6 6 8.0
1 0 1 -8.0
0 1 6 8.0
1 0 7 -8.0
0 6 1 8.0
1 7 0 -8.0
0 0 6 8.0
1 1 7 -8.0
1 7 5 -8.0
0 7 6 8.0
1 7 7 -8.0
