1 2 4 -6.0
0 4 5 6.0
1 5 3 -6.0
0 4 2 6.0
1 5 4 -6.0
0 2 3 6.0
1 3 2 -6.0
0 2 2 6.0
1 5 1 -6.0
0 5 5 6.0
1 3 5 -6.0
0 4 1 6.0
1 1 3 -6.0
0 6 5 6.0
1 6 4 -6.0
0 1 2 6.0
1 5 6 -6.0
0 7 4 6.0
1 2 1 -6.0
0 4 6 5.73
1 5 2 -6.19
0 2 5 7.02
1 0 3 -6.74
0 6 2 4.48
1 6 3 -4.36
0 5 0 5.38
1 7 5 -4.88
0 7 3 4.38
1 7 2 -3.88
0 3 1 5.73
1 3 7 -6.06
0 1 4 5.22
1 3 0 -5.47
0 4 0 6.79
1 6 0 -6.2
0 2 0 5.05
1 1 0 -6.63
0 0 4 6.46
1 0 5 -5.82
0 1 5 6.07
1 3 6 -4.97
0 0 2 4.53
1 0 1 -5.1
0 6 1 6.88
1 7 0 -6.75
0 5 7 6.88
1 0 6 -6.08
0 2 6 4.41
1 2 7 -5.51
0 7 1 7.48
1 6 6 -3.05
0 1 6 -2.12
1 0 7 0.88
0 4 7 6.0
1 6 7 -6.0
0 1 7 6.0
0 1 1 6.0
1 0 0 -6.0
0 7 7 6.0
0 7 6 6.0
