1 2 4 -10.0
0 4 5 10.0
1 5 2 -10.0
0 4 2 10.0
1 5 3 -10.0
0 2 3 10.0
1 5 4 -10.0
0 6 2 10.0
1 5 1 -10.0
0 6 3 10.0
1 3 2 -10.0
0 3 5 10.0
1 5 5 -10.0
0 2 5 10.0
1 7 4 -10.0
0 7 3 10.0
1 6 4 -10.0
0 7 5 10.0
1 4 6 -10.0
0 5 6 10.0
1 3 6 -10.0
0 3 7 10.0
1 6 5 -10.0
0 2 7 10.0
1 1 2 -10.0
0 2 6 0.0
1 1 4 0.0
0 4 1 0.0
1 5 0 0.1
0 7 6 1.95
1 1 6 -10.49
0 3 0 5.33
1 6 1 -9.54
0 4 0 -0.5
1 7 2 -0.39
0 6 6 4.83
1 3 1 -11.88
0 2 0 4.58
1 7 7 -8.09
0 0 4 -1.8
1 6 7 -7.67
0 1 5 3.71
1 0 6 -7.03
0 1 3 64
1 1 0 -64
0 2 1 10.0
1 1 1 -10.0
0 0 7 10.0
1 2 2 -10.0
0 0 5 10.0
1 0 3 -10.0
0 0 2 10.0
1 1 7 -10.0
0 7 0 10.0
1 7 1 -10.0
0 6 0 10.0
1 5 7 -10.0
0 4 7 10.0
0 0 0 10.0
1 0 1 -10.0
