1 5 3 -8.0
0 3 2 8.0
1 2 5 -8.0
0 3 5 8.0
1 2 4 -8.0
0 5 4 8.0
1 2 3 -8.0
0 1 5 8.0
1 2 6 -8.0
0 4 2 8.0
1 2 2 -8.0
0 1 4 8.0
1 1 3 -8.0
0 3 6 8.0
1 5 1 -8.0
0 2 1 8.0
1 5 5 -0.16
0 0 2 0.16
1 3 1 -0.16
0 4 0 3.2
1 0 5 -5.55
0 0 3 -1.92
1 4 5 -4.38
0 4 1 2.45
1 3 7 -10.5
0 2 7 5.87
1 0 4 -13.25
0 0 6 8.59
1 1 2 -1.64
0 4 7 -4.12
1 5 0 -8.62
0 6 4 5.84
1 6 5 -9.41
0 6 2 -1.52
1 1 6 -7.25
0 5 6 -2.75
1 1 1 -0.08
0 4 6 6.05
1 6 3 -10.21
0 3 0 2.43
1 5 2 -6.55
0 0 7 -0.91
1 7 2 -10.55
0 0 0 64
1 1 7 -64
0 6 0 8.0
1 6 1 -8.0
0 7 0 8.0
1 6 7 -8.0
0 5 7 8.0
1 6 6 -8.0
0 7 7 8.0
1 7 6 -8.0
0 7 4 8.0
1 7 5 -8.0
0 7 3 8.0
1 7 1 -8.0
1 2 0 -8.0
0 1 0 8.0
1 0 1 -8.0
