1 4 2 -28.0
0 5 2 28.0
1 5 3 -28.0
0 3 2 28.0
1 4 1 -28.0
0 6 3 28.0
1 6 2 -28.0
0 4 0 28.0
1 2 3 -28.0
0 2 4 28.0
1 3 1 -28.0
0 3 0 28.0
1 2 2 -28.0
0 5 1 28.0
1 2 0 -28.0
0 1 0 3.34
1 3 5 -3.34
0 7 3 4.4
1 7 4 -3.35
0 7 5 3.88
1 6 0 -13.32
0 2 1 5.84
1 7 1 -17.31
0 5 4 9.97
1 1 5 -25.17
0 2 5 14.84
1 4 5 -23.09
0 3 6 16.32
1 1 4 -24.64
0 4 6 15.16
1 5 6 -19.02
0 6 5 7.38
1 6 4 -17.34
0 5 5 6.87
1 3 7 -18.81
0 2 6 8.66
1 1 3 -13.97
0 5 7 1.68
1 1 2 -7.81
0 0 2 -0.34
1 1 6 -6.02
0 0 4 1.16
1 0 6 -10.3
0 0 3 64
1 7 6 -64
0 7 7 28.0
1 0 5 -28.0
0 0 7 28.0
1 1 7 -28.0
0 1 1 28.0
1 2 7 -28.0
0 4 7 28.0
1 6 7 -28.0
0 6 6 28.0
1 5 0 -28.0
0 7 0 28.0
1 0 1 -28.0
0 0 0 28.0
0 6 1 28.0
1 7 2 -28.0
