1 4 2 0.0
0 5 4 0.0
1 2 5 0.0
0 2 4 0.0
1 3 5 0.0
0 3 2 0.0
1 4 5 0.0
0 2 6 0.0
1 1 5 0.0
0 3 6 0.0
1 2 3 0.0
0 5 3 0.0
1 5 6 0.0
0 5 5 0.0
1 4 6 0.0
0 0 5 0.95
1 6 3 -0.95
0 1 3 0.95
1 2 2 2.29
0 5 2 -3.74
1 4 1 2.37
0 4 7 -1.55
1 0 4 2.56
0 1 2 -2.21
1 1 4 1.52
0 5 7 -1.99
1 6 2 1.66
0 3 1 -0.42
1 0 1 -1.55
0 0 3 2.94
1 2 1 -3.08
0 5 1 2.8
1 6 5 -3.91
0 4 0 5.12
1 6 0 -5.49
0 5 0 5.58
1 3 0 -5.92
0 0 2 7.31
1 0 6 -4.9
0 7 5 3.6
1 6 6 -4.09
0 7 2 2.95
1 2 7 -3.26
0 6 4 0
1 3 7 0
0 7 7 0.0
1 6 7 0.0
0 1 0 0.0
1 7 6 0.0
0 1 6 0.0
1 7 3 0.0
0 7 4 0.0
1 6 1 0.0
0 7 0 0.0
1 7 1 0.0
0 2 0 0.0
1 0 7 0.0
0 1 7 0.0
1 1 1 0.0
0 0 0 0.0
