1 5 3 6.0
0 5 2 -6.0
1 4 2 6.0
0 3 2 -6.0
1 2 3 6.0
0 4 5 -6.0
1 4 1 6.0
0 3 1 -6.0
1 5 1 6.01
0 1 4 -8.25
1 2 2 8.38
0 6 4 -14.67
1 2 4 9.52
0 2 1 -15.77
1 3 0 4.85
0 1 3 -18.15
1 3 5 6.36
0 2 6 -14.9
1 3 6 14.55
0 1 1 -18.02
1 1 2 14.51
0 4 0 -21.95
1 5 0 14.1
0 6 2 -21.87
1 0 3 10.42
0 0 4 -22.72
1 0 2 10.25
0 1 5 -22.35
1 2 5 10.16
0 0 1 -22.01
1 0 5 12.11
0 0 6 -20.66
1 7 2 17.24
0 2 0 -18.15
1 5 5 6.09
0 5 6 -20.2
1 0 0 14.54
0 1 0 -11.64
1 4 6 4.09
0 1 6 -13.08
1 0 7 -0.55
0 5 4 -11.55
1 1 7 1.59
0 7 1 -64
1 6 5 64
0 7 4 -6.0
1 7 0 6.0
0 4 7 -6.0
1 7 3 6.0
0 6 0 -6.0
1 7 5 6.0
0 6 1 -6.0
1 6 3 6.0
0 6 6 -6.0
1 7 7 6.0
0 7 6 -6.0
1 5 7 6.0
0 6 7 -6.0
1 3 7 6.0
0 2 7 -6.0
