1 2 4 22.0
0 4 5 -22.0
1 5 2 22.0
0 4 2 -22.0
1 5 3 22.0
0 2 3 -22.0
1 2 5 22.0
0 2 2 -22.0
1 3 5 22.0
0 3 6 -22.0
1 2 6 22.0
0 5 4 -22.0
1 3 2 22.0
0 1 5 2.47
1 6 5 -9.32
0 1 3 4.19
1 1 4 -13.36
0 1 2 5.86
1 0 4 -18.6
0 6 4 4.55
1 4 7 -17.02
0 2 1 5.05
1 0 3 -13.33
0 6 3 2.17
1 4 1 -8.09
0 5 1 -4.48
1 3 1 -8.11
0 0 2 -2.12
1 2 0 -8.33
0 0 5 -2.92
1 5 6 -6.27
0 4 6 0.74
1 5 5 -3.35
0 5 0 -4.57
1 7 4 -0.58
0 4 0 -2.79
1 7 2 -1.73
0 7 5 -11.96
1 3 0 4.32
0 5 7 -8.77
1 6 0 -1.95
0 7 3 -8.63
1 7 6 4.2
0 1 7 -64
1 6 2 64
0 3 7 -22.0
1 2 7 22.0
0 1 6 -22.0
1 6 6 22.0
0 7 1 -22.0
1 7 0 22.0
0 6 7 -22.0
1 7 7 22.0
0 6 1 -22.0
1 0 7 22.0
0 0 6 -22.0
1 1 1 22.0
0 0 1 -22.0
1 0 0 22.0
0 1 0 -22.0
