1 4 2 12.0
0 5 4 -12.0
1 2 5 12.0
0 4 1 -12.0
1 5 5 12.0
0 5 6 -12.0
1 5 3 2.03
0 6 4 -1.98
1 7 4 -1.65
0 3 5 -2.69
1 5 2 -1.58
0 6 3 -7.8
1 6 2 -5.98
0 7 2 -6.57
1 3 1 -5.23
0 3 2 -7.86
1 2 1 -4.99
0 2 2 -2.31
1 2 6 -2.34
0 3 0 1.49
1 2 3 -2.6
0 2 4 2.58
1 4 5 -8.0
0 4 6 -1.95
1 6 5 -2.32
0 1 4 -2.26
1 1 2 -6.8
0 0 2 -8.11
1 4 0 0.93
0 2 0 -12.56
1 5 1 -2.5
0 1 3 -7.7
1 1 5 0.09
0 7 5 -3.74
1 7 3 -4.09
0 3 6 -7.27
1 0 3 3.59
0 0 6 -8.55
1 1 0 -0.85
0 6 0 -8.8
1 3 7 -4.23
0 4 7 -8.07
1 5 7 -1.54
0 6 1 -64
1 0 4 64
0 2 7 -12.0
1 0 1 12.0
0 6 6 -12.0
1 1 7 12.0
0 1 1 -12.0
1 6 7 12.0
0 0 5 -12.0
1 0 7 12.0
0 1 6 -12.0
1 7 1 12.0
0 7 0 -12.0
1 0 0 12.0
0 5 0 -12.0
1 7 6 12.0
0 7 7 -12.0
