1 5 3 22.0
0 5 2 -22.0
1 4 2 22.0
0 5 4 -22.0
1 6 3 22.0
0 4 1 -22.0
1 5 1 22.0
0 6 2 -22.0
1 7 3 2.09
0 3 2 -7.49
1 6 4 3.68
0 5 0 -8.19
1 3 0 -4.59
0 7 5 -5.18
1 4 5 -0.79
0 5 5 0.43
1 3 5 1.2
0 7 2 -2.66
1 7 4 6.3
0 6 5 -8.27
1 5 6 -2.31
0 4 6 -8.66
1 2 1 -3.98
0 2 2 -8.43
1 2 4 -1.43
0 2 6 -8.3
1 4 0 -1.98
0 2 3 -3.51
1 1 3 -4.84
0 0 3 -7.12
1 0 2 0.88
0 0 1 -1.15
1 5 7 -11.1
0 2 5 1.3
1 3 1 -5.05
0 6 1 -4.88
1 1 5 3.61
0 1 4 -10.08
1 7 0 4.82
0 6 0 -14.55
1 7 1 1.33
0 7 6 -10.52
1 1 2 1.13
0 6 6 -64
1 0 4 64
0 3 7 -22.0
1 4 7 22.0
0 1 6 -22.0
1 0 0 22.0
0 3 6 -22.0
1 0 7 22.0
0 6 7 -22.0
1 2 7 22.0
0 0 5 -22.0
1 7 7 22.0
0 1 1 -22.0
1 1 0 22.0
0 0 6 -22.0
1 1 7 22.0
0 2 0 -22.0
