1 2 4 32.0
0 2 5 -32.0
1 3 5 32.0
0 2 3 -32.0
1 5 2 32.0
0 4 5 -32.0
1 2 2 32.0
0 5 3 -32.0
1 5 4 32.0
0 6 3 -32.0
1 7 4 32.0
0 7 2 -32.0
1 5 5 32.0
0 6 2 -32.0
1 1 4 32.0
0 3 2 8.17
1 4 2 -4.05
0 5 1 -7.93
1 6 4 -2.55
0 2 1 -6.28
1 1 3 3.72
0 5 6 -15.03
1 1 2 2.34
0 7 3 -14.22
1 7 1 5.05
0 3 1 -14.03
1 4 1 12.23
0 4 0 -13.18
1 5 0 1.77
0 6 0 -11.55
1 2 0 17.03
0 0 3 -28.01
1 7 5 20.76
0 6 1 -25.42
1 0 5 12.3
0 0 2 -28.09
1 6 5 21.09
0 0 4 -30.45
1 0 1 26.85
0 6 6 -33.22
1 7 6 27.46
0 3 0 -26.8
1 7 0 29.12
0 1 0 -64
1 0 0 64
0 1 1 -32.0
1 1 5 32.0
0 3 6 -32.0
1 7 7 32.0
0 6 7 -32.0
1 3 7 32.0
0 4 6 -32.0
1 5 7 32.0
0 2 6 -32.0
1 2 7 32.0
0 1 7 -32.0
1 1 6 32.0
0 4 7 -32.0
1 0 7 32.0
0 0 6 -32.0
