1 5 3 46.0
0 3 2 -46.0
1 2 3 46.0
0 5 4 -46.0
1 4 5 46.0
0 2 2 -46.0
1 3 5 46.0
0 5 2 -46.0
1 4 2 46.0
0 3 1 -46.0
1 6 5 46.0
0 2 4 -46.0
1 1 4 46.0
0 2 5 -46.0
1 3 6 -0.26
0 2 6 0.91
1 5 1 -15.11
0 3 7 8.88
1 1 3 -4.2
0 0 3 -1.34
1 2 0 -8.59
0 1 2 -3.69
1 2 1 -9.38
0 5 5 5.3
1 0 2 -8.4
0 0 1 2.55
1 0 5 -4.84
0 6 4 3.09
1 4 6 -4.84
0 5 6 -3.96
1 7 4 -7.58
0 7 5 1.2
1 1 5 1.06
0 4 1 -9.08
1 7 6 0.78
0 7 3 -12.7
1 7 2 7.38
0 6 1 -17.36
1 0 4 7.39
0 0 6 -16.37
1 6 3 10.52
0 6 2 -15.52
1 3 0 13.83
0 5 0 -64
1 6 6 64
0 6 7 -46.0
1 7 7 46.0
0 4 0 -46.0
1 1 1 46.0
0 1 0 -46.0
1 7 0 46.0
0 6 0 -46.0
1 0 0 46.0
1 7 1 46.0
1 4 7 46.0
0 5 7 -46.0
1 0 7 46.0
1 2 7 46.0
0 1 7 -46.0
1 1 6 46.0
