1 2 4 4.0
0 4 5 -4.0
1 5 2 4.0
0 4 2 -4.0
1 5 3 4.0
0 2 3 -4.0
1 2 5 4.0
0 2 2 -4.0
1 3 5 4.0
0 3 6 -4.0
1 5 5 4.0
0 1 5 -4.0
1 2 7 4.0
0 5 4 -4.0
1 6 3 4.0
0 2 6 3.46
1 1 4 0.01
0 6 5 -1.37
1 1 3 0.88
0 3 2 -0.9
1 6 4 1.02
0 4 6 -0.88
1 5 6 0.42
0 4 7 -0.57
1 7 5 -0.62
0 6 2 0.67
1 5 1 -0.6
0 7 2 -0.19
1 7 4 -0.72
0 7 3 -0.62
1 4 1 0.63
0 2 1 -0.54
1 7 1 -1.52
0 3 1 1.5
1 3 0 -2.59
0 2 0 2.73
1 4 0 -2.27
0 0 4 2.59
1 1 2 -2.14
0 0 3 2.03
1 1 0 -3.16
0 1 6 2.95
1 3 7 -1.2
0 5 7 -64
1 0 7 64
0 0 6 -4.0
1 1 7 4.0
0 0 5 -4.0
1 6 7 4.0
0 0 2 -4.0
1 1 1 4.0
0 5 0 -4.0
1 6 0 4.0
0 7 6 -4.0
1 7 7 4.0
0 6 6 -4.0
1 0 1 4.0
0 0 0 -4.0
1 6 1 4.0
0 7 0 -4.0
