1 5 3 -22.0
0 5 2 22.0
1 4 2 -22.0
0 5 4 22.0
1 2 5 -22.0
0 3 1 22.0
1 4 5 -22.0
0 3 2 22.0
1 4 1 -22.0
0 2 3 1.91
1 2 4 -1.91
0 3 5 3.02
1 2 2 -3.02
0 5 5 5.6
1 2 0 -10.78
0 1 4 -2.39
1 4 6 -6.7
0 3 6 -0.14
1 3 7 -10.63
0 1 3 3.7
1 1 2 -13.23
0 2 7 2.7
1 0 3 -12.86
0 5 1 2.07
1 2 6 -15.02
0 1 5 4.24
1 0 5 -15.71
0 0 4 9.77
1 5 6 -19.14
0 4 7 16.16
1 6 3 -27.92
0 5 7 21.89
1 6 4 -24.45
0 7 3 16.04
1 5 0 -27.07
0 7 2 27.43
1 6 6 -39.87
0 6 7 29.56
1 7 4 -38.57
0 1 7 34.7
1 1 6 -34.09
0 3 0 30.64
1 4 0 -25.91
0 0 7 64
1 0 6 -64
0 2 1 22.0
1 1 0 -22.0
0 6 1 22.0
1 1 1 -22.0
0 0 2 22.0
1 7 0 -22.0
0 6 0 22.0
1 7 1 -22.0
0 6 2 22.0
1 0 1 -22.0
0 7 7 22.0
1 6 5 -22.0
0 0 0 22.0
1 7 6 -22.0
0 7 5 22.0
