1 5 3 -2.0
0 3 2 2.0
1 2 4 -2.0
0 6 3 2.0
1 2 2 -2.0
0 2 3 2.0
1 5 2 -2.0
0 5 4 2.0
1 4 2 -2.0
0 5 1 2.0
1 6 4 -2.0
0 5 5 2.0
1 7 3 -2.0
0 7 2 2.0
1 7 1 1.05
0 4 5 -6.96
1 2 5 -4.0
0 4 1 -10.73
1 6 2 -3.38
0 1 5 -6.2
1 1 3 -5.78
0 7 5 -5.23
1 3 5 -4.77
0 2 1 1.96
1 3 6 -16.52
0 4 6 2.58
1 5 7 -14.37
0 7 4 0.81
1 7 6 -11.02
0 6 5 2.12
1 3 1 -13.8
0 1 2 8.55
1 4 0 -22.68
0 5 6 9.5
1 0 5 -17.4
0 0 4 8.88
1 1 4 -16.54
0 5 0 4.99
1 0 3 -9.41
0 4 7 6.26
1 3 7 -7.63
0 3 0 -4.77
1 6 7 -6.4
0 2 6 64
1 0 2 -64
0 2 7 2.0
1 1 7 -2.0
0 1 1 2.0
1 0 0 -2.0
0 0 1 2.0
1 1 6 -2.0
0 0 7 2.0
1 0 6 -2.0
0 7 7 2.0
1 6 6 -2.0
0 7 0 2.0
1 1 0 -2.0
0 2 0 2.0
1 6 0 -2.0
0 6 1 2.0
