1 4 2 -4.0
0 5 4 4.0
1 2 5 -4.0
0 2 4 4.0
1 3 5 -4.0
0 3 2 4.0
1 5 2 -4.0
0 4 1 4.0
1 2 3 -4.0
0 2 2 4.0
1 3 1 -4.0
0 2 0 4.0
1 2 1 -4.0
0 1 2 4.0
1 5 3 -2.15
0 3 0 2.95
1 5 1 -1.91
0 4 5 0.27
1 1 3 -0.77
0 0 3 0.46
1 0 2 -0.57
0 0 4 1.25
1 0 5 -2.13
0 1 4 1.61
1 4 0 -1.07
0 4 6 2.58
1 3 6 -3.0
0 1 5 1.48
1 1 0 -0.48
0 6 3 -0.65
1 2 6 0.6
0 5 0 0.02
1 6 0 -0.28
0 3 7 2.14
1 6 2 -2.26
0 1 1 2.0
1 6 5 -2.03
0 5 5 3.3
1 6 4 -3.45
0 2 7 4.31
1 1 6 -5.3
0 7 3 5.23
1 7 2 -4.66
0 0 7 64
1 7 4 -64
0 7 5 4.0
1 7 6 -4.0
0 6 6 4.0
1 4 7 -4.0
0 5 6 4.0
1 5 7 -4.0
0 0 6 4.0
1 0 0 -4.0
0 0 1 4.0
1 1 7 -4.0
0 7 7 4.0
1 6 7 -4.0
0 7 1 4.0
1 6 1 -4.0
0 7 0 4.0
