1 2 4 -14.0
0 4 5 14.0
1 5 4 -14.0
0 2 3 14.0
1 3 2 -14.0
0 5 5 14.0
1 4 2 -14.0
0 2 5 14.0
1 3 5 -14.0
0 4 6 14.0
1 1 3 -14.0
0 5 3 14.0
1 1 4 -14.0
0 5 2 14.0
1 2 6 -14.0
0 4 1 14.0
1 5 0 -14.0
0 2 1 14.0
1 3 1 0.78
0 1 5 -1.11
1 3 6 -0.16
0 3 0 -4.59
1 0 4 -4.59
0 1 2 -10.05
1 2 2 -2.52
0 0 3 -9.3
1 5 7 3.22
0 4 0 -4.26
1 5 1 -7.84
0 6 0 0.07
1 5 6 -8.57
0 6 3 4.94
1 1 0 -10.71
0 6 5 6.72
1 7 3 -14.8
0 7 2 10.52
1 7 1 -14.53
0 6 2 11.09
1 7 4 -25.99
0 7 5 12.06
1 1 1 -16.07
0 7 0 12.77
1 2 0 -15.19
0 0 0 64
1 6 1 -64
0 0 1 14.0
1 0 2 -14.0
0 3 7 14.0
1 4 7 -14.0
0 6 7 14.0
1 6 4 -14.0
0 0 5 14.0
1 7 6 -14.0
0 2 7 14.0
1 6 6 -14.0
0 7 7 14.0
1 1 7 -14.0
0 0 7 14.0
1 1 6 -14.0
0 0 6 14.0
