1 5 3 -2.0
0 3 2 2.0
1 2 3 -2.0
0 5 4 2.0
1 4 5 -2.0
0 2 2 2.0
1 3 5 -2.0
0 5 2 2.0
1 4 2 -2.0
0 3 1 2.0
1 6 5 -2.0
0 2 4 2.0
1 6 3 -2.0
0 2 5 2.0
1 1 4 -2.0
0 4 6 2.0
1 1 3 -2.0
0 6 2 2.25
1 5 7 -16.17
0 5 5 3.46
1 5 6 -14.25
0 1 5 8.05
1 5 1 -15.77
0 0 2 6.14
1 3 6 -15.37
0 4 0 4.67
1 0 3 -11.45
0 1 2 -0.38
1 0 1 -8.2
0 7 3 1.28
1 4 1 -4.49
0 3 0 -9.22
1 6 4 -1.31
0 4 7 -12.04
1 2 7 2.91
0 2 1 -7.75
1 2 6 -3.59
0 3 7 -9.84
1 0 6 -1.55
0 0 4 -5.31
1 0 5 2.07
0 1 1 -6.52
1 7 2 -3.88
0 7 1 64
1 5 0 -64
0 1 6 2.0
1 0 7 -2.0
0 1 7 2.0
1 0 0 -2.0
0 7 6 2.0
1 6 6 -2.0
0 6 0 2.0
1 2 0 -2.0
0 7 5 2.0
1 7 4 -2.0
0 1 0 2.0
1 7 0 -2.0
0 6 1 2.0
1 7 7 -2.0
0 6 7 2.0
