1 4 2 -2.0
0 5 4 2.0
1 4 5 -2.0
0 3 2 2.0
1 2 3 -2.0
0 5 5 2.0
1 2 4 -2.0
0 4 1 2.0
1 5 3 -2.0
0 5 2 2.0
1 2 1 -2.0
0 3 5 2.0
1 3 6 -2.0
0 2 6 1.33
1 5 1 -5.39
0 2 7 -3.16
1 5 0 3.3
0 2 5 3.12
1 6 5 -14.76
0 6 3 4.66
1 6 2 -6.83
0 3 1 0.97
1 2 2 -3.48
0 7 5 -7.52
1 7 4 -2.92
0 7 2 -3.55
1 7 3 0.64
0 6 4 0.72
1 5 6 -14.7
0 4 6 3.41
1 2 0 -16.23
0 5 7 1.16
1 6 6 -11.38
0 3 0 6.31
1 4 0 -6.67
0 1 5 -2.48
1 6 7 -8.65
0 1 4 2.25
1 1 2 -6.66
0 1 3 -1.41
1 0 3 -6.74
0 6 1 3.06
1 6 0 -3.86
0 0 1 64
1 1 7 -64
0 3 7 2.0
1 4 7 -2.0
0 0 4 2.0
1 0 5 -2.0
0 0 2 2.0
1 0 0 -2.0
0 0 6 2.0
1 0 7 -2.0
0 1 6 2.0
1 7 1 -2.0
0 7 0 2.0
1 1 1 -2.0
0 1 0 2.0
0 7 6 2.0
1 7 7 -2.0
