1 2 4 6.0
0 4 5 -6.0
1 5 3 6.0
0 4 2 -6.0
1 5 4 6.0
0 2 3 -6.0
1 3 2 6.0
0 5 2 -6.0
1 4 1 -9.81
0 2 2 -0.16
1 5 1 -8.77
0 1 4 -0.46
1 3 6 -12.45
0 5 5 -1.13
1 5 6 -7.16
0 4 6 0.69
1 3 7 -12.38
0 6 3 7.09
1 7 4 -11.98
0 7 3 7.5
1 6 4 -14.01
0 7 5 2.9
1 6 2 -15.7
0 2 7 0.3
1 2 6 -12.41
0 6 5 9.22
1 1 3 -14.69
0 0 4 3.8
1 3 1 -15.42
0 2 1 4.09
1 3 5 -17.7
0 2 5 4.74
1 0 2 -14.47
0 2 0 6.23
1 1 2 -10.68
0 7 2 4.16
1 0 3 -15.3
0 5 0 6.92
1 1 5 -17.55
0 5 7 8.77
1 7 6 -12.0
0 0 6 2.6
1 0 5 -6.52
0 0 1 -64
1 7 1 64
0 4 7 -6.0
1 3 0 6.0
0 6 6 -6.0
1 7 7 6.0
0 6 1 -6.0
1 7 0 6.0
0 6 0 -6.0
1 4 0 6.0
0 1 7 -6.0
1 1 0 6.0
0 6 7 -6.0
1 0 7 6.0
0 1 6 -6.0
1 0 0 6.0
0 1 1 -6.0
