1 5 3 36.0
0 3 2 -36.0
1 2 5 36.0
0 3 5 -36.0
1 2 4 36.0
0 5 4 -36.0
1 2 3 36.0
0 5 2 -36.0
1 4 5 8.32
0 2 6 -7.16
1 3 6 8.02
0 4 2 -6.91
1 5 5 3.68
0 2 2 -14.59
1 1 2 0.17
0 1 3 -8.11
1 1 5 5.98
0 0 4 -14.98
1 4 1 1.31
0 3 7 -11.85
1 1 4 3.73
0 5 6 -12.94
1 2 1 6.57
0 0 1 -16.52
1 0 2 19.48
0 0 3 -13.39
1 6 3 11.34
0 3 1 -23.0
1 2 0 11.0
0 5 0 -22.95
1 4 0 18.17
0 1 1 -28.33
1 0 5 16.86
0 3 0 -28.62
1 6 4 18.3
0 6 1 -25.14
1 6 2 20.14
0 1 0 -32.08
1 4 6 19.27
0 7 5 -28.58
1 5 1 19.89
0 6 6 -27.16
1 6 5 19.57
0 5 7 -64
1 7 7 64
0 7 1 -36.0
1 7 2 36.0
0 0 6 -36.0
1 0 0 36.0
0 6 0 -36.0
1 7 0 36.0
0 7 3 -36.0
1 6 7 36.0
0 7 6 -36.0
1 1 7 36.0
0 2 7 -36.0
1 0 7 36.0
1 1 6 36.0
1 7 4 36.0
1 4 7 36.0
