1 4 2 14.0
0 5 4 -14.0
1 2 5 14.0
0 2 4 -14.0
1 3 5 14.0
0 3 2 -14.0
1 5 2 14.0
0 4 1 -14.0
1 5 3 14.0
0 6 2 -14.0
1 6 4 14.0
0 4 5 -14.0
1 2 1 14.0
0 2 2 -14.0
1 5 5 14.0
0 6 3 -2.24
1 7 2 4.29
0 7 3 -4.29
1 7 4 4.61
0 5 6 -4.97
1 4 6 6.16
0 2 3 -6.56
1 3 1 5.69
0 5 1 -4.71
1 6 5 5.0
0 5 7 -5.41
1 3 0 5.36
0 5 0 -4.84
1 3 6 4.52
0 7 6 -3.67
1 1 4 2.79
0 2 7 -1.1
1 7 5 -1.17
0 7 1 1.98
1 1 3 -2.8
0 2 6 2.66
1 4 0 -4.09
0 1 5 5.57
1 4 7 -6.95
0 3 7 6.05
1 6 6 -5.34
0 0 4 4.91
1 0 3 -3.27
0 0 2 -64
1 0 5 64
0 0 6 -14.0
1 1 2 14.0
0 1 0 -14.0
1 2 0 14.0
0 1 1 -14.0
1 0 0 14.0
0 6 7 -14.0
1 6 0 14.0
0 1 6 -14.0
1 6 1 14.0
0 7 0 -14.0
1 7 7 14.0
0 0 1 -14.0
1 0 7 14.0
1 1 7 14.0
