1 5 3 -22.0
0 3 2 22.0
1 2 3 -22.0
0 5 4 22.0
1 4 5 -22.0
0 2 2 22.0
1 3 5 -22.0
0 5 2 22.0
1 4 2 -22.0
0 3 1 22.0
1 6 5 -22.0
0 2 4 22.0
1 4 1 -22.0
0 2 5 22.0
1 6 3 -22.0
0 5 0 4.09
1 2 0 -4.09
0 4 0 4.12
1 6 4 -12.8
0 3 6 6.22
1 2 7 -5.95
0 4 6 1.38
1 2 1 -10.6
0 6 2 -1.56
1 3 0 -13.08
0 1 0 0.98
1 5 5 -6.67
0 1 2 -7.61
1 5 1 2.6
0 3 7 -4.84
1 7 2 -4.28
0 5 6 -4.16
1 2 6 -5.17
0 1 5 1.8
1 1 3 -3.22
0 1 7 -0.77
1 6 7 -9.03
0 5 7 7.2
1 6 6 -5.92
0 0 4 1.77
1 0 3 -12.23
0 0 2 3.72
1 0 5 -19.16
0 1 4 64
1 0 1 -64
0 1 6 22.0
1 4 7 -22.0
0 7 5 22.0
1 0 7 -22.0
0 0 6 22.0
1 7 3 -22.0
0 0 0 22.0
1 1 1 -22.0
0 7 7 22.0
1 7 4 -22.0
0 7 6 22.0
0 6 0 22.0
1 6 1 -22.0
0 7 1 22.0
1 7 0 -22.0
