1 4 2 -10.0
0 5 2 10.0
1 5 3 -10.0
0 5 4 10.0
1 6 3 -10.0
0 4 1 10.0
1 4 5 -10.0
0 6 2 10.0
1 3 2 -10.0
0 2 4 10.0
1 2 3 -10.0
0 1 3 10.0
1 5 1 -10.0
0 7 3 -1.07
1 4 0 -2.61
0 3 1 -0.3
1 2 2 -1.14
0 2 0 -1.05
1 7 4 -8.28
0 2 1 2.8
1 3 0 -1.67
0 7 5 -7.27
1 1 0 -3.46
0 5 5 -7.14
1 6 4 -4.16
0 5 6 -3.2
1 3 5 -9.45
0 7 2 -3.53
1 6 5 -9.7
0 4 6 1.69
1 3 6 -5.31
0 6 0 -3.14
1 1 2 -0.93
0 2 7 -1.23
1 0 4 -5.91
0 2 5 1.88
1 3 7 -11.38
0 4 7 6.05
1 1 5 -9.39
0 2 6 1.41
1 1 4 -12.23
0 6 1 0.78
1 6 6 -10.08
0 0 3 64
1 5 0 -64
0 0 0 10.0
1 7 0 -10.0
0 7 7 10.0
1 7 1 -10.0
0 7 6 10.0
1 1 6 -10.0
0 0 1 10.0
1 0 5 -10.0
0 1 1 10.0
1 0 2 -10.0
0 1 7 10.0
1 0 7 -10.0
0 0 6 10.0
1 5 7 -10.0
0 6 7 10.0
