1 4 2 22.0
0 5 4 -22.0
1 4 5 22.0
0 3 2 -22.0
1 2 3 22.0
0 5 5 -22.0
1 2 4 22.0
0 5 2 -22.0
1 5 3 22.0
0 6 4 -22.0
1 6 3 22.0
0 7 4 -22.0
1 3 5 -0.61
0 6 5 2.61
1 4 1 -1.21
0 3 0 1.21
1 5 0 -1.21
0 2 2 1.91
1 5 1 -1.91
0 6 2 -0.05
1 2 1 -1.1
0 2 6 -7.39
1 2 5 -2.73
0 1 3 -3.28
1 7 5 -1.73
0 1 4 -4.79
1 1 5 -8.57
0 3 1 -0.91
1 2 0 -7.77
0 4 0 -1.52
1 0 4 -6.14
0 1 1 -0.87
1 7 3 -7.73
0 7 2 4.58
1 2 7 -9.34
0 4 6 0.9
1 7 1 -3.68
0 5 6 -6.18
1 6 1 0.49
0 1 7 -4.81
1 0 3 -9.39
0 3 7 3.62
1 1 2 1.57
0 0 5 -64
1 3 6 64
0 0 1 -22.0
1 0 0 22.0
0 1 0 -22.0
1 0 2 22.0
0 7 6 -22.0
1 7 7 22.0
0 7 0 -22.0
1 6 0 22.0
0 1 6 -22.0
1 5 7 22.0
0 6 7 -22.0
1 6 6 22.0
0 4 7 -22.0
1 0 7 22.0
0 0 6 -22.0
