1 4 2 -8.0
0 5 2 8.0
1 5 3 -8.0
0 5 4 8.0
1 6 3 -8.0
0 4 1 8.0
1 4 5 -8.0
0 6 4 8.0
1 3 5 -8.0
0 2 3 8.0
1 6 2 -8.0
0 5 5 8.0
1 7 5 -8.0
0 2 4 8.0
1 6 5 -8.0
0 7 3 8.0
1 7 2 -8.0
0 7 4 8.0
1 5 1 -8.0
0 2 6 8.0
1 3 2 -0.27
0 4 6 -2.21
1 3 0 -5.8
0 6 1 -4.65
1 4 7 -2.1
0 3 6 -1.3
1 5 6 -0.11
0 2 2 -4.75
1 2 1 -1.14
0 3 7 -7.48
1 3 1 5.43
0 6 7 -19.69
1 2 7 13.45
0 6 6 -14.88
1 1 6 13.06
0 6 0 -10.41
1 1 3 1.48
0 4 0 -6.19
1 7 7 7.23
0 7 6 -6.2
1 7 0 10.65
0 7 1 -2.82
1 2 5 -11.13
0 0 3 64
1 1 4 -64
0 1 2 8.0
1 5 7 -8.0
0 0 4 8.0
1 1 1 -8.0
0 0 0 8.0
1 5 0 -8.0
0 0 7 8.0
1 0 1 -8.0
0 0 2 8.0
1 0 6 -8.0
0 0 5 8.0
1 1 5 -8.0
0 1 7 8.0
0 1 0 8.0
1 2 0 -8.0
