1 5 3 -10.0
0 5 2 10.0
1 2 4 -10.0
0 5 4 10.0
1 4 2 -8.8
0 3 2 2.83
1 6 3 -2.83
0 4 5 0.52
1 5 5 -6.17
0 2 5 -0.05
1 4 1 -12.63
0 2 3 5.51
1 4 6 -12.09
0 5 1 -1.38
1 2 2 -5.59
0 7 3 -6.14
1 6 2 -7.2
0 6 4 -7.06
1 3 5 -1.88
0 3 1 -7.08
1 1 2 -3.07
0 1 3 1.92
1 4 0 -6.38
0 5 6 -2.03
1 3 0 -11.51
0 2 1 2.09
1 7 5 -3.61
0 0 3 -9.07
1 6 5 -3.12
0 7 4 -0.79
1 7 2 -5.92
0 2 0 -7.34
1 7 6 -4.93
0 3 7 -2.95
1 4 7 5.07
0 5 0 -4.66
1 1 4 -6.84
0 0 4 4.17
1 1 5 -5.7
0 3 6 -6.54
1 2 7 -3.76
0 6 1 -3.65
1 0 2 -7.08
0 0 5 64
1 7 0 -64
0 0 1 10.0
1 6 6 -10.0
0 5 7 10.0
1 1 6 -10.0
0 2 6 10.0
1 1 7 -10.0
0 1 1 10.0
1 0 0 -10.0
0 1 0 10.0
1 6 0 -10.0
0 7 1 10.0
1 6 7 -10.0
0 7 7 10.0
1 0 6 -10.0
0 0 7 10.0
