1 5 3 -10.0
0 3 2 10.0
1 2 4 -10.0
0 3 5 10.0
1 2 3 -10.0
0 5 4 10.0
1 4 5 -10.0
0 5 5 10.0
1 6 4 -10.0
0 6 2 10.0
1 6 3 -8.69
0 7 4 -2.39
1 2 1 -8.7
0 4 2 5.05
1 5 2 -10.48
0 7 3 2.31
1 7 2 -11.43
0 7 1 10.77
1 4 6 -17.84
0 4 1 6.02
1 4 0 -18.85
0 3 1 13.1
1 5 1 -19.34
0 5 0 7.15
1 6 0 -15.79
0 3 0 8.41
1 2 0 -15.95
0 2 2 11.67
1 7 5 -24.06
0 7 6 9.93
1 6 5 -20.53
0 1 3 15.14
1 0 2 -21.34
0 1 4 12.08
1 1 2 -21.59
0 0 3 12.91
1 0 5 -16.29
0 0 4 15.88
1 2 5 -19.58
0 0 1 7.63
1 0 0 -17.48
0 1 0 10.02
1 1 1 -14.71
0 7 0 64
1 6 1 -64
0 5 6 10.0
1 6 7 -10.0
0 1 6 10.0
1 1 5 -10.0
0 5 7 10.0
1 4 7 -10.0
0 3 7 10.0
1 2 7 -10.0
0 3 6 10.0
1 2 6 -10.0
0 0 7 10.0
1 6 6 -10.0
0 1 7 10.0
1 0 6 -10.0
0 7 7 10.0
