1 2 4 22.0
0 4 5 -22.0
1 5 3 22.0
0 4 2 -22.0
1 3 5 22.0
0 2 3 -22.0
1 3 2 22.0
0 2 5 -6.65
1 1 4 -6.03
0 1 2 -5.94
1 2 2 -6.79
0 1 5 1.17
1 3 1 -7.29
0 4 1 -3.97
1 0 2 -5.71
0 5 5 -7.43
1 5 4 -3.04
0 5 2 -1.45
1 5 6 -3.43
0 2 0 -2.87
1 4 6 -4.98
0 3 6 -7.25
1 4 7 1.35
0 3 7 -14.33
1 5 0 -0.38
0 3 0 -10.47
1 2 7 4.16
0 2 1 -12.52
1 5 7 10.17
0 0 4 -19.19
1 0 3 10.91
0 1 3 -16.22
1 2 6 11.16
0 1 6 -15.55
1 6 5 13.61
0 7 5 -20.84
1 6 4 10.91
0 0 1 -19.52
1 6 2 5.75
0 7 2 -10.08
1 5 1 10.41
0 4 0 -13.8
1 1 0 2.91
0 6 1 -64
1 6 3 64
0 7 4 -22.0
1 0 7 22.0
0 7 3 -22.0
1 0 5 22.0
0 1 1 -22.0
1 7 0 22.0
0 6 0 -22.0
1 0 0 22.0
0 0 6 -22.0
1 7 1 22.0
0 1 7 -22.0
1 7 6 22.0
0 6 6 -22.0
1 6 7 22.0
0 7 7 -22.0
