1 5 3 48.0
0 3 2 -48.0
1 2 5 48.0
0 3 5 -48.0
1 2 4 48.0
0 1 5 -48.0
1 3 6 1.59
0 5 4 -0.59
1 1 3 -5.9
0 2 3 0.45
1 1 4 -4.94
0 0 5 -0.37
1 2 2 -4.59
0 4 5 -9.85
1 0 4 -0.04
0 0 3 -12.65
1 4 2 2.64
0 5 2 -18.05
1 6 2 2.41
0 3 1 -12.22
1 5 1 12.64
0 4 1 -14.23
1 5 5 5.45
0 6 3 -17.34
1 1 2 5.09
0 2 7 -16.41
1 4 0 5.88
0 6 5 -14.63
1 7 3 13.25
0 7 2 -14.35
1 7 1 15.3
0 3 0 -28.66
1 2 0 22.84
0 5 0 -30.43
1 6 0 34.19
0 0 2 -44.17
1 2 1 42.7
0 1 0 -50.68
1 0 0 60.34
0 6 1 -57.16
1 7 4 55.07
0 6 4 -66.23
1 7 5 63.39
0 1 1 -64
1 7 6 64
0 6 6 -48.0
1 0 1 48.0
1 7 0 48.0
1 6 7 48.0
0 7 7 -48.0
1 5 7 48.0
0 4 7 -48.0
1 3 7 48.0
0 4 6 -48.0
1 5 6 48.0
1 1 6 48.0
0 2 6 -48.0
1 0 6 48.0
0 0 7 -48.0
1 1 7 48.0
