1 2 4 16.0
0 4 5 -16.0
1 5 2 16.0
0 4 2 -16.0
1 5 3 16.0
0 2 3 -16.0
1 2 5 16.0
0 6 3 -16.0
1 5 1 0.41
0 2 2 3.19
1 6 4 -7.68
0 1 4 2.78
1 3 5 -4.77
0 1 5 1.66
1 0 4 -8.21
0 4 1 -2.77
1 7 3 -7.05
0 0 3 -7.4
1 0 2 4.48
0 1 3 -3.54
1 1 2 -0.76
0 3 2 4.02
1 3 0 -9.27
0 4 0 -2.6
1 5 0 -5.79
0 5 4 2.21
1 5 6 -8.24
0 7 5 1.55
1 7 4 -5.52
0 6 2 -3.3
1 7 6 -3.31
0 4 6 -0.86
1 3 1 -5.84
0 7 2 4.71
1 7 1 -3.14
0 6 7 -1.71
1 0 5 3.2
0 6 1 -14.18
1 6 5 2.41
0 5 5 -15.34
1 6 6 11.34
0 2 1 -16.32
1 7 0 13.3
0 6 0 -64
1 1 1 64
0 2 0 -16.0
1 1 0 16.0
0 0 0 -16.0
1 0 1 16.0
0 0 6 -16.0
1 4 7 16.0
0 7 7 -16.0
1 5 7 16.0
0 3 7 -16.0
1 2 6 16.0
0 3 6 -16.0
1 2 7 16.0
0 1 6 -16.0
1 1 7 16.0
0 0 7 -16.0
