1 5 3 8.0
0 3 2 -8.0
1 2 5 8.0
0 3 5 -8.0
1 2 4 8.0
0 5 4 -8.0
1 2 3 8.0
0 1 5 -8.0
1 3 6 8.0
0 2 2 -8.0
1 1 2 8.0
0 1 4 -8.0
1 1 3 8.0
0 4 2 -8.0
1 2 6 -12.21
0 5 2 0.63
1 5 1 -14.91
0 0 2 4.85
1 6 3 -11.81
0 5 5 2.09
1 4 5 -10.73
0 2 7 -2.89
1 5 6 -10.63
0 0 3 0.5
1 6 2 -9.05
0 6 4 -3.55
1 7 5 -5.63
0 4 1 -3.51
1 3 0 -7.55
0 3 7 -2.45
1 3 1 -1.98
0 7 3 -2.09
1 1 6 2.99
0 2 0 -14.66
1 7 4 6.73
0 7 2 -16.67
1 7 1 7.79
0 6 6 -10.66
1 6 1 -3.08
0 6 7 -5.24
1 6 5 -5.79
0 7 0 -10.63
1 7 7 1.65
0 4 0 -64
1 5 7 64
0 4 6 -8.0
1 0 6 8.0
0 0 7 -8.0
1 0 4 8.0
0 0 5 -8.0
1 1 1 8.0
0 2 1 -8.0
1 0 1 8.0
0 7 6 -8.0
1 1 7 8.0
0 0 0 -8.0
1 4 7 8.0
0 6 0 -8.0
1 5 0 8.0
1 1 0 8.0
