1 4 2 14.0
0 5 4 -14.0
1 3 5 14.0
0 2 4 -14.0
1 2 5 14.0
0 3 2 -14.0
1 4 5 14.0
0 2 6 -14.0
1 1 5 14.0
0 2 3 -14.0
1 1 4 14.0
0 5 5 -14.0
1 3 6 14.0
0 2 7 -14.0
1 3 1 14.0
0 2 2 -14.0
1 5 3 14.0
0 6 2 -14.0
1 4 6 14.0
0 5 6 3.77
1 1 2 -0.84
0 1 3 -6.81
1 6 3 0.18
0 5 2 -6.11
1 4 1 -3.65
0 7 3 -0.04
1 0 4 3.16
0 0 5 -11.09
1 7 2 1.63
0 0 2 -11.23
1 0 6 1.29
0 7 1 -12.83
1 6 4 3.35
0 6 5 -14.7
1 1 6 6.3
0 5 1 -15.39
1 1 7 0.76
0 0 7 -3.79
1 0 3 3.14
0 4 0 -11.11
1 3 7 3.43
0 2 0 -15.55
1 3 0 11.23
0 4 7 -64
1 7 5 64
0 2 1 -14.0
1 1 1 14.0
0 1 0 -14.0
1 6 7 14.0
0 5 7 -14.0
1 6 6 14.0
0 7 6 -14.0
1 7 7 14.0
0 7 4 -14.0
1 7 0 14.0
1 5 0 14.0
0 6 0 -14.0
1 6 1 14.0
1 0 0 14.0
0 0 1 -14.0
