1 4 2 -22.0
0 5 4 22.0
1 4 5 -22.0
0 3 2 22.0
1 2 3 -22.0
0 5 5 22.0
1 2 4 -22.0
0 5 2 22.0
1 5 3 -22.0
0 6 4 22.0
1 6 3 -22.0
0 6 5 22.0
1 3 5 -22.0
0 2 2 22.0
1 5 6 -22.0
0 4 6 5.02
1 5 7 -5.02
0 7 2 5.02
1 4 1 -13.7
0 3 0 3.27
1 7 3 -17.57
0 7 4 7.2
1 2 1 -12.41
0 3 1 1.73
1 5 0 -13.68
0 3 7 5.23
1 7 5 -17.41
0 7 6 15.3
1 3 6 -23.48
0 2 7 16.36
1 2 6 -17.35
0 1 3 8.6
1 0 2 -18.01
0 4 0 18.92
1 2 0 -11.38
0 1 4 7.75
1 6 2 -19.01
0 0 4 9.3
1 5 1 -14.05
0 4 7 -0.67
1 0 3 -15.27
0 6 7 14.63
1 1 2 -9.66
0 2 5 64
1 0 5 -64
0 7 1 22.0
1 1 6 -22.0
0 1 1 22.0
1 0 0 -22.0
0 1 0 22.0
1 1 7 -22.0
0 0 7 22.0
1 1 5 -22.0
0 6 1 22.0
1 0 6 -22.0
0 0 1 22.0
1 7 0 -22.0
0 6 0 22.0
1 7 7 -22.0
0 6 6 22.0
