1 4 2 -14.0
0 5 4 14.0
1 2 5 -14.0
0 2 4 14.0
1 3 5 -14.0
0 3 2 14.0
1 5 2 -14.0
0 2 2 14.0
1 5 3 -14.0
0 6 3 14.0
1 6 4 -14.0
0 5 1 14.0
1 4 1 -14.0
0 4 5 14.0
1 5 6 -14.0
0 7 4 2.82
1 7 2 -8.96
0 7 3 9.41
1 2 3 -23.57
0 7 1 14.37
1 2 1 -23.65
0 5 5 17.03
1 5 0 -23.93
0 4 6 13.58
1 5 7 -21.19
0 2 6 15.7
1 3 6 -21.33
0 4 7 10.09
1 6 6 -15.71
0 6 5 12.87
1 2 7 -23.31
0 3 1 15.3
1 7 5 -13.02
0 6 2 9.36
1 2 0 -12.47
0 1 2 5.12
1 3 7 -13.97
0 7 7 8.95
1 7 6 -23.41
0 6 7 12.79
1 7 0 -19.77
0 1 6 8.03
1 1 4 -14.93
0 1 5 64
1 0 3 -64
0 0 4 14.0
1 1 3 -14.0
0 1 7 14.0
1 0 5 -14.0
0 6 0 14.0
1 6 1 -14.0
0 0 1 14.0
1 0 2 -14.0
0 1 1 14.0
1 0 0 -14.0
0 1 0 14.0
1 3 0 -14.0
0 4 0 14.0
1 0 6 -14.0
0 0 7 14.0
