1 2 4 12.0
0 4 5 -12.0
1 5 2 12.0
0 2 2 -12.0
1 2 3 12.0
0 4 2 -12.0
1 5 3 12.0
0 6 4 -19.52
1 6 3 13.73
0 6 2 -18.51
1 5 4 14.23
0 3 5 -12.21
1 4 1 -1.64
0 5 5 -5.98
1 5 6 0.3
0 3 2 -3.04
1 4 6 -2.7
0 1 5 -8.9
1 6 5 0.98
0 4 7 -11.13
1 5 1 2.14
0 2 5 -10.11
1 3 1 5.03
0 7 5 -14.27
1 1 4 9.48
0 5 7 -19.73
1 1 3 5.66
0 0 4 -14.13
1 0 5 14.55
0 0 6 -14.98
1 7 4 3.97
0 7 2 -12.11
1 7 3 1.83
0 2 1 -1.45
1 3 7 -0.72
0 3 6 -7.66
1 2 7 -3.64
0 1 7 -1.24
1 2 6 -2.66
0 3 0 0.88
1 4 0 -1.48
0 2 0 -0.92
1 1 2 -2.16
0 5 0 -64
1 6 1 64
0 0 1 -12.0
1 7 1 12.0
0 1 1 -12.0
1 0 2 12.0
0 0 3 -12.0
1 0 0 12.0
0 1 0 -12.0
1 6 0 12.0
0 7 0 -12.0
1 0 7 12.0
0 1 6 -12.0
1 6 7 12.0
0 6 6 -12.0
1 7 6 12.0
0 7 7 -12.0
