1 5 3 -8.0
0 3 2 8.0
1 2 4 -8.0
0 5 4 8.0
1 5 2 -8.0
0 6 3 8.0
1 4 2 -9.47
0 3 1 -3.25
1 4 1 -3.84
0 2 3 3.09
1 1 2 -11.09
0 4 5 -2.67
1 2 2 -6.5
0 1 5 -0.91
1 2 5 -3.3
0 3 5 -5.58
1 2 6 -6.55
0 1 4 -0.38
1 5 6 -9.83
0 4 6 1.71
1 6 5 -15.08
0 5 5 7.01
1 6 4 -17.41
0 1 3 4.06
1 7 4 -15.08
0 7 2 5.79
1 7 3 -12.4
0 3 7 2.37
1 3 0 -11.82
0 3 6 4.02
1 4 7 -13.55
0 2 1 10.8
1 6 6 -22.16
0 7 7 14.9
1 0 2 -21.74
0 7 5 13.98
1 0 4 -10.53
0 5 7 6.73
1 2 7 -15.11
0 1 1 10.86
1 0 3 -10.96
0 0 5 2.04
1 0 0 -12.23
0 1 7 64
1 6 7 -64
0 7 6 8.0
1 0 7 -8.0
0 0 1 8.0
1 1 6 -8.0
0 0 6 8.0
0 1 0 8.0
1 2 0 -8.0
0 5 0 8.0
1 4 0 -8.0
0 5 1 8.0
1 6 0 -8.0
0 6 2 8.0
1 7 1 -8.0
0 7 0 8.0
1 6 1 -8.0
