1 2 4 -4.0
0 4 5 4.0
1 5 2 -4.0
0 4 2 4.0
1 5 3 -4.0
0 2 3 4.0
1 5 4 -4.0
0 6 2 4.0
1 4 1 -4.0
0 3 2 4.0
1 6 3 -11.8
0 7 3 -3.13
1 1 2 -9.9
0 2 5 0.77
1 2 1 -15.02
0 3 5 12.05
1 7 2 -19.3
0 1 3 8.2
1 7 4 -16.74
0 5 5 14.14
1 6 5 -21.46
0 5 1 6.5
1 4 6 -22.14
0 6 4 17.1
1 0 3 -26.23
0 3 0 11.8
1 5 0 -19.75
0 3 6 11.25
1 4 0 -17.94
0 6 0 12.64
1 1 4 -16.15
0 3 1 9.1
1 4 7 -17.81
0 1 5 8.52
1 2 0 -16.91
0 1 0 12.85
1 2 2 -15.42
0 5 7 2.74
1 3 7 -15.42
0 5 6 6.09
1 6 7 -11.61
0 7 5 -0.09
1 6 1 -8.91
0 2 7 64
1 1 7 -64
0 7 0 4.0
1 7 1 -4.0
0 6 6 4.0
1 2 6 -4.0
0 0 5 4.0
1 1 1 -4.0
0 0 0 4.0
1 0 1 -4.0
0 0 2 4.0
1 0 4 -4.0
0 0 6 4.0
1 7 7 -4.0
0 7 6 4.0
1 0 7 -4.0
0 1 6 4.0
