1 5 3 42.0
0 5 2 -42.0
1 4 2 42.0
0 3 2 -42.0
1 2 3 42.0
0 4 5 -42.0
1 4 1 42.0
0 2 4 -42.0
1 5 4 42.0
0 3 1 -42.0
1 3 5 2.59
0 4 6 -16.9
1 2 2 7.05
0 1 3 -15.57
1 3 0 6.93
0 6 3 -14.9
1 6 5 7.71
0 2 0 -22.59
1 2 5 13.83
0 5 1 -19.42
1 1 0 9.02
0 5 5 -22.07
1 6 2 15.28
0 2 6 -23.38
1 3 6 15.72
0 2 7 -26.52
1 1 2 18.12
0 2 1 -26.07
1 5 7 16.2
0 4 7 -26.16
1 7 4 15.43
0 7 2 -25.64
1 5 6 26.34
0 7 5 -27.16
1 4 0 23.47
0 7 3 -25.8
1 6 4 16.2
0 5 0 -17.39
1 6 0 16.24
0 0 2 -26.22
1 3 7 17.41
0 6 7 -25.39
1 1 1 28.98
1 6 6 64
0 7 6 -64
1 7 7 42.0
1 1 7 42.0
0 1 6 -42.0
1 0 5 42.0
0 0 7 -42.0
1 7 1 42.0
0 6 1 -42.0
1 0 1 42.0
0 0 0 -42.0
1 7 0 42.0
0 1 4 -42.0
1 0 4 42.0
0 0 3 -42.0
1 0 6 42.0
1 1 5 42.0
