1 5 3 0.0
0 5 2 0.0
1 4 2 0.0
0 3 2 0.0
1 2 3 0.0
0 4 5 0.0
1 3 5 0.0
0 6 3 0.0
1 4 6 0.0
0 1 3 0.0
1 2 2 0.0
0 1 2 0.0
1 3 1 0.0
0 4 1 7.45
1 6 4 -6.36
0 5 4 6.84
1 4 0 -8.05
0 2 4 7.28
1 5 5 -7.23
0 5 1 8.03
1 1 4 -8.18
0 2 0 7.49
1 3 0 -8.15
0 5 0 8.07
1 6 5 -8.77
0 7 5 7.42
1 2 1 -6.23
0 0 5 5.76
1 7 3 -6.32
0 4 7 5.28
1 5 6 -5.87
0 6 2 6.35
1 5 7 -6.3
0 3 6 4.22
1 2 5 -3.13
0 7 2 4.16
1 7 1 -5.38
0 6 7 4.77
1 3 7 -2.88
0 7 6 2.44
1 6 1 -3.16
0 6 6 2.53
1 0 4 -2.13
0 2 7 0
1 0 1 0
0 0 2 0.0
1 1 5 0.0
0 0 0 0.0
1 0 3 0.0
0 7 4 0.0
1 7 7 0.0
0 2 6 0.0
1 1 1 0.0
0 1 0 0.0
1 1 6 0.0
0 1 7 0.0
1 0 7 0.0
0 0 6 0.0
0 7 0 0.0
1 6 0 0.0
