1 4 2 8.0
0 5 2 -8.0
1 5 3 8.0
0 5 4 -8.0
1 4 5 8.0
0 2 3 -8.0
1 2 4 8.0
0 4 1 -8.0
1 1 3 8.0
0 4 6 -8.0
1 5 5 8.0
0 5 6 -8.0
1 6 3 8.0
0 6 4 -8.0
1 6 2 8.0
0 3 2 -8.0
1 7 5 8.0
0 3 5 -8.0
1 3 1 8.0
0 5 1 -8.0
1 2 2 -1.74
0 7 4 -3.51
1 7 3 2.75
0 2 0 1.77
1 6 5 -0.57
0 1 5 -8.09
1 2 5 -3.44
0 6 6 -5.05
1 0 5 0.19
0 2 6 -3.21
1 3 7 -8.8
0 4 7 1.1
1 3 6 -5.48
0 7 2 -4.07
1 7 7 0.22
0 2 7 -9.58
1 5 7 -1.88
0 1 6 -13.77
1 5 0 2.14
0 2 1 -12.09
1 3 0 0.2
0 0 3 -11.09
1 1 2 3.45
0 0 2 -64
1 1 4 64
0 0 6 -8.0
1 0 4 8.0
0 6 1 -8.0
1 7 0 8.0
0 1 0 -8.0
1 0 0 8.0
0 4 0 -8.0
1 7 1 8.0
0 6 0 -8.0
1 0 1 8.0
0 1 1 -8.0
1 1 7 8.0
0 0 7 -8.0
0 6 7 -8.0
1 7 6 8.0
