1 2 4 18.0
0 2 5 -18.0
1 3 5 18.0
0 4 5 -18.0
1 5 4 18.0
0 2 3 -18.0
1 1 4 18.0
0 1 3 4.38
1 2 2 -4.38
0 3 2 4.38
1 4 6 -7.41
0 5 6 -1.02
1 2 6 -8.07
0 3 1 -0.94
1 5 5 -1.25
0 1 5 -14.03
1 5 2 1.79
0 1 2 -13.02
1 3 6 2.96
0 2 7 -12.45
1 0 4 9.89
0 4 7 -13.3
1 3 7 3.3
0 6 3 -11.27
1 5 3 -1.27
0 4 2 -8.72
1 5 7 -2.99
0 4 1 -10.42
1 1 7 3.55
0 6 5 -18.3
1 7 4 5.7
0 6 2 -9.17
1 6 4 3.06
0 7 6 -11.08
1 7 5 12.13
0 7 3 -19.08
1 2 1 5.6
0 0 3 -14.69
1 0 5 9.35
0 2 0 -21.12
1 1 6 19.36
0 0 7 -12.38
1 0 6 7.94
0 6 7 -64
1 1 1 64
0 1 0 -18.0
1 0 0 18.0
0 6 6 -18.0
1 4 0 18.0
0 0 2 -18.0
1 3 0 18.0
0 5 0 -18.0
1 7 7 18.0
0 5 1 -18.0
1 6 0 18.0
0 6 1 -18.0
1 7 0 18.0
0 7 1 -18.0
1 7 2 18.0
1 0 1 18.0
