1 5 3 -18.0
0 5 2 18.0
1 4 2 -18.0
0 3 2 18.0
1 2 3 -18.0
0 2 4 18.0
1 2 2 -18.0
0 1 4 18.0
1 1 3 5.69
0 4 5 -11.26
1 4 1 -0.56
0 3 1 -7.7
1 6 3 -3.01
0 0 2 -9.13
1 0 3 2.97
0 5 0 -5.49
1 0 5 -2.09
0 1 2 0.03
1 5 4 -8.59
0 0 4 -0.34
1 0 1 -9.79
0 6 2 -0.13
1 5 1 -10.49
0 4 0 2.29
1 3 6 -15.05
0 7 4 11.78
1 2 1 -14.64
0 6 4 7.48
1 7 3 -4.48
0 3 5 -4.77
1 7 2 -0.92
0 4 6 -4.07
1 2 0 -2.06
0 3 0 -3.23
1 6 0 -7.2
0 1 1 -4.77
1 7 5 -5.34
0 2 7 -2.58
1 3 7 -9.42
0 2 5 1.87
1 1 7 -3.87
0 4 7 2.61
1 5 7 -2.99
0 2 6 64
1 5 6 -64
0 5 5 18.0
1 1 5 -18.0
0 6 5 18.0
1 1 6 -18.0
0 0 7 18.0
1 0 0 -18.0
0 1 0 18.0
1 0 6 -18.0
0 7 0 18.0
1 6 6 -18.0
0 7 1 18.0
1 6 1 -18.0
0 6 7 18.0
1 7 7 -18.0
0 7 6 18.0
