1 5 3 28.0
0 5 2 -28.0
1 4 2 28.0
0 5 4 -28.0
1 6 3 28.0
0 4 1 -28.0
1 4 5 28.0
0 3 2 -28.0
1 3 5 28.0
0 6 4 -28.0
1 6 2 28.0
0 5 5 -28.0
1 7 5 28.0
0 7 3 -8.96
1 2 3 4.73
0 4 6 -6.55
1 2 2 -3.78
0 3 1 -6.79
1 4 0 -6.49
0 3 0 -5.73
1 2 0 -0.99
0 2 6 -6.27
1 2 4 -1.27
0 7 2 -5.09
1 5 7 -1.85
0 1 3 -3.8
1 1 2 0.36
0 3 7 -7.25
1 6 5 -3.75
0 7 4 -3.63
1 2 1 -6.67
0 2 5 -5.03
1 5 0 -6.66
0 3 6 -3.01
1 5 6 -4.56
0 4 7 -9.4
1 7 1 4.09
0 0 1 -10.88
1 0 3 2.39
0 1 4 -4.29
1 5 1 4.37
0 0 2 -5.64
1 0 0 6.58
0 6 7 -64
1 0 4 64
0 1 0 -28.0
1 1 5 28.0
0 6 1 -28.0
1 1 1 28.0
0 1 6 -28.0
1 1 7 28.0
0 6 6 -28.0
1 7 7 28.0
0 7 6 -28.0
1 2 7 28.0
0 7 0 -28.0
1 6 0 28.0
1 0 7 28.0
0 0 6 -28.0
1 0 5 28.0
