1 4 2 -18.0
0 5 4 18.0
1 2 5 -18.0
0 2 4 18.0
1 3 5 -18.0
0 3 2 18.0
1 4 5 -18.0
0 2 6 18.0
1 1 5 -18.0
0 5 3 18.0
1 3 6 -18.0
0 2 2 18.0
1 3 1 -6.07
0 2 3 6.25
1 1 4 -6.17
0 1 3 5.96
1 2 1 -5.09
0 3 7 4.79
1 4 6 -5.91
0 1 2 5.53
1 0 3 -5.32
0 5 1 5.59
1 5 5 -5.45
0 4 1 5.58
1 0 4 -4.91
0 3 0 6.51
1 4 7 -7.29
0 5 7 8.6
1 2 7 -7.7
0 2 0 7.74
1 1 1 -9.05
0 1 7 9.45
1 6 4 -10.11
0 6 3 10.55
1 5 6 -10.06
0 6 7 9.7
1 5 2 -9.59
0 6 2 7.75
1 7 4 -7.66
0 7 5 6.12
1 6 5 -5.36
0 7 3 5.56
1 7 2 -8.04
0 0 0 64
1 7 6 -64
0 6 1 18.0
1 1 0 -18.0
0 1 6 18.0
1 6 0 -18.0
0 7 0 18.0
1 7 1 -18.0
0 7 7 18.0
1 0 7 -18.0
0 4 0 18.0
1 5 0 -18.0
0 6 6 18.0
0 0 1 18.0
1 0 2 -18.0
0 0 5 18.0
1 0 6 -18.0
