1 4 2 10.0
0 5 4 -10.0
1 3 5 10.0
0 4 1 -10.0
1 5 5 10.0
0 4 5 -10.0
1 6 4 10.0
0 6 5 -5.16
1 5 2 -1.9
0 2 3 -8.9
1 2 4 0.52
0 7 3 -10.46
1 2 2 1.17
0 6 3 -10.1
1 4 6 3.78
0 3 6 -14.74
1 5 6 0.51
0 2 5 -11.18
1 3 7 5.76
0 2 7 -14.55
1 2 6 6.12
0 6 7 -14.91
1 7 5 10.82
0 1 2 -11.77
1 7 4 12.84
0 1 4 -17.53
1 5 3 15.73
0 2 1 -25.48
1 1 5 15.98
0 3 2 -24.22
1 0 3 21.31
0 0 4 -20.94
1 6 2 11.56
0 7 6 -20.48
1 0 5 15.2
0 5 1 -19.42
1 7 1 14.0
0 6 6 -19.88
1 1 3 17.34
0 1 7 -17.85
1 5 7 2.55
0 4 7 -9.73
1 6 1 3.05
0 0 2 -64
1 7 7 64
0 7 2 -10.0
1 0 7 10.0
0 7 0 -10.0
1 3 0 10.0
0 1 0 -10.0
1 1 6 10.0
0 0 6 -10.0
1 4 0 10.0
0 3 1 -10.0
1 0 1 10.0
0 1 1 -10.0
1 0 0 10.0
1 5 0 10.0
0 6 0 -10.0
1 2 0 10.0
