1 4 2 -14.0
0 5 4 14.0
1 5 5 -14.0
0 3 2 14.0
1 5 3 -14.0
0 4 1 14.0
1 2 3 -14.0
0 5 2 4.18
1 2 4 -14.75
0 4 5 3.72
1 2 1 -11.13
0 2 5 2.88
1 6 2 -13.47
0 3 1 9.62
1 2 2 -13.22
0 1 3 1.41
1 5 0 -10.47
0 1 5 -0.67
1 3 5 -12.05
0 2 0 3.62
1 3 0 -5.85
0 6 3 0.0
1 6 4 -7.81
0 5 6 -1.32
1 4 6 -5.59
0 7 2 -5.3
1 5 7 -6.25
0 7 3 -4.31
1 7 4 -5.23
0 4 0 -0.64
1 7 1 -4.07
0 6 0 -1.5
1 5 1 -12.31
0 6 6 15.13
1 7 5 -15.84
0 2 6 9.0
1 1 6 -24.27
0 6 5 12.03
1 3 6 -15.57
0 3 7 3.55
1 1 7 -13.3
0 7 7 5.1
1 2 7 -8.36
0 4 7 64
1 0 5 -64
0 1 4 14.0
1 0 4 -14.0
0 0 7 14.0
1 0 2 -14.0
0 0 6 14.0
1 1 2 -14.0
0 0 3 14.0
1 0 1 -14.0
0 0 0 14.0
1 1 0 -14.0
0 1 1 14.0
1 7 0 -14.0
0 6 7 14.0
1 7 6 -14.0
0 6 1 14.0
