1 4 2 -32.0
0 5 4 32.0
1 6 5 -32.0
0 3 2 10.98
1 4 5 -11.27
0 5 5 11.7
1 5 6 -10.94
0 5 1 11.03
1 2 2 -10.98
0 2 4 13.08
1 2 5 -14.93
0 3 5 16.86
1 4 1 -17.66
0 5 2 19.28
1 2 6 -20.34
0 3 6 20.53
1 1 4 -19.98
0 5 3 20.79
1 2 1 -21.12
0 1 3 20.97
1 2 3 -20.96
0 4 6 20.44
1 5 7 -20.63
0 4 0 20.68
1 2 7 -19.76
0 0 5 17.7
1 3 1 -16.85
0 1 2 18.3
1 6 3 -17.89
0 1 5 18.89
1 0 2 -19.17
0 0 4 18.3
1 0 1 -18.05
0 7 3 17.64
1 6 2 -17.81
0 3 0 18.34
1 2 0 -19.62
0 7 2 22.02
1 5 0 -22.41
0 6 4 19.32
1 7 5 -19.29
0 7 4 22.38
1 7 1 -26.93
0 6 1 64
1 0 3 -64
0 0 0 32.0
1 1 6 -32.0
0 4 7 32.0
1 3 7 -32.0
0 0 7 32.0
1 1 7 -32.0
0 7 6 32.0
1 7 7 -32.0
0 6 6 32.0
1 7 0 -32.0
0 6 7 32.0
0 0 6 32.0
0 1 1 32.0
0 6 0 32.0
0 1 0 32.0
