1 5 3 14.0
0 5 2 -14.0
1 4 2 14.0
0 3 2 -14.0
1 2 3 14.0
0 4 5 -14.0
1 3 5 14.0
0 6 3 -14.0
1 4 6 14.0
0 1 3 -14.0
1 2 2 14.0
0 1 2 -14.0
1 3 1 14.0
0 4 1 0.91
1 6 4 -4.1
0 5 4 3.95
1 7 3 -11.23
0 5 5 7.09
1 6 5 -14.29
0 2 5 5.52
1 6 2 -12.44
0 4 0 0.45
1 2 4 -5.63
0 3 6 3.05
1 2 7 -12.43
0 5 1 6.49
1 1 4 -16.36
0 0 5 4.54
1 2 6 -16.63
0 7 2 1.01
1 2 1 -13.78
0 1 5 10.8
1 0 2 -7.66
0 7 4 7.98
1 0 3 -2.05
0 1 0 -1.76
1 0 4 -1.81
0 0 1 -5.24
1 7 5 -7.25
0 0 6 -4.65
1 6 1 -1.51
0 1 1 -9.8
1 7 1 1.91
0 3 7 -64
1 0 0 64
0 2 0 -14.0
1 0 7 14.0
0 5 7 -14.0
1 1 7 14.0
0 1 6 -14.0
1 4 7 14.0
0 7 0 -14.0
1 6 7 14.0
0 5 6 -14.0
1 3 0 14.0
0 7 6 -14.0
1 5 0 14.0
0 6 0 -14.0
1 6 6 14.0
0 7 7 -14.0
