1 2 4 -8.0
0 4 5 8.0
1 5 3 -8.0
0 4 2 8.0
1 5 4 -8.0
0 2 3 8.0
1 3 2 -8.0
0 2 2 8.0
1 4 1 -5.5
0 2 5 7.63
1 4 6 -7.63
0 5 0 7.63
1 1 5 -13.28
0 1 4 8.47
1 3 5 -12.91
0 5 5 4.6
1 0 4 -19.88
0 3 6 6.63
1 4 7 -18.48
0 2 6 6.09
1 5 6 -14.7
0 5 7 8.49
1 3 7 -13.48
0 6 4 7.98
1 1 3 -14.84
0 2 7 7.84
1 1 2 -23.25
0 6 7 11.96
1 6 5 -26.52
0 6 3 17.45
1 4 0 -29.3
0 3 0 29.9
1 7 5 -22.73
0 7 3 8.44
1 1 6 -11.48
0 6 2 10.42
1 7 4 -14.89
0 5 2 21.38
1 5 1 -16.38
0 3 1 13.31
1 7 2 -23.43
0 2 1 14.71
1 1 0 -17.2
0 2 0 64
1 6 0 -64
0 0 7 8.0
1 1 7 -8.0
0 0 6 8.0
1 0 5 -8.0
0 6 1 8.0
1 7 7 -8.0
0 0 1 8.0
1 0 3 -8.0
0 0 2 8.0
1 6 6 -8.0
0 7 6 8.0
1 1 1 -8.0
0 0 0 8.0
1 7 0 -8.0
0 7 1 8.0
