1 5 3 32.0
0 3 2 -32.0
1 2 5 32.0
0 3 5 -32.0
1 2 4 32.0
0 5 4 -32.0
1 2 3 32.0
0 1 5 -32.0
1 3 6 32.0
0 4 5 -32.0
1 1 4 -5.05
0 0 4 -1.67
1 4 6 -7.05
0 4 2 -4.16
1 5 5 -5.36
0 1 3 -2.55
1 2 2 -8.8
0 1 2 -3.01
1 2 6 -5.37
0 2 7 -4.63
1 5 1 -0.98
0 5 2 0.21
1 4 1 -0.73
0 3 7 -12.7
1 3 1 1.7
0 6 3 -8.48
1 7 4 0.89
0 6 5 -4.8
1 6 2 0.79
0 7 3 -13.5
1 0 5 0.39
0 0 3 -10.12
1 7 2 3.83
0 2 0 -12.85
1 3 0 4.52
0 4 0 -8.05
1 6 4 -2.03
0 0 6 -8.87
1 7 5 -0.42
0 5 0 -11.34
1 1 1 1.34
0 5 6 -13.88
1 0 1 6.11
0 0 0 -64
1 1 0 64
0 0 2 -32.0
1 2 1 32.0
0 7 6 -32.0
1 7 7 32.0
0 6 1 -32.0
1 1 6 32.0
0 0 7 -32.0
1 7 1 32.0
0 7 0 -32.0
1 6 0 32.0
1 6 6 32.0
1 6 7 32.0
0 5 7 -32.0
1 4 7 32.0
1 1 7 32.0
