1 5 3 -10.0
0 3 2 10.0
1 2 3 -10.0
0 5 4 10.0
1 4 5 -10.0
0 2 2 10.0
1 3 5 -10.0
0 5 2 10.0
1 4 2 -10.0
0 3 1 10.0
1 6 4 -10.0
0 2 4 10.0
1 1 4 -10.0
0 1 5 1.93
1 1 2 -8.6
0 0 5 4.2
1 6 3 -9.8
0 2 5 1.24
1 0 4 -8.55
0 0 2 0.35
1 1 3 -5.23
0 0 3 -3.72
1 5 1 -1.98
0 4 6 -6.49
1 3 6 -3.35
0 6 2 -3.0
1 4 7 -2.97
0 5 0 -5.54
1 1 6 -8.51
0 7 3 5.2
1 4 1 -8.83
0 7 5 -3.61
1 2 0 -2.92
0 2 6 7.32
1 0 6 -5.91
0 6 5 -7.68
1 5 5 -3.98
0 3 7 -5.05
1 6 6 -3.7
0 0 7 -1.46
1 7 4 -7.5
0 7 7 4.59
1 7 2 -13.3
0 5 7 64
1 4 0 -64
0 5 6 10.0
1 7 6 -10.0
0 7 1 10.0
1 6 0 -10.0
0 3 0 10.0
1 2 1 -10.0
0 7 0 10.0
1 6 7 -10.0
0 1 0 10.0
1 1 1 -10.0
0 0 0 10.0
1 0 1 -10.0
1 6 1 -10.0
1 1 7 -10.0
0 2 7 10.0
