1 4 2 2.0
0 5 4 -2.0
1 2 5 2.0
0 2 4 -2.0
1 3 5 2.0
0 3 2 -2.0
1 4 5 2.0
0 2 6 -2.0
1 1 5 2.0
0 3 6 -2.0
1 5 5 2.0
0 1 4 -2.0
1 5 3 2.0
0 4 6 -2.0
1 4 7 2.0
0 5 7 -2.0
1 2 7 2.0
0 5 6 -2.0
1 3 7 2.0
0 1 7 -2.0
1 2 1 2.0
0 3 1 4.07
1 4 1 -1.77
0 3 0 3.66
1 2 2 -5.59
0 0 5 -1.98
1 2 0 -2.88
0 1 0 2.58
1 0 3 -5.88
0 0 4 5.23
1 0 6 -7.41
0 1 3 7.34
1 0 2 -8.04
0 6 2 -4.91
1 2 3 0.34
0 6 3 0.39
1 7 2 -2.12
0 7 3 -0.83
1 7 4 -0.05
0 1 1 -2.34
1 6 4 -2.87
0 7 5 -11.3
1 5 1 0.63
0 5 2 -64
1 6 5 64
0 7 1 -2.0
1 5 0 2.0
0 4 0 -2.0
1 1 2 2.0
0 1 6 -2.0
1 6 1 2.0
0 6 0 -2.0
1 0 7 2.0
0 7 6 -2.0
1 0 0 2.0
0 7 0 -2.0
1 0 1 2.0
0 6 6 -2.0
1 6 7 2.0
0 7 7 -2.0
