1 4 2 -8.0
0 5 2 8.0
1 5 3 -8.0
0 3 2 8.0
1 4 1 -8.0
0 5 4 8.0
1 2 2 -8.0
0 5 1 8.0
1 6 3 1.55
0 7 2 1.69
1 5 0 -7.41
0 6 2 -1.88
1 4 5 -10.29
0 5 5 5.27
1 7 4 -12.47
0 6 4 -0.85
1 6 5 -9.38
0 1 2 1.98
1 2 1 -9.49
0 3 1 1.81
1 2 3 -11.46
0 2 5 4.26
1 2 4 -11.8
0 3 0 3.91
1 2 6 -2.55
0 3 5 -2.85
1 7 3 -9.16
0 1 3 -5.55
1 4 0 -7.34
0 1 4 1.48
1 1 5 -9.8
0 4 6 -2.09
1 0 5 -11.0
0 0 4 1.97
1 4 7 -11.7
0 7 5 1.72
1 0 3 -1.56
0 0 2 2.86
1 2 0 -16.63
0 0 6 5.94
1 3 6 -14.57
0 5 6 9.19
1 5 7 -7.16
0 1 6 64
1 6 6 -64
0 7 1 8.0
1 0 7 -8.0
0 1 1 8.0
1 6 1 -8.0
0 6 7 8.0
1 7 7 -8.0
0 3 7 8.0
1 0 0 -8.0
0 7 0 8.0
1 6 0 -8.0
0 7 6 8.0
1 2 7 -8.0
0 1 7 8.0
1 1 0 -8.0
0 0 1 8.0
