1 4 2 -6.0
0 5 4 6.0
1 4 5 -6.0
0 3 2 6.0
1 2 3 -6.0
0 5 5 6.0
1 2 4 -6.0
0 1 3 -1.82
1 2 2 1.85
0 4 6 -6.66
1 5 3 -3.55
0 3 5 -7.14
1 2 5 3.95
0 1 4 -9.51
1 1 5 -2.7
0 1 2 -3.43
1 2 6 -4.45
0 3 6 -4.13
1 3 7 -9.31
0 4 7 3.8
1 0 3 -7.64
0 2 7 -5.19
1 0 4 -5.85
0 0 2 -0.18
1 0 1 -9.73
0 0 6 7.44
1 5 6 -14.45
0 6 5 13.06
1 6 7 -18.72
0 6 4 18.24
1 6 3 -24.55
0 5 2 13.25
1 4 1 -20.08
0 6 2 14.89
1 7 3 -17.45
0 5 7 7.23
1 7 2 -14.79
0 7 7 19.45
1 7 4 -18.16
0 2 1 6.25
1 3 0 -14.33
0 4 0 9.8
1 5 0 -9.98
0 2 0 64
1 3 1 -64
0 6 0 6.0
1 7 6 -6.0
0 5 1 6.0
1 0 5 -6.0
0 0 0 6.0
1 6 1 -6.0
0 6 6 6.0
1 7 0 -6.0
0 7 5 6.0
1 7 1 -6.0
0 1 1 6.0
1 1 0 -6.0
1 1 7 -6.0
0 0 7 6.0
0 1 6 6.0
