1 5 3 22.0
0 3 2 -22.0
1 2 5 22.0
0 3 5 -22.0
1 2 4 22.0
0 5 4 -22.0
1 2 3 22.0
0 1 5 -22.0
1 2 6 22.0
0 4 5 -22.0
1 3 6 22.0
0 2 2 -22.0
1 5 6 22.0
0 4 2 -22.0
1 1 4 1.43
0 1 3 0.53
1 1 2 -3.41
0 5 5 -5.74
1 6 4 -7.7
0 0 2 -4.95
1 5 1 -5.7
0 5 7 -5.28
1 4 6 -6.56
0 2 7 -1.56
1 3 1 -8.43
0 4 0 -3.13
1 0 3 -8.72
0 0 4 -1.2
1 0 6 -3.72
0 5 2 -4.98
1 6 3 -1.29
0 0 5 -0.41
1 0 1 -3.79
0 5 0 -9.66
1 4 1 0.5
0 4 7 -12.7
1 1 6 6.71
0 7 2 -7.41
1 2 0 -0.74
0 6 5 -8.52
1 7 6 -4.13
0 7 5 -7.59
1 3 7 -2.07
0 6 2 -64
1 7 4 64
0 7 3 -22.0
1 7 1 22.0
0 6 1 -22.0
1 7 0 22.0
0 6 0 -22.0
1 3 0 22.0
0 0 7 -22.0
1 1 7 22.0
0 0 0 -22.0
1 2 1 22.0
0 1 1 -22.0
1 6 6 22.0
0 7 7 -22.0
1 6 7 22.0
1 1 0 22.0
