1 2 4 -4.0
0 4 5 4.0
1 5 4 -4.0
0 2 3 4.0
1 3 2 -4.0
0 5 5 4.0
1 4 2 -4.0
0 2 2 4.0
1 3 5 -4.0
0 2 5 4.0
1 1 3 -4.0
0 1 2 2.16
1 0 2 -2.16
0 3 1 -2.13
1 2 1 -8.68
0 5 2 -4.86
1 5 3 -6.05
0 4 1 1.3
1 5 0 -4.81
0 5 1 -3.72
1 1 5 -8.7
0 1 4 -1.76
1 0 4 -4.6
0 0 3 -4.61
1 3 0 -6.73
0 6 2 -1.48
1 4 6 -8.39
0 6 5 -4.4
1 4 0 -5.54
0 0 5 -0.8
1 7 2 -3.65
0 3 7 -2.94
1 6 4 -5.95
0 0 1 -3.2
1 4 7 -8.23
0 7 4 2.37
1 6 0 -13.4
0 2 6 2.36
1 5 6 -15.13
0 5 7 7.05
1 1 6 -11.33
0 6 3 9.25
1 7 3 -16.28
0 3 6 64
1 7 5 -64
0 2 7 4.0
1 1 7 -4.0
0 0 7 4.0
1 0 6 -4.0
0 7 6 4.0
1 7 7 -4.0
0 7 1 4.0
1 7 0 -4.0
0 6 1 4.0
1 0 0 -4.0
0 2 0 4.0
1 1 0 -4.0
0 1 1 4.0
1 6 6 -4.0
0 6 7 4.0
