1 5 3 -4.0
0 3 2 4.0
1 2 3 -4.0
0 5 4 4.0
1 4 5 -4.0
0 2 2 4.0
1 4 2 -4.0
0 5 5 4.0
1 2 4 -4.0
0 6 2 4.0
1 3 1 -4.0
0 3 5 -3.95
1 2 1 3.95
0 1 4 -10.39
1 6 4 -3.38
0 7 4 -8.09
1 1 5 0.33
0 1 2 -12.73
1 0 5 0.57
0 4 1 -8.65
1 6 5 1.23
0 6 3 -8.36
1 5 2 -2.98
0 5 1 -7.71
1 7 3 -1.13
0 7 5 -6.9
1 7 2 3.98
0 1 3 -14.16
1 0 4 4.51
0 2 0 -14.6
1 2 5 14.68
0 0 3 -16.91
1 7 6 4.55
0 3 6 -12.95
1 2 6 1.96
0 4 6 -16.25
1 1 6 11.38
0 6 6 -12.7
1 5 0 5.59
0 6 0 -9.78
1 2 7 0.98
0 4 7 -4.48
1 3 7 -0.6
0 5 6 64
1 7 7 -64
0 0 7 4.0
1 1 7 -4.0
0 4 0 4.0
1 3 0 -4.0
0 7 1 4.0
1 7 0 -4.0
0 6 1 4.0
1 1 0 -4.0
0 0 6 4.0
1 0 2 -4.0
0 1 1 4.0
1 0 1 -4.0
0 0 0 4.0
1 5 7 -4.0
0 6 7 4.0
