1 2 4 4.0
0 4 5 -4.0
1 5 2 4.0
0 4 2 -4.0
1 5 3 4.0
0 2 3 -4.0
1 3 5 4.0
0 2 5 -4.0
1 3 2 4.0
0 5 4 -4.0
1 5 5 4.0
0 6 4 -4.0
1 4 6 4.0
0 3 6 -4.0
1 6 5 0.57
0 3 7 -2.93
1 5 6 2.26
0 7 5 -1.9
1 4 7 0.13
0 2 2 1.13
1 2 7 1.04
0 6 3 -0.61
1 1 4 -0.34
0 2 1 -0.02
1 6 2 0.63
0 4 1 -1.19
1 3 1 1.55
0 1 5 -2.5
1 5 0 3.09
0 5 7 -3.97
1 1 3 3.83
0 2 6 -4.52
1 6 7 4.65
0 7 2 -5.35
1 5 1 5.13
0 2 0 -6.13
1 1 7 5.16
0 3 0 -6.02
1 4 0 7.05
0 0 4 -6.47
1 1 0 6.83
0 0 3 -7.36
1 1 2 8.4
0 0 2 -64
1 0 6 64
0 0 5 -4.0
1 0 1 4.0
0 6 6 -4.0
1 7 7 4.0
0 7 6 -4.0
1 7 4 4.0
0 7 3 -4.0
1 7 1 4.0
0 6 1 -4.0
1 6 0 4.0
0 7 0 -4.0
1 1 1 4.0
0 0 0 -4.0
1 1 6 4.0
0 0 7 -4.0
