1 2 4 -18.0
0 4 5 18.0
1 5 4 -18.0
0 2 3 18.0
1 3 2 -18.0
0 5 5 18.0
1 2 2 -18.0
0 1 4 18.0
1 3 5 -18.0
0 2 5 18.0
1 4 6 -10.21
0 4 2 3.08
1 5 6 -17.59
0 1 3 7.34
1 4 1 -16.05
0 5 2 7.34
1 3 6 -15.18
0 5 1 7.92
1 0 5 -13.89
0 0 3 -1.79
1 5 3 -9.31
0 6 3 4.41
1 0 2 -10.13
0 0 1 1.88
1 1 2 -8.37
0 1 5 -0.48
1 2 6 -2.92
0 4 0 1.5
1 7 2 -7.29
0 2 1 -6.7
1 3 1 1.42
0 7 4 -2.64
1 6 4 3.46
0 3 7 -7.58
1 0 4 6.01
0 0 6 -5.8
1 2 0 -7.41
0 6 2 -2.05
1 2 7 -4.64
0 4 7 -2.2
1 7 3 0.36
0 7 1 2.22
1 5 0 -11.74
0 3 0 64
1 1 1 -64
0 0 0 18.0
1 1 0 -18.0
0 6 1 18.0
1 7 0 -18.0
0 6 0 18.0
1 7 5 -18.0
0 5 7 18.0
1 6 7 -18.0
0 6 5 18.0
1 1 6 -18.0
0 6 6 18.0
1 7 6 -18.0
0 7 7 18.0
0 1 7 18.0
1 0 7 -18.0
