1 4 2 -10.0
0 5 4 10.0
1 2 5 -10.0
0 2 4 10.0
1 3 5 -10.0
0 3 2 10.0
1 5 3 -10.0
0 5 2 10.0
1 2 3 -10.0
0 4 5 10.0
1 3 1 -5.22
0 2 6 -6.21
1 5 1 -6.09
0 5 0 -1.09
1 5 6 -13.43
0 5 5 8.68
1 6 3 -13.64
0 7 2 4.25
1 6 2 -9.76
0 7 3 1.4
1 6 4 -10.48
0 5 7 2.84
1 7 4 -7.23
0 4 1 -0.95
1 6 6 -2.45
0 2 0 -3.34
1 3 6 -2.93
0 2 1 -6.23
1 2 2 -6.62
0 1 4 -4.17
1 1 2 -9.45
0 1 3 -3.1
1 0 4 -11.95
0 0 3 1.0
1 6 1 -12.69
0 0 5 2.4
1 7 1 -6.02
0 1 5 1.02
1 1 7 -14.24
0 2 7 0.63
1 3 7 -4.04
0 6 5 -2.89
1 6 7 -9.63
0 4 7 64
1 1 6 -64
0 4 6 10.0
1 7 5 -10.0
0 0 7 10.0
1 0 6 -10.0
0 7 0 10.0
1 3 0 -10.0
0 4 0 10.0
1 6 0 -10.0
0 7 6 10.0
1 0 1 -10.0
0 7 7 10.0
1 0 2 -10.0
0 0 0 10.0
1 1 0 -10.0
0 1 1 10.0
