1 5 3 -16.0
0 3 2 16.0
1 2 5 -16.0
0 3 5 16.0
1 2 4 -16.0
0 1 5 16.0
1 2 3 -16.0
0 1 4 16.0
1 1 2 -16.0
0 2 2 16.0
1 1 3 -16.0
0 4 2 0.9
1 4 6 -11.41
0 0 4 1.5
1 0 3 -13.51
0 0 2 -0.02
1 5 1 -13.48
0 4 5 5.45
1 3 6 -5.54
0 5 4 1.38
1 0 5 -9.95
0 4 1 4.04
1 5 2 -9.18
0 6 4 0.83
1 4 0 -12.55
0 0 6 2.05
1 3 1 -12.39
0 2 1 10.36
1 7 5 -16.41
0 6 3 9.23
1 5 6 -18.96
0 2 6 16.48
1 7 4 -31.16
0 5 5 30.26
1 1 6 -36.06
0 6 2 27.86
1 2 0 -34.59
0 4 7 22.66
1 6 6 -28.76
0 3 7 22.87
1 7 3 -24.42
0 0 7 27.01
1 5 7 -26.12
0 6 0 64
1 6 5 -64
0 3 0 16.0
1 5 0 -16.0
0 6 7 16.0
1 7 0 -16.0
0 7 7 16.0
1 7 6 -16.0
0 6 1 16.0
1 7 1 -16.0
0 7 2 16.0
1 1 1 -16.0
0 0 0 16.0
1 1 0 -16.0
0 0 1 16.0
1 1 7 -16.0
0 2 7 16.0
