1 5 3 18.0
0 3 2 -18.0
1 2 5 18.0
0 3 5 -18.0
1 2 4 18.0
0 5 4 -18.0
1 5 2 18.0
0 6 3 -18.0
1 4 2 18.0
0 5 1 -18.0
1 2 1 18.0
0 2 3 2.41
1 2 2 -2.41
0 4 5 3.66
1 6 2 -1.02
0 3 1 2.77
1 7 4 -2.28
0 7 3 1.72
1 4 0 -3.12
0 4 1 3.41
1 5 0 -2.73
0 7 5 3.16
1 6 0 -4.27
0 1 4 4.73
1 0 5 -5.3
0 1 3 6.21
1 3 6 -7.42
0 1 2 7.54
1 0 4 -6.99
0 4 6 6.84
1 6 4 -8.02
0 0 2 8.52
1 2 6 -8.34
0 1 5 10.18
1 4 7 -8.63
0 5 6 8.19
1 6 5 -7.63
0 5 7 6.13
1 6 7 -6.0
0 3 7 3.98
1 2 7 -2.72
0 5 5 1.53
1 6 6 -0.94
0 2 0 -64
1 0 6 64
0 1 0 -18.0
1 6 1 18.0
0 7 2 -18.0
1 3 0 18.0
0 7 0 -18.0
1 7 1 18.0
0 7 6 -18.0
1 7 7 18.0
0 1 7 -18.0
1 0 7 18.0
0 1 6 -18.0
1 0 3 18.0
1 1 1 18.0
0 0 1 -18.0
1 0 0 18.0
