1 4 2 -14.0
0 5 2 14.0
1 5 3 -14.0
0 5 4 14.0
1 6 3 -14.0
0 3 2 14.0
1 4 1 -14.0
0 6 2 14.0
1 2 3 -14.0
0 2 4 14.0
1 3 1 -14.0
0 5 1 2.42
1 6 5 -2.82
0 4 0 0.35
1 7 2 -9.03
0 2 1 -4.48
1 5 0 -9.06
0 2 2 -1.91
1 1 0 -8.35
0 6 4 5.62
1 1 3 -10.3
0 7 1 2.23
1 7 0 2.16
0 2 0 -2.85
1 7 3 -5.35
0 0 0 -0.17
1 1 5 -11.5
0 1 2 -1.73
1 2 5 -11.73
0 3 5 5.64
1 5 5 -13.18
0 2 6 -0.56
1 4 5 -11.7
0 3 6 3.88
1 3 7 -13.77
0 4 6 10.37
1 4 7 -22.08
0 0 2 10.11
1 1 4 -13.45
0 5 6 7.35
1 5 7 -14.27
0 0 4 7.32
1 0 1 -19.52
0 0 3 64
1 3 0 -64
0 0 5 14.0
1 1 6 -14.0
0 7 6 14.0
1 7 5 -14.0
0 6 6 14.0
1 1 1 -14.0
0 7 4 14.0
1 0 6 -14.0
0 0 7 14.0
1 7 7 -14.0
0 6 7 14.0
1 1 7 -14.0
0 2 7 14.0
0 6 1 14.0
1 6 0 -14.0
