1 4 2 -12.0
0 5 2 12.0
1 5 3 -12.0
0 5 4 12.0
1 6 2 -12.0
0 3 2 12.0
1 6 4 -12.0
0 6 3 -0.99
1 7 4 -0.36
0 4 1 -3.1
1 3 1 -10.59
0 5 1 -1.48
1 3 0 -5.2
0 2 0 -2.37
1 1 0 -13.27
0 5 0 3.3
1 2 3 -13.68
0 2 4 4.59
1 5 5 -8.12
0 7 2 11.14
1 2 1 -11.41
0 1 3 6.62
1 4 5 -13.75
0 2 2 11.1
1 1 4 -22.7
0 7 3 13.27
1 7 1 -22.99
0 3 5 15.25
1 0 3 -27.0
0 1 2 12.39
1 1 5 -20.77
0 0 5 9.45
1 1 1 -21.78
0 0 4 9.84
1 0 2 -20.93
0 2 5 10.05
1 2 6 -13.73
0 7 5 2.73
1 7 6 -9.16
0 4 6 8.73
1 5 7 -13.97
0 6 5 16.46
1 3 6 -17.19
0 1 6 64
1 6 6 -64
0 1 7 12.0
1 2 7 -12.0
0 3 7 12.0
1 0 7 -12.0
0 0 6 12.0
1 4 7 -12.0
0 0 0 12.0
1 0 1 -12.0
0 4 0 12.0
1 6 0 -12.0
0 5 6 12.0
1 6 1 -12.0
0 7 0 12.0
1 6 7 -12.0
0 7 7 12.0
