1 5 3 12.0
0 3 2 -12.0
1 2 4 12.0
0 3 5 -12.0
1 2 5 12.0
0 5 4 -12.0
1 5 2 12.0
0 5 5 -12.0
1 4 2 12.0
0 4 1 -12.0
1 5 1 12.0
0 2 3 -12.0
1 1 2 12.0
0 6 2 -12.0
1 4 5 12.0
0 4 6 -12.0
1 5 7 12.0
0 3 6 -12.0
1 4 7 -4.02
0 2 7 4.36
1 6 4 -4.36
0 6 3 5.8
1 5 6 -2.01
0 7 5 1.13
1 3 7 -8.41
0 6 7 4.97
1 2 2 -9.13
0 6 5 3.38
1 6 1 -16.56
0 2 6 9.74
1 7 4 -20.02
0 5 0 10.0
1 7 1 -15.79
0 7 0 7.52
1 3 0 -12.55
0 1 3 -4.58
1 3 1 0.85
0 7 3 -9.92
1 7 2 5.8
0 1 5 -16.97
1 6 0 5.5
0 2 1 -13.02
1 4 0 2.33
0 2 0 -64
1 1 6 64
0 0 3 -12.0
1 0 5 12.0
0 1 4 -12.0
1 6 6 12.0
0 7 7 -12.0
1 7 6 12.0
0 0 7 -12.0
1 1 7 12.0
0 0 4 -12.0
1 0 6 12.0
1 1 0 12.0
0 0 0 -12.0
1 0 1 12.0
0 0 2 -12.0
1 1 1 12.0
