1 5 3 0.0
0 3 2 0.0
1 2 5 0.0
0 3 5 0.0
1 2 4 0.0
0 5 4 0.0
1 2 3 0.0
0 1 5 0.0
1 2 6 0.0
0 3 6 0.0
1 4 2 0.0
0 1 4 0.0
1 6 4 1.53
0 3 7 -0.17
1 3 1 -1.23
0 5 2 -4.19
1 1 3 -2.51
0 4 5 -2.07
1 5 5 -3.91
0 0 2 2.58
1 6 2 -11.56
0 2 2 -1.27
1 1 2 -4.43
0 4 0 0.16
1 0 4 2.16
0 5 1 -10.36
1 0 3 3.52
0 0 5 -6.27
1 2 1 -7.55
0 6 5 -4.66
1 4 1 -0.29
0 2 0 -2.73
1 5 6 -3.3
0 5 0 0.42
1 4 7 1.05
0 7 2 -11.37
1 3 0 0.03
0 7 4 -12.73
1 7 3 5.47
0 7 5 -14.47
1 4 6 5.05
0 5 7 -13.24
1 6 0 3.17
0 7 0 0
1 2 7 0
0 1 7 0.0
1 1 1 0.0
0 0 0 0.0
1 0 1 0.0
0 1 0 0.0
1 1 6 0.0
0 6 1 0.0
1 6 3 0.0
0 0 7 0.0
1 0 6 0.0
1 6 7 0.0
0 7 7 0.0
1 7 1 0.0
0 6 6 0.0
1 7 6 0.0
