1 2 4 -4.0
0 4 5 4.0
1 5 4 -4.0
0 2 3 4.0
1 3 2 -4.0
0 4 2 4.0
1 3 5 -4.0
0 1 4 4.0
1 5 3 -4.0
0 5 2 -9.83
1 4 1 0.93
0 2 5 -1.09
1 5 1 -0.06
0 6 4 -4.5
1 5 5 -8.01
0 6 5 -0.7
1 7 5 -4.48
0 7 3 -4.34
1 4 6 -7.56
0 5 6 -2.34
1 2 6 -5.84
0 2 7 -1.48
1 7 4 -0.44
0 7 6 -0.92
1 3 6 -9.27
0 5 7 -0.86
1 1 3 -9.45
0 4 7 4.67
1 0 4 -10.56
0 6 3 17.05
1 3 7 -6.32
0 0 2 1.27
1 0 3 -13.52
0 0 5 4.7
1 1 5 -7.43
0 4 0 0.23
1 3 1 -8.25
0 6 2 -0.09
1 6 0 -5.48
0 3 0 2.86
1 2 0 -9.55
0 1 6 6.67
1 5 0 -11.42
0 2 2 64
1 1 2 -64
0 0 6 4.0
1 7 2 -4.0
0 7 1 4.0
1 0 7 -4.0
0 1 7 4.0
1 0 1 -4.0
0 2 1 4.0
1 6 6 -4.0
0 1 1 4.0
1 6 1 -4.0
0 7 0 4.0
1 1 0 -4.0
0 0 0 4.0
1 6 7 -4.0
0 7 7 4.0
