1 2 4 -4.0
0 2 5 4.0
1 3 5 -4.0
0 2 3 4.0
1 1 4 -4.0
0 3 6 4.0
1 2 6 -4.0
0 0 4 4.0
1 3 2 -4.0
0 4 2 4.0
1 1 3 -4.0
0 0 3 4.0
1 0 2 -0.89
0 1 5 0.89
1 1 2 -0.89
0 5 5 1.57
1 0 5 -0.49
0 2 7 -0.72
1 5 4 -0.22
0 2 2 -0.21
1 5 6 -0.5
0 4 6 1.84
1 4 5 -1.17
0 5 3 3.63
1 6 3 -5.99
0 6 2 5.8
1 5 7 -5.42
0 7 3 4.59
1 3 1 -4.72
0 2 0 3.07
1 4 7 -3.16
0 3 7 2.82
1 1 7 -3.28
0 2 1 1.91
1 5 1 -2.02
0 4 1 2.54
1 5 0 -2.94
0 6 4 3.07
1 7 2 -3.66
0 7 1 4.62
1 5 2 -4.95
0 6 5 4.48
1 7 4 -4.72
0 7 5 64
1 3 0 -64
0 4 0 4.0
1 1 0 -4.0
0 6 1 4.0
1 1 6 -4.0
0 1 1 4.0
1 0 0 -4.0
0 0 7 4.0
1 0 6 -4.0
0 0 1 4.0
1 7 0 -4.0
0 6 0 4.0
1 7 6 -4.0
0 6 7 4.0
1 6 6 -4.0
0 7 7 4.0
