1 4 2 6.0
0 5 4 -6.0
1 3 5 6.0
0 2 4 -6.0
1 5 3 6.0
0 3 2 -6.0
1 2 3 6.0
0 2 2 4.79
1 2 5 6.0
0 3 6 -5.5
1 1 3 -4.2
0 1 4 -7.5
1 1 2 -2.79
0 3 1 -9.38
1 4 5 1.95
0 2 1 -4.04
1 2 0 -4.36
0 4 0 -3.12
1 3 0 -1.44
0 1 0 -0.68
1 2 6 -7.55
0 5 1 -1.38
1 5 2 -11.05
0 4 1 -1.48
1 2 7 -13.12
0 0 4 0.99
1 6 4 -13.68
0 6 2 12.04
1 7 2 -11.29
0 6 3 4.48
1 0 3 -15.9
0 0 2 1.75
1 6 1 -8.96
0 3 7 5.92
1 5 0 -7.56
0 7 0 -6.3
1 0 0 -3.38
0 6 0 -3.88
1 7 1 0.94
0 5 6 -9.6
1 4 7 0.87
0 1 6 -9.84
1 0 7 -0.03
0 7 5 -64
1 1 5 64
0 0 6 -6.0
1 5 5 6.0
0 7 3 -6.0
1 5 7 6.0
0 1 7 -6.0
1 7 4 6.0
0 4 6 -6.0
1 6 5 6.0
0 7 6 -6.0
1 0 5 6.0
0 6 6 -6.0
1 0 1 6.0
0 1 1 -6.0
1 7 7 6.0
0 6 7 -6.0
