1 5 3 -8.0
0 5 2 8.0
1 4 2 -8.0
0 3 2 8.0
1 2 2 -8.0
0 4 5 8.0
1 6 2 -4.92
0 6 3 4.97
1 7 3 -4.97
0 3 1 4.97
1 2 1 -4.97
0 4 1 4.97
1 5 0 -1.72
0 4 0 3.07
1 3 0 -4.32
0 2 0 6.97
1 1 0 -7.45
0 5 1 6.16
1 2 3 -6.59
0 2 4 7.96
1 5 5 -8.77
0 7 2 8.23
1 3 5 -8.4
0 7 4 8.31
1 2 5 -7.2
0 3 6 7.16
1 6 0 -8.09
0 5 6 9.84
1 2 6 -11.03
0 6 5 9.8
1 3 7 -9.45
0 5 4 10.05
1 6 6 -9.81
0 1 3 9.27
1 7 5 -11.09
0 7 7 13.07
1 0 2 -14.55
0 1 4 14.83
1 0 3 -14.07
0 4 6 13.51
1 1 5 -13.57
0 6 4 13.36
1 7 1 -15.77
0 2 7 64
1 1 7 -64
0 6 1 8.0
1 1 2 -8.0
0 1 1 8.0
1 4 7 -8.0
0 7 6 8.0
1 7 0 -8.0
0 6 7 8.0
1 5 7 -8.0
0 0 7 8.0
1 0 1 -8.0
0 1 6 8.0
0 0 0 8.0
0 0 6 8.0
1 0 5 -8.0
0 0 4 8.0
