1 2 4 -2.0
0 4 5 2.0
1 5 2 -2.0
0 4 2 2.0
1 5 3 -2.0
0 2 3 2.0
1 2 5 -2.0
0 2 2 2.0
1 3 5 -2.0
0 3 6 2.0
1 4 6 -2.0
0 1 5 2.0
1 4 7 -2.0
0 5 4 2.0
1 5 5 -2.0
0 5 6 2.0
1 5 7 -2.0
0 6 5 2.0
1 7 4 0.52
0 7 5 -0.59
1 1 4 -9.3
0 2 7 1.83
1 7 6 -9.14
0 3 7 5.95
1 2 6 -19.92
0 6 7 12.37
1 6 4 -16.98
0 0 5 9.8
1 0 3 -16.39
0 1 3 12.74
1 3 1 -16.05
0 4 0 9.95
1 3 2 -11.35
0 6 3 4.33
1 1 2 -11.72
0 7 3 1.34
1 7 2 -6.38
0 4 1 -4.55
1 2 1 -2.76
0 5 1 -3.49
1 0 4 0.3
0 1 7 -0.22
1 6 2 -2.14
0 0 2 64
1 1 6 -64
0 6 1 2.0
1 2 0 -2.0
0 0 1 2.0
1 3 0 -2.0
0 0 7 2.0
1 0 6 -2.0
0 1 0 2.0
1 7 0 -2.0
0 7 1 2.0
1 5 0 -2.0
0 6 0 2.0
1 0 0 -2.0
0 1 1 2.0
1 6 6 -2.0
0 7 7 2.0
