1 2 4 6.0
0 4 5 -6.0
1 5 2 6.0
0 4 2 -6.0
1 5 3 6.0
0 2 3 -6.0
1 5 4 6.0
0 6 2 -6.0
1 5 1 6.0
0 3 5 -6.0
1 6 3 6.0
0 4 1 -6.0
1 3 2 4.29
0 7 3 -9.52
1 6 4 -0.27
0 1 3 -11.59
1 1 2 0.4
0 2 5 -9.8
1 3 0 -2.89
0 5 5 -13.77
1 4 6 1.74
0 2 2 -8.57
1 7 5 3.45
0 7 4 -12.8
1 3 1 6.23
0 0 2 -11.91
1 2 1 4.42
0 5 7 -20.23
1 1 4 5.28
0 1 5 -15.98
1 3 6 10.18
0 5 6 -13.32
1 4 7 8.48
0 2 7 -20.8
1 3 7 15.76
0 2 6 -17.97
1 1 6 8.52
0 6 0 -20.6
1 7 2 12.05
0 2 0 -20.71
1 6 6 15.81
0 6 1 -13.41
1 6 5 2.41
0 0 7 -64
1 1 7 64
0 7 7 -6.0
1 1 0 6.0
0 4 0 -6.0
1 0 6 6.0
0 7 6 -6.0
1 6 7 6.0
0 0 5 -6.0
1 0 4 6.0
0 0 3 -6.0
1 7 0 6.0
0 7 1 -6.0
1 5 0 6.0
0 1 1 -6.0
1 0 1 6.0
0 0 0 -6.0
