1 5 3 -14.0
0 5 2 14.0
1 4 2 -14.0
0 5 4 14.0
1 6 5 -14.0
0 3 2 -1.95
1 2 1 -10.39
0 2 2 4.02
1 2 3 -15.19
0 2 4 5.2
1 4 1 -18.07
0 6 4 8.79
1 1 5 -17.02
0 1 4 7.59
1 3 5 -12.79
0 4 6 6.57
1 1 3 -18.02
0 2 5 5.47
1 2 6 -17.49
0 0 5 13.2
1 0 4 -13.38
0 0 3 6.73
1 3 6 -6.97
0 4 7 -0.28
1 5 7 -11.93
0 2 7 4.75
1 0 2 -3.77
0 0 1 10.79
1 1 2 -8.97
0 5 6 2.53
1 4 5 -1.34
0 5 5 -1.2
1 1 6 -12.61
0 7 4 5.82
1 1 7 -16.66
0 3 7 12.4
1 6 6 -13.35
0 1 1 4.78
1 0 0 -7.51
0 5 1 3.81
1 7 3 -13.59
0 6 3 8.73
1 7 5 -10.2
0 7 7 64
1 7 2 -64
0 6 7 14.0
1 7 6 -14.0
0 7 1 14.0
1 0 6 -14.0
0 0 7 14.0
1 6 2 -14.0
0 4 0 14.0
1 3 0 -14.0
0 5 0 14.0
1 3 1 -14.0
0 6 1 14.0
1 7 0 -14.0
0 2 0 14.0
1 6 0 -14.0
0 1 0 14.0
