1 4 2 14.0
0 5 2 -14.0
1 5 3 14.0
0 3 2 -14.0
1 2 3 14.0
0 5 4 -14.0
1 3 1 14.0
0 2 4 -14.0
1 2 5 14.0
0 2 0 -14.0
1 3 0 0.84
0 1 4 -6.38
1 3 5 -4.73
0 4 1 -7.38
1 1 0 -4.23
0 2 2 -0.52
1 1 2 -3.28
0 4 0 -3.84
1 5 0 -8.01
0 2 1 0.16
1 1 3 -4.02
0 5 1 -7.15
1 1 5 -1.63
0 2 6 -4.3
1 4 6 4.13
0 0 2 -9.09
1 0 3 0.39
0 3 6 -6.5
1 6 5 -5.77
0 5 7 -10.44
1 6 0 -2.31
0 5 5 -3.75
1 0 1 2.27
0 0 5 -5.53
1 6 2 1.74
0 0 4 -11.45
1 0 6 -0.92
0 6 3 -9.76
1 7 4 0.38
0 6 1 -12.52
1 4 7 0.6
0 3 7 -12.06
1 2 7 1.88
0 7 1 -64
1 7 3 64
0 1 7 -14.0
1 5 6 14.0
0 7 2 -14.0
1 4 5 14.0
0 6 6 -14.0
1 7 0 14.0
0 1 1 -14.0
1 6 7 14.0
0 7 7 -14.0
1 1 6 14.0
0 7 6 -14.0
1 6 4 14.0
0 0 7 -14.0
1 0 0 14.0
0 7 5 -14.0
