1 5 3 20.0
0 3 2 -20.0
1 2 3 20.0
0 5 4 -20.0
1 4 5 20.0
0 2 2 -20.0
1 3 5 20.0
0 5 5 -20.0
1 4 2 20.0
0 1 3 -14.02
1 2 4 7.66
0 5 2 -14.65
1 1 2 8.69
0 1 5 -13.08
1 0 3 -1.05
0 1 4 -10.88
1 6 4 4.74
0 4 6 -2.88
1 2 1 -5.52
0 6 3 -6.37
1 0 5 -4.88
0 7 3 -5.92
1 3 6 -7.05
0 2 5 -5.39
1 3 1 -1.48
0 0 4 -3.26
1 2 6 -5.54
0 4 1 -3.48
1 5 7 0.47
0 0 2 -11.0
1 5 0 3.8
0 4 7 -22.92
1 0 1 15.01
0 1 7 -19.04
1 2 7 19.04
0 1 0 -26.36
1 0 6 23.8
0 3 7 -21.19
1 0 7 20.77
0 4 0 -29.64
1 3 0 26.49
0 2 0 -30.72
1 0 0 37.54
0 1 1 -64
1 6 6 64
0 5 6 -20.0
1 6 7 20.0
0 7 7 -20.0
1 6 2 20.0
0 1 6 -20.0
1 5 1 20.0
0 6 0 -20.0
1 7 0 20.0
0 6 1 -20.0
1 7 1 20.0
0 7 2 -20.0
1 7 4 20.0
0 7 5 -20.0
1 7 6 20.0
0 6 5 -20.0
