1 5 3 24.0
0 3 2 -24.0
1 2 5 24.0
0 3 5 -24.0
1 2 4 24.0
0 5 4 -24.0
1 2 3 24.0
0 1 4 -24.0
1 2 2 24.0
0 4 2 -24.0
1 4 5 24.0
0 1 3 -24.0
1 1 2 24.0
0 1 5 -24.0
1 0 2 24.0
0 0 3 -24.0
1 0 5 -0.49
0 5 2 -0.3
1 3 1 -8.69
0 4 1 -2.99
1 0 4 -11.01
0 2 0 0.37
1 5 0 -13.44
0 3 0 6.32
1 5 5 -10.49
0 4 6 3.52
1 4 0 -7.95
0 2 1 -7.73
1 1 0 -2.29
0 5 6 -8.25
1 5 1 2.79
0 3 6 -1.97
1 6 2 -4.82
0 1 1 3.55
1 2 6 -7.48
0 2 7 -4.5
1 1 6 -9.24
0 6 3 3.91
1 6 1 7.05
0 7 2 2.28
1 7 4 5.05
0 7 1 -14.91
1 1 7 17.72
0 0 7 -64
1 0 6 64
0 0 1 -24.0
1 3 7 24.0
0 4 7 -24.0
1 0 0 24.0
0 6 4 -24.0
1 7 5 24.0
0 6 5 -24.0
1 6 0 24.0
1 7 6 24.0
0 6 6 -24.0
1 7 7 24.0
0 6 7 -24.0
1 5 7 24.0
1 7 0 24.0
1 7 3 24.0
