1 2 4 32.0
0 4 5 -32.0
1 5 3 32.0
0 4 2 -32.0
1 5 2 32.0
0 2 3 -32.0
1 5 4 32.0
0 6 2 -32.0
1 5 1 32.0
0 3 5 -32.0
1 6 3 32.0
0 2 2 -32.0
1 1 3 -8.66
0 3 2 4.07
1 2 5 -13.02
0 5 5 1.44
1 3 1 -9.43
0 6 4 4.59
1 3 6 -12.05
0 2 0 0.8
1 4 6 -9.88
0 2 6 -3.18
1 4 0 -7.64
0 1 4 -3.95
1 0 5 -10.08
0 5 7 -3.48
1 4 7 -7.06
0 0 4 -2.01
1 1 5 -5.55
0 2 7 -5.05
1 3 7 -4.15
0 0 3 -3.73
1 1 2 -1.66
0 1 6 -1.38
1 6 5 -1.04
0 3 0 -9.0
1 2 1 2.9
0 0 6 -4.2
1 4 1 0.02
0 0 2 -8.53
1 1 0 6.05
0 7 5 -16.7
1 0 7 8.14
0 1 7 -64
1 5 6 64
0 5 0 -32.0
1 6 0 32.0
0 6 6 -32.0
1 0 1 32.0
0 1 1 -32.0
1 7 6 32.0
0 7 7 -32.0
1 6 7 32.0
1 0 0 32.0
1 7 2 32.0
0 6 1 -32.0
1 7 4 32.0
0 7 3 -32.0
1 7 1 32.0
0 7 0 -32.0
