1 5 3 0.0
0 3 2 0.0
1 2 3 0.0
0 5 4 0.0
1 4 5 0.0
0 2 2 0.0
1 3 5 0.0
0 5 2 0.0
1 4 2 0.0
0 3 1 0.0
1 6 4 0.0
0 2 4 0.0
1 6 3 0.0
0 2 5 0.0
1 5 1 0.0
0 3 6 0.0
1 4 1 0.0
0 5 6 0.0
1 2 0 0.0
0 5 5 0.0
1 2 1 0.0
0 3 0 0.0
1 4 0 0.0
0 6 5 0.0
1 4 6 0.0
0 5 7 -0.84
1 7 5 2.62
0 6 6 -2.62
1 1 2 1.7
0 7 2 -2.59
1 7 3 2.94
0 7 6 -2.34
1 7 7 2.59
0 6 7 -1.36
1 4 7 1.62
0 7 4 -2.03
1 3 7 2.91
0 6 2 -2.42
1 6 1 1.62
0 1 3 -0.83
1 7 1 1.1
0 0 2 -1.79
1 1 1 1.53
0 2 7 0
1 1 5 0
0 2 6 0.0
1 1 7 0.0
0 0 5 0.0
1 0 6 0.0
0 0 7 0.0
1 1 6 0.0
0 1 4 0.0
1 0 1 0.0
0 5 0 0.0
1 0 3 0.0
0 1 0 0.0
1 6 0 0.0
0 7 0 0.0
0 0 0 0.0
0 0 4 0.0
