1 2 4 36.0
0 4 5 -36.0
1 5 3 36.0
0 2 2 -36.0
1 2 3 4.94
0 1 2 -2.61
1 3 5 1.87
0 2 5 -7.5
1 1 4 0.45
0 0 5 -3.55
1 2 6 -7.52
0 5 4 -5.96
1 1 5 -4.28
0 3 6 -6.82
1 3 7 -4.56
0 3 2 -7.33
1 0 4 0.84
0 0 3 -7.76
1 1 3 -3.7
0 5 2 0.14
1 5 6 2.36
0 5 5 -5.88
1 4 6 4.73
0 1 7 -13.59
1 0 1 11.05
0 0 2 -20.48
1 0 6 17.91
0 4 2 -20.68
1 6 5 6.09
0 5 7 -12.81
1 6 4 12.58
0 7 4 -23.98
1 2 7 14.9
0 4 7 -32.41
1 1 1 21.78
0 2 1 -33.05
1 2 0 37.54
0 1 6 -37.18
1 3 1 31.02
0 3 0 -27.29
1 6 3 25.96
0 7 2 -33.55
1 4 0 36.27
0 6 2 -64
1 0 7 64
0 0 0 -36.0
1 1 0 36.0
0 5 0 -36.0
1 6 7 36.0
0 6 6 -36.0
1 7 7 36.0
0 7 6 -36.0
1 4 1 36.0
1 5 1 36.0
1 7 5 36.0
0 7 3 -36.0
1 7 1 36.0
0 6 1 -36.0
1 6 0 36.0
0 7 0 -36.0
