1 2 4 6.0
0 4 5 -6.0
1 5 3 6.0
0 4 2 -6.0
1 5 2 6.0
0 2 3 -6.0
1 2 5 6.0
0 1 4 -6.0
1 3 5 6.0
0 5 4 -6.0
1 2 2 6.0
0 6 4 -6.0
1 6 3 0.94
0 2 6 -0.84
1 3 6 1.02
0 1 5 -3.4
1 1 3 1.68
0 0 3 -11.3
1 4 1 10.33
0 5 5 -14.37
1 5 6 6.38
0 7 3 -11.66
1 4 6 11.55
0 5 1 -18.38
1 1 7 3.66
0 3 0 -15.23
1 3 2 7.34
0 2 1 -11.49
1 0 4 8.91
0 6 6 -14.56
1 0 2 8.7
0 0 6 -21.16
1 0 5 19.02
0 0 1 -21.75
1 6 5 10.33
0 6 7 -25.3
1 7 4 16.59
0 5 7 -16.38
1 7 7 7.41
0 2 7 -9.13
1 4 0 -0.99
0 5 0 -6.57
1 6 1 5.43
0 3 1 -64
1 7 2 64
0 0 7 -6.0
1 1 2 6.0
0 1 1 -6.0
1 0 0 6.0
0 2 0 -6.0
1 1 6 6.0
0 3 7 -6.0
1 4 7 6.0
0 6 2 -6.0
1 6 0 6.0
0 7 0 -6.0
1 1 0 6.0
0 7 6 -6.0
1 7 5 6.0
1 7 1 6.0
