1 5 3 0.0
0 3 2 0.0
1 2 5 0.0
0 3 5 0.0
1 2 4 0.0
0 1 5 0.0
1 2 3 0.0
0 1 4 0.0
1 1 2 0.0
0 2 2 0.0
1 1 3 0.0
0 4 2 -3.55
1 0 5 -5.19
0 0 3 -3.4
1 0 4 -8.59
0 0 6 -1.73
1 0 2 -7.13
0 0 1 -3.47
1 5 1 -11.02
0 4 5 2.24
1 4 1 -10.4
0 5 4 -0.94
1 5 6 -12.54
0 3 1 3.19
1 3 6 -12.96
0 5 5 2.45
1 6 3 -11.88
0 6 4 0.48
1 5 2 -10.19
0 3 7 0.04
1 2 6 -10.03
0 2 7 2.98
1 3 0 -12.59
0 2 0 -2.37
1 2 1 -7.01
0 4 6 0.57
1 1 0 -8.33
0 6 7 -1.41
1 7 5 -12.12
0 6 5 -1.27
1 1 6 -5.3
0 7 2 0.59
1 4 7 -4.89
0 5 0 0
1 4 0 0
0 0 0 0.0
1 1 1 0.0
0 7 4 0.0
1 6 2 0.0
0 1 7 0.0
1 0 7 0.0
0 7 6 0.0
1 7 3 0.0
0 6 6 0.0
1 5 7 0.0
0 7 1 0.0
1 7 7 0.0
1 6 0 0.0
0 6 1 0.0
1 7 0 0.0
