1 5 3 -16.0
0 5 2 16.0
1 4 2 -16.0
0 5 4 16.0
1 5 5 -16.0
0 2 3 16.0
1 5 1 -4.92
0 4 1 4.97
1 4 0 -2.09
0 6 3 0.77
1 3 2 -1.8
0 3 1 1.78
1 2 4 -12.78
0 6 2 8.58
1 3 0 -12.63
0 3 5 6.82
1 4 5 -15.05
0 4 6 6.73
1 6 4 -9.55
0 2 1 7.3
1 7 4 -14.64
0 2 2 4.66
1 1 3 -15.38
0 7 3 11.11
1 7 5 -12.82
0 7 2 1.83
1 7 1 -14.07
0 6 5 6.2
1 1 2 -19.38
0 5 0 10.22
1 6 0 -19.59
0 2 5 8.55
1 7 6 -17.53
0 1 4 13.89
1 3 6 -19.78
0 0 3 9.49
1 2 6 -24.63
0 3 7 11.59
1 0 5 -21.9
0 5 6 13.53
1 0 2 -23.59
0 0 4 12.01
1 1 5 -23.98
0 1 0 64
1 6 6 -64
0 2 0 16.0
1 0 0 -16.0
0 5 7 16.0
1 4 7 -16.0
0 7 7 16.0
1 6 7 -16.0
0 7 0 16.0
1 6 1 -16.0
0 1 6 16.0
1 1 1 -16.0
0 0 1 16.0
1 0 7 -16.0
0 0 6 16.0
1 1 7 -16.0
0 2 7 16.0
