1 4 2 -16.0
0 5 2 16.0
1 6 2 -14.93
0 3 2 15.46
1 2 4 -15.52
0 2 3 15.92
1 2 2 -15.22
0 1 3 15.01
1 1 4 -14.6
0 3 1 15.95
1 4 1 -15.05
0 5 3 16.04
1 6 3 -15.47
0 2 5 15.04
1 5 1 -15.83
0 3 5 14.93
1 1 5 -15.52
0 5 5 15.11
1 5 4 -14.82
0 6 4 14.73
1 4 6 -14.95
0 4 5 14.6
1 5 6 -15.35
0 6 5 14.9
1 0 2 -14.66
0 3 7 13.1
1 4 7 -12.07
0 3 6 11.73
1 2 7 -12.21
0 7 2 11.6
1 2 6 -12.26
0 3 0 14.66
1 1 2 -16.45
0 1 6 15.88
1 7 5 -14.72
0 7 4 14.25
1 5 0 -14.05
0 2 1 12.8
1 1 0 -12.84
0 2 0 12.81
1 4 0 -14.2
0 0 6 12.98
1 7 3 -13.34
0 7 6 64
1 0 4 -64
0 0 3 16.0
1 0 5 -16.0
0 0 7 16.0
1 1 7 -16.0
0 1 1 16.0
1 0 0 -16.0
0 0 1 16.0
1 6 1 -16.0
0 5 7 16.0
1 6 7 -16.0
0 7 0 16.0
1 7 1 -16.0
0 7 7 16.0
1 6 6 -16.0
0 6 0 16.0
