1 4 2 20.0
0 5 4 -20.0
1 2 5 20.0
0 2 4 -20.0
1 3 5 20.0
0 3 2 -20.0
1 4 5 20.0
0 2 6 -20.0
1 1 5 20.0
0 2 3 -20.0
1 1 4 20.0
0 5 5 -20.0
1 3 6 20.0
0 3 7 -20.0
1 4 6 20.0
0 5 6 -20.0
1 3 1 20.0
0 1 3 -20.0
1 2 7 -1.63
0 0 3 1.63
1 6 4 -6.32
0 6 3 -6.1
1 0 4 -6.18
0 6 5 -1.44
1 4 7 -12.83
0 5 7 2.14
1 7 2 -12.52
0 2 2 7.87
1 5 3 -8.39
0 5 1 -4.91
1 4 1 -2.82
0 0 5 -8.25
1 6 7 -1.52
0 5 2 -9.61
1 6 2 -0.75
0 5 0 -11.1
1 3 0 1.02
0 4 0 -8.53
1 6 0 9.92
0 7 4 -8.02
1 0 2 -4.56
0 0 1 -9.32
1 1 2 0.66
0 1 1 -64
1 7 3 64
0 2 1 -20.0
1 7 5 20.0
0 6 1 -20.0
1 0 0 20.0
0 1 7 -20.0
1 0 7 20.0
0 6 6 -20.0
1 0 6 20.0
0 1 6 -20.0
1 7 6 20.0
0 1 0 -20.0
1 2 0 20.0
1 7 0 20.0
0 7 1 -20.0
0 7 7 -20.0
