1 4 2 0.0
0 5 2 0.0
1 5 3 0.0
0 3 2 0.0
1 2 5 0.0
0 5 4 0.0
1 2 2 0.0
0 3 5 0.0
1 4 5 0.0
0 5 6 0.0
1 3 1 1.82
0 2 0 -1.82
1 5 5 2.38
0 2 1 -2.1
1 4 1 2.57
0 5 0 -4.6
1 6 5 -1.67
0 2 6 -8.4
1 6 4 3.41
0 4 6 -13.09
1 3 6 0.06
0 7 3 -4.95
1 6 2 -0.88
0 1 5 -7.66
1 7 4 3.23
0 4 7 -8.36
1 7 2 -1.73
0 2 4 -6.54
1 1 4 4.2
0 0 3 -1.46
1 5 7 -4.7
0 2 3 -3.91
1 3 7 -1.53
0 2 7 0.1
1 1 7 4.17
0 5 1 -7.86
1 1 6 5.91
0 7 6 -9.96
1 6 3 0.34
0 6 6 -5.03
1 1 3 -10.16
0 7 5 2.13
1 1 2 -5.65
0 0 5 0
1 0 4 0
0 0 2 0.0
1 1 1 0.0
0 7 1 0.0
1 4 0 0.0
0 0 0 0.0
1 3 0 0.0
0 6 1 0.0
1 0 1 0.0
0 1 0 0.0
1 7 7 0.0
0 6 7 0.0
1 0 6 0.0
0 0 7 0.0
1 7 0 0.0
1 6 0 0.0
