1 4 2 2.0
0 5 4 -2.0
1 2 5 2.0
0 2 4 -2.0
1 3 5 2.0
0 3 2 -2.0
1 5 2 2.0
0 4 1 -2.0
1 5 3 2.0
0 6 2 -2.0
1 2 3 2.0
0 4 5 -2.0
1 6 4 -10.29
0 6 3 1.17
1 4 0 -7.55
0 3 1 4.87
1 3 0 -10.01
0 7 4 7.1
1 7 2 -17.24
0 2 6 4.8
1 4 6 -18.84
0 2 1 5.05
1 7 3 -12.34
0 1 4 0.95
1 1 3 -5.41
0 5 0 0.89
1 5 1 -4.94
0 2 0 0.28
1 7 5 -9.09
0 6 0 6.15
1 6 5 -9.38
0 5 5 3.55
1 0 5 -14.16
0 1 2 12.55
1 2 2 -13.09
0 0 3 3.8
1 0 4 -13.48
0 6 1 4.45
1 0 2 -11.73
0 4 7 1.41
1 5 7 -5.49
0 3 6 1.21
1 5 6 -5.71
0 1 6 -64
1 1 5 64
0 3 7 -2.0
1 7 0 2.0
0 1 1 -2.0
1 1 0 2.0
0 7 1 -2.0
1 0 7 2.0
0 0 6 -2.0
1 1 7 2.0
0 2 7 -2.0
1 6 6 2.0
0 6 7 -2.0
1 7 7 2.0
0 7 6 -2.0
0 0 0 -2.0
1 0 1 2.0
