1 5 3 0.0
0 3 2 0.0
1 2 5 0.0
0 3 5 0.0
1 2 4 0.0
0 5 5 0.0
1 5 4 0.0
0 1 3 -12.73
1 2 6 6.4
0 4 6 -14.86
1 3 6 8.8
0 3 7 -19.77
1 4 5 8.95
0 5 6 -19.52
1 2 7 13.21
0 4 2 -15.78
1 5 2 5.74
0 2 3 -13.91
1 6 5 9.63
0 7 4 -15.41
1 7 5 6.02
0 7 6 -18.98
1 4 1 5.98
0 1 7 -19.9
1 6 3 10.98
0 4 0 -21.91
1 2 1 15.35
0 3 1 -23.35
1 1 4 13.27
0 0 5 -15.48
1 4 7 15.81
0 5 7 -5.84
1 1 2 8.34
0 2 2 -4.65
1 0 4 1.31
0 0 2 -5.83
1 0 3 2.12
0 1 6 -2.02
1 5 0 0.6
0 2 0 -4.43
1 1 0 -2.8
0 6 0 -3.8
1 0 1 -6.19
0 6 1 0
1 1 1 0
0 5 1 0.0
1 1 5 0.0
0 0 0 0.0
1 3 0 0.0
0 6 6 0.0
1 0 7 0.0
0 6 4 0.0
1 6 2 0.0
0 0 6 0.0
1 7 0 0.0
0 7 3 0.0
1 7 1 0.0
0 7 2 0.0
1 6 7 0.0
0 7 7 0.0
