1 2 4 -2.0
0 2 5 2.0
1 3 5 -2.0
0 4 5 2.0
1 3 6 -2.0
0 1 4 2.0
1 5 4 -2.0
0 2 6 2.0
1 5 3 -2.0
0 3 2 2.0
1 2 3 -2.0
0 4 2 -1.8
1 5 2 4.39
0 3 7 -1.65
1 1 5 -2.87
0 1 3 -8.37
1 4 1 -4.13
0 4 6 -4.77
1 5 6 -6.62
0 5 5 -2.73
1 0 4 -6.41
0 6 7 -2.45
1 2 1 -4.83
0 6 4 -5.45
1 0 2 0.64
0 6 3 -3.13
1 1 2 -1.94
0 0 5 -2.98
1 4 7 -2.55
0 2 7 2.59
1 5 7 -1.57
0 2 2 -6.2
1 7 5 -5.93
0 7 4 -3.72
1 7 7 -4.95
0 2 0 -4.3
1 6 5 -2.24
0 5 1 -5.54
1 6 2 -6.49
0 4 0 -2.91
1 7 3 0.89
0 6 6 2.66
1 1 7 1.56
0 7 6 64
1 1 6 -64
0 0 3 2.0
1 5 0 -2.0
0 0 7 2.0
1 0 6 -2.0
0 6 0 2.0
1 3 0 -2.0
0 3 1 2.0
1 7 0 -2.0
0 6 1 2.0
1 7 2 -2.0
0 7 1 2.0
1 1 0 -2.0
0 1 1 2.0
1 0 0 -2.0
0 0 1 2.0
