1 4 2 14.0
0 5 4 -14.0
1 4 5 14.0
0 3 2 -14.0
1 2 3 14.0
0 5 5 -14.0
1 2 4 14.0
0 5 2 -14.0
1 5 3 14.0
0 6 4 -14.0
1 2 1 14.0
0 3 5 -14.0
1 4 1 14.0
0 2 5 -14.0
1 3 6 14.0
0 2 6 -14.0
1 4 6 14.0
0 3 7 4.12
1 1 4 -0.3
0 1 5 0.3
1 5 7 0.64
0 0 3 -0.64
1 2 7 -0.54
0 4 7 -3.49
1 5 6 -4.34
0 1 3 -4.7
1 1 2 3.41
0 5 1 -11.91
1 2 2 -1.49
0 6 5 -12.66
1 6 3 4.37
0 0 2 -13.56
1 3 1 5.55
0 7 3 -20.49
1 6 2 14.98
0 5 0 -16.31
1 1 1 3.05
0 4 0 -11.71
1 3 0 3.77
0 0 0 -10.53
1 0 6 3.75
0 2 0 -7.06
1 6 1 5.16
0 7 0 -64
1 6 0 64
0 0 5 -14.0
1 1 0 14.0
0 0 7 -14.0
1 6 7 14.0
0 7 7 -14.0
1 0 1 14.0
0 7 1 -14.0
1 0 4 14.0
0 1 7 -14.0
1 7 2 14.0
0 6 6 -14.0
1 7 4 14.0
0 7 5 -14.0
1 7 6 14.0
1 1 6 14.0
