1 5 3 -6.0
0 3 2 6.0
1 2 5 -6.0
0 3 5 6.0
1 2 4 -6.0
0 5 4 6.0
1 5 2 -6.0
0 6 3 6.0
1 4 2 -6.0
0 5 1 6.0
1 2 1 -6.0
0 2 3 1.88
1 3 6 -3.2
0 4 5 3.88
1 5 5 -3.79
0 4 6 3.81
1 6 5 -3.1
0 1 4 2.09
1 7 2 -1.69
0 2 2 0.27
1 4 1 -0.65
0 6 2 0.52
1 3 1 -2.34
0 1 5 2.52
1 4 7 -2.1
0 4 0 2.97
1 5 0 -3.78
0 5 6 5.64
1 7 3 -5.88
0 7 4 3.86
1 7 5 -5.14
0 6 4 5.09
1 5 7 -3.84
0 2 7 3.37
1 3 7 -3.73
0 6 7 4.02
1 3 0 -3.92
0 2 6 4.76
1 1 6 -4.2
0 1 0 3.97
1 0 4 -3.46
0 0 3 1.95
1 0 2 -1.75
0 6 6 64
1 0 6 -64
0 1 3 6.0
1 0 5 -6.0
0 1 2 6.0
1 7 7 -6.0
0 7 6 6.0
1 1 7 -6.0
0 0 7 6.0
1 2 0 -6.0
0 6 0 6.0
1 1 1 -6.0
0 6 1 6.0
1 7 0 -6.0
0 7 1 6.0
1 0 0 -6.0
0 0 1 6.0
