1 5 3 -8.0
0 3 2 8.0
1 2 5 -8.0
0 3 5 8.0
1 2 4 -8.0
0 5 4 8.0
1 2 3 -8.0
0 1 5 8.0
1 2 6 -8.0
0 1 4 8.0
1 4 5 -8.0
0 4 2 8.0
1 2 2 -8.0
0 5 2 8.0
1 0 3 -8.0
0 0 4 8.0
1 1 3 -8.0
0 0 2 8.0
1 3 1 -8.0
0 2 1 8.0
1 4 1 -8.0
0 4 0 8.0
1 1 2 -8.0
0 3 0 8.0
1 6 5 -8.0
0 5 1 8.0
1 6 3 -8.0
0 3 7 8.0
1 2 7 0.0
0 1 7 0.0
1 6 2 0.0
0 7 4 0.0
1 7 2 0.0
0 0 1 0.34
1 0 6 -2.02
0 5 5 -2.83
1 5 0 1.03
0 4 6 -1.65
1 2 0 -7.34
0 3 6 0.08
1 6 4 -8.06
0 1 0 3.18
1 4 7 3.38
0 5 7 64
1 0 0 -64
0 0 5 8.0
1 1 1 -8.0
0 7 5 8.0
1 5 6 -8.0
0 6 7 8.0
1 1 6 -8.0
0 7 3 8.0
1 7 6 -8.0
0 0 7 8.0
1 6 0 -8.0
0 6 1 8.0
1 6 6 -8.0
0 7 7 8.0
1 7 1 -8.0
0 7 0 8.0
