1 5 3 16.0
0 3 2 -16.0
1 2 3 16.0
0 5 4 -16.0
1 3 5 16.0
0 4 5 -16.0
1 6 4 16.0
0 6 3 -16.0
1 4 2 16.0
0 2 4 -16.0
1 6 5 -0.85
0 2 5 0.85
1 5 5 0.73
0 1 4 1.91
1 6 2 -0.95
0 7 4 -0.63
1 2 2 0.29
0 4 6 -1.86
1 7 5 2.32
0 7 2 -2.34
1 7 3 4.73
0 7 6 -6.18
1 5 6 6.8
0 4 1 -7.77
1 5 2 7.66
0 7 1 -7.68
1 1 3 7.72
0 4 7 -7.98
1 0 5 8.12
0 3 1 -8.38
1 2 1 7.82
0 5 1 -7.82
1 2 6 6.83
0 1 5 -6.7
1 3 6 6.77
0 1 7 -6.04
1 0 6 6.13
0 1 2 -5.22
1 2 0 3.6
0 0 2 -3.47
1 0 4 4.4
0 3 0 -4.58
1 5 7 2.63
0 6 7 -64
1 4 0 64
0 5 0 -16.0
1 2 7 16.0
0 1 0 -16.0
1 0 7 16.0
0 6 6 -16.0
1 1 1 16.0
0 0 0 -16.0
1 0 1 16.0
0 3 7 -16.0
1 7 7 16.0
0 0 3 -16.0
1 1 6 16.0
1 6 1 16.0
0 6 0 -16.0
1 7 0 16.0
