1 4 2 10.0
0 5 2 -10.0
1 5 3 10.0
0 3 2 -10.0
1 4 1 10.0
0 6 3 -10.0
1 2 3 10.0
0 3 1 -10.0
1 2 4 10.0
0 5 5 -10.0
1 5 1 10.0
0 2 2 -10.0
1 2 0 10.0
0 3 5 -7.1
1 6 2 -0.77
0 1 5 -6.48
1 2 1 3.0
0 3 0 -10.07
1 5 4 6.98
0 4 5 -14.17
1 4 0 2.96
0 5 0 -13.41
1 6 0 8.08
0 7 2 -11.4
1 6 4 6.37
0 7 3 -17.24
1 2 5 14.08
0 1 4 -8.24
1 3 6 4.01
0 1 3 -10.63
1 1 2 4.93
0 0 1 -13.41
1 0 4 5.25
0 0 2 -11.48
1 6 1 1.59
0 4 6 -8.09
1 7 5 -1.07
0 4 7 -9.3
1 1 6 -3.93
0 2 6 -8.89
1 7 4 -1.19
0 7 0 -11.11
1 0 3 4.68
0 0 5 -64
1 6 5 64
0 6 6 -10.0
1 3 7 10.0
0 1 0 -10.0
1 7 7 10.0
0 0 7 -10.0
1 1 1 10.0
0 6 7 -10.0
1 5 7 10.0
0 5 6 -10.0
1 7 6 10.0
0 0 0 -10.0
1 2 7 10.0
0 1 7 -10.0
1 7 1 10.0
1 0 6 10.0
