1 4 2 14.0
0 5 4 -14.0
1 4 5 14.0
0 3 2 -14.0
1 2 3 14.0
0 5 5 -14.0
1 2 2 14.0
0 5 1 -14.0
1 5 3 14.0
0 5 2 -14.0
1 6 4 -11.79
0 2 4 2.9
1 2 5 -11.41
0 1 2 0.48
1 4 1 -6.65
0 1 5 -8.58
1 1 4 -1.93
0 3 0 -6.84
1 6 3 0.88
0 1 3 -11.66
1 4 0 5.34
0 3 1 -7.55
1 6 5 2.34
0 3 5 -9.7
1 2 0 3.31
0 2 1 -12.33
1 0 2 1.73
0 0 3 -10.6
1 3 6 0.47
0 3 7 -7.16
1 2 6 4.75
0 7 2 -13.27
1 0 5 -0.3
0 0 4 -7.48
1 5 6 3.25
0 7 4 -6.04
1 7 3 -1.18
0 4 6 -9.17
1 1 0 -0.96
0 6 7 -3.16
1 7 5 0.29
0 7 6 -7.68
1 6 2 -1.88
0 5 0 -64
1 6 0 64
0 1 6 -14.0
1 5 7 14.0
0 7 1 -14.0
1 7 7 14.0
0 6 1 -14.0
1 1 7 14.0
0 0 7 -14.0
1 0 6 14.0
0 2 7 -14.0
1 4 7 14.0
0 0 1 -14.0
1 7 0 14.0
0 6 6 -14.0
1 0 0 14.0
0 1 1 -14.0
