1 2 4 26.0
0 2 5 -26.0
1 3 5 26.0
0 2 3 -26.0
1 1 5 26.0
0 5 4 -26.0
1 1 3 26.0
0 1 4 -26.0
1 0 3 26.0
0 0 2 -26.0
1 2 2 26.0
0 0 4 1.51
1 3 2 -4.1
0 4 2 -2.47
1 0 5 1.01
0 0 6 -0.3
1 5 3 -9.23
0 2 6 3.77
1 5 1 -2.79
0 4 1 -2.99
1 2 1 -2.34
0 4 6 -7.1
1 1 2 -1.87
0 4 5 -7.53
1 5 2 0.42
0 3 1 -1.73
1 2 0 -0.27
0 0 1 -7.2
1 3 6 -0.43
0 3 0 -10.56
1 4 0 -3.46
0 6 3 -6.71
1 7 4 -3.2
0 7 3 -0.93
1 6 4 -5.52
0 4 7 -6.12
1 5 6 -3.76
0 5 0 -7.2
1 6 0 4.57
0 6 6 -15.95
1 5 7 0.16
0 5 5 -11.51
1 1 7 1.29
0 6 5 -64
1 7 2 64
0 6 7 -26.0
1 3 7 26.0
0 6 1 -26.0
1 7 0 26.0
0 7 1 -26.0
1 6 2 26.0
0 7 5 -26.0
1 1 6 26.0
0 2 7 -26.0
1 0 7 26.0
1 0 0 26.0
1 7 6 26.0
0 7 7 -26.0
1 1 1 26.0
0 1 0 -26.0
