1 2 4 26.0
0 2 5 -26.0
1 3 5 26.0
0 4 5 -26.0
1 2 6 26.0
0 1 5 -26.0
1 3 6 26.0
0 1 4 -26.0
1 2 3 6.27
0 2 2 -7.83
1 4 2 0.48
0 1 2 -7.53
1 2 1 -2.65
0 3 2 -6.52
1 5 2 -0.04
0 5 4 -5.03
1 0 5 -0.26
0 4 7 -8.2
1 3 1 1.81
0 1 7 -8.72
1 3 7 -3.0
0 2 7 -0.62
1 0 4 -2.3
0 0 3 -5.9
1 0 2 5.63
0 2 0 -14.41
1 1 3 5.53
0 1 1 -12.93
1 5 3 5.33
0 5 5 -7.2
1 6 4 1.3
0 4 0 -11.8
1 6 5 5.34
0 6 1 -9.64
1 5 1 2.88
0 7 4 -18.63
1 7 3 5.62
0 7 2 -10.85
1 0 0 5.64
0 6 3 -7.91
1 7 0 9.12
0 5 6 -21.37
1 4 6 10.54
0 4 1 -64
1 6 2 64
0 7 5 -26.0
1 6 7 26.0
0 5 0 -26.0
1 6 0 26.0
0 7 1 -26.0
1 1 0 26.0
0 5 7 -26.0
1 7 6 26.0
0 7 7 -26.0
1 6 6 26.0
0 0 1 -26.0
1 1 6 26.0
0 0 7 -26.0
1 0 6 26.0
1 3 0 26.0
