1 4 2 -22.0
0 5 4 22.0
1 4 5 -22.0
0 3 2 22.0
1 2 4 -22.0
0 2 3 22.0
1 5 2 -22.0
0 5 3 22.0
1 3 1 -12.71
0 4 1 9.57
1 5 5 -14.17
0 2 1 1.81
1 1 2 -14.63
0 1 3 11.9
1 1 4 -16.57
0 1 5 7.52
1 3 5 -18.2
0 2 5 9.45
1 0 5 -14.95
0 2 6 6.26
1 2 2 -11.48
0 5 6 7.19
1 5 0 -15.84
0 4 6 12.79
1 3 6 -18.91
0 3 7 10.63
1 4 0 -15.45
0 3 0 16.16
1 2 7 -26.38
0 6 0 18.72
1 1 0 -31.16
0 1 7 24.57
1 6 7 -35.41
0 1 6 36.3
1 0 7 -27.77
0 0 6 20.86
1 4 7 -33.86
0 0 3 22.7
1 0 4 -27.41
0 0 2 28.04
1 2 0 -25.81
0 0 0 32.44
1 0 1 -35.14
0 6 2 64
1 6 3 -64
0 5 7 22.0
1 7 2 -22.0
0 6 1 22.0
1 5 1 -22.0
0 7 7 22.0
1 7 0 -22.0
0 7 4 22.0
1 6 4 -22.0
0 7 5 22.0
1 6 5 -22.0
0 1 1 22.0
0 7 1 22.0
0 7 6 22.0
1 6 6 -22.0
0 7 3 22.0
