1 4 2 16.0
0 5 4 -16.0
1 2 5 16.0
0 2 4 -16.0
1 3 5 16.0
0 3 2 -16.0
1 4 5 16.0
0 3 6 -16.0
1 2 6 16.0
0 5 3 -16.0
1 5 5 16.0
0 4 6 -16.0
1 2 3 16.0
0 1 2 -16.0
1 5 7 16.0
0 4 7 -16.0
1 6 4 4.11
0 1 3 -4.11
1 5 2 5.16
0 1 4 -5.16
1 3 7 5.16
0 6 5 -0.44
1 5 6 1.16
0 4 1 -10.86
1 1 5 1.77
0 6 2 -12.43
1 7 5 3.84
0 2 7 -10.85
1 1 7 4.02
0 6 3 -10.7
1 7 2 4.35
0 0 5 -10.8
1 1 6 1.68
0 0 7 -5.39
1 7 1 -0.42
0 7 4 -14.41
1 7 3 3.7
0 6 7 -12.32
1 4 0 1.55
0 6 6 -14.4
1 5 1 8.27
0 6 0 -15.63
1 0 6 2.59
0 3 1 -64
1 2 0 64
0 2 1 -16.0
1 5 0 16.0
0 3 0 -16.0
1 7 0 16.0
0 6 1 -16.0
1 0 2 16.0
0 0 3 -16.0
1 0 1 16.0
0 0 0 -16.0
1 1 1 16.0
0 1 0 -16.0
1 2 2 16.0
1 0 4 16.0
1 7 6 16.0
0 7 7 -16.0
