1 5 3 16.0
0 3 2 -16.0
1 2 4 16.0
0 3 5 -16.0
1 2 3 16.0
0 5 4 -16.0
1 4 5 16.0
0 5 5 -16.0
1 6 4 16.0
0 6 2 -16.0
1 4 2 16.0
0 2 5 -16.0
1 3 6 -12.17
0 6 3 -2.6
1 2 2 -10.47
0 3 1 -2.58
1 5 1 -8.41
0 4 6 -1.84
1 2 6 -12.55
0 7 5 3.02
1 2 0 -8.55
0 4 1 1.82
1 5 0 -8.65
0 6 5 9.3
1 5 7 -10.67
0 1 4 -3.01
1 1 3 -8.82
0 1 5 -5.16
1 0 5 -3.95
0 4 7 -2.09
1 3 7 -0.66
0 0 4 -13.37
1 0 3 3.08
0 1 1 -12.6
1 2 1 10.18
0 0 2 -12.88
1 0 0 11.66
0 3 0 -21.94
1 4 0 9.77
0 0 6 -10.29
1 7 2 -0.57
0 1 2 -13.95
1 0 1 8.2
0 7 3 -64
1 7 4 64
0 7 1 -16.0
1 0 7 16.0
0 1 6 -16.0
1 1 7 16.0
0 2 7 -16.0
1 5 6 16.0
0 1 0 -16.0
1 5 2 16.0
0 6 1 -16.0
1 7 0 16.0
0 6 0 -16.0
1 7 6 16.0
0 6 6 -16.0
1 7 7 16.0
0 6 7 -16.0
