1 5 3 -8.0
0 3 2 8.0
1 2 5 -8.0
0 3 5 8.0
1 2 4 -8.0
0 5 4 8.0
1 5 2 -8.0
0 5 5 8.0
1 4 2 -8.0
0 4 1 8.0
1 5 1 -8.0
0 2 3 8.0
1 1 2 -8.0
0 6 2 8.0
1 4 5 -8.0
0 4 6 8.0
1 5 7 -8.0
0 3 6 8.0
1 4 7 -0.37
0 1 5 0.37
1 2 6 -0.37
0 2 7 0.37
1 6 5 -0.37
0 3 7 0.31
1 6 4 -0.94
0 1 3 0.45
1 1 7 0.46
0 1 4 -0.89
1 0 3 1.69
0 6 6 -3.17
1 5 6 3.92
0 0 4 -3.75
1 2 2 4.16
0 0 2 -3.58
1 7 3 2.99
0 7 4 -2.42
1 6 3 1.1
0 5 0 -0.65
1 3 1 1.01
0 2 1 0.17
1 1 1 -1.36
0 7 6 2.87
1 4 0 -3.96
0 3 0 64
1 6 1 -64
0 0 0 8.0
1 1 0 -8.0
0 2 0 8.0
1 0 1 -8.0
0 7 5 8.0
1 0 6 -8.0
0 0 5 8.0
1 1 6 -8.0
0 0 7 8.0
1 7 7 -8.0
0 6 7 8.0
0 7 0 8.0
1 6 0 -8.0
0 7 1 8.0
1 7 2 -8.0
