1 5 3 0.0
0 5 2 0.0
1 3 5 0.0
0 6 3 0.0
1 4 2 -3.55
0 3 1 3.55
1 7 3 -3.55
0 5 4 1.95
1 4 5 -12.38
0 2 3 -4.16
1 4 1 -8.82
0 2 6 4.38
1 2 0 -9.47
0 6 4 6.14
1 7 4 -15.73
0 7 5 6.59
1 6 2 -16.8
0 2 4 8.12
1 7 6 -8.51
0 7 1 0.51
1 2 5 -5.88
0 5 1 0.15
1 1 4 -6.99
0 5 6 -3.59
1 3 6 -2.37
0 3 0 -3.52
1 1 2 -0.42
0 4 6 -8.43
1 6 5 -5.73
0 5 5 6.26
1 3 2 -7.76
0 1 5 -2.13
1 3 7 -7.46
0 2 7 -7.03
1 2 2 -3.59
0 1 0 -7.48
1 4 7 -2.4
0 0 2 -7.46
1 1 7 -5.1
0 0 4 -1.37
1 0 3 -4.99
0 1 3 -2.15
1 0 5 -7.12
0 6 7 0
1 0 1 0
0 2 1 0.0
1 1 1 0.0
0 6 6 0.0
1 7 7 0.0
0 5 7 0.0
1 5 0 0.0
0 0 7 0.0
1 7 2 0.0
0 0 6 0.0
1 1 6 0.0
0 0 0 0.0
1 7 0 0.0
0 6 0 0.0
1 6 1 0.0
0 4 0 0.0
