1 2 4 -4.0
0 2 5 4.0
1 3 5 -4.0
0 2 3 4.0
1 1 4 -4.0
0 3 6 4.0
1 3 2 -4.0
0 4 5 4.0
1 4 2 -4.0
0 1 3 4.0
1 1 5 -4.0
0 2 2 4.0
1 0 2 -4.0
0 0 4 -5.2
1 5 4 5.38
0 5 3 -5.65
1 5 2 5.24
0 2 1 -4.43
1 0 3 4.8
0 0 1 -6.04
1 0 5 5.63
0 0 6 -5.52
1 1 2 3.63
0 3 1 -2.86
1 4 1 1.13
0 5 0 -0.23
1 4 6 0.34
0 5 7 0.43
1 2 0 -1.69
0 4 0 1.86
1 4 7 -3.35
0 3 7 5.79
1 1 1 -5.79
0 5 6 5.55
1 1 6 -6.34
0 5 1 7.26
1 2 6 -8.92
0 0 0 8.23
1 2 7 -8.44
0 6 2 8.93
1 7 2 -10.02
0 6 3 8.23
1 7 3 -8.18
0 6 4 64
1 5 5 -64
0 6 5 4.0
1 7 6 -4.0
0 0 7 4.0
1 1 7 -4.0
0 7 4 4.0
1 3 0 -4.0
0 1 0 4.0
1 7 5 -4.0
0 6 6 4.0
1 7 7 -4.0
0 6 7 4.0
1 6 0 -4.0
0 7 0 4.0
1 6 1 -4.0
0 7 1 4.0
