1 2 4 -8.0
0 4 5 8.0
1 5 2 -8.0
0 4 2 8.0
1 5 3 -8.0
0 2 3 8.0
1 5 4 -8.0
0 6 2 8.0
1 5 1 -8.0
0 3 2 8.0
1 4 1 -8.0
0 5 5 8.0
1 6 3 -8.0
0 2 5 8.0
1 6 4 -8.0
0 3 5 8.0
1 2 1 -8.0
0 2 2 0.79
1 5 6 -1.39
0 7 5 1.43
1 7 4 -3.01
0 7 3 3.49
1 4 6 -4.65
0 6 5 4.83
1 1 5 -3.73
0 3 1 3.38
1 1 3 -3.73
0 3 7 4.15
1 4 7 -4.52
0 3 6 4.3
1 2 7 -3.72
0 1 2 4.81
1 1 4 -4.06
0 2 0 4.42
1 3 0 -4.46
0 2 6 4.8
1 1 0 -5.84
0 0 2 7.28
1 0 4 -6.19
0 1 1 6.07
1 7 2 -5.37
0 4 0 5.93
1 5 0 -4.47
0 7 1 64
1 6 6 -64
0 0 3 8.0
1 0 5 -8.0
0 6 1 8.0
1 1 6 -8.0
0 0 7 8.0
1 0 6 -8.0
0 1 7 8.0
1 6 0 -8.0
0 7 0 8.0
1 0 0 -8.0
0 0 1 8.0
0 6 7 8.0
1 7 7 -8.0
0 5 7 8.0
1 7 6 -8.0
