1 4 2 4.0
0 5 4 -4.0
1 2 5 4.0
0 2 4 -4.0
1 3 5 4.0
0 3 2 -4.0
1 5 2 4.0
0 2 2 -4.0
1 5 3 4.0
0 6 3 -4.0
1 6 2 4.0
0 4 5 -4.0
1 5 6 4.0
0 4 1 -4.0
1 2 3 2.59
0 7 2 1.23
1 4 0 -1.23
0 5 0 1.23
1 6 0 -1.23
0 1 3 1.23
1 3 1 -1.23
0 1 4 1.23
1 5 5 0.05
0 5 1 0.44
1 6 4 -1.33
0 2 6 2.36
1 3 6 -2.51
0 7 5 3.98
1 1 5 -3.46
0 6 5 2.07
1 2 1 -1.63
0 1 2 2.38
1 0 5 -3.3
0 0 4 3.95
1 2 7 -3.32
0 4 6 3.82
1 0 3 -3.34
0 5 7 2.38
1 7 4 -3.17
0 7 3 4.73
1 4 7 -4.24
0 0 1 4.27
1 0 6 -3.36
0 1 1 -64
1 3 0 64
0 2 0 -4.0
1 0 0 4.0
0 0 2 -4.0
1 1 0 4.0
0 3 7 -4.0
1 6 7 4.0
0 1 6 -4.0
1 7 1 4.0
0 6 6 -4.0
1 7 7 4.0
0 7 6 -4.0
1 1 7 4.0
0 0 7 -4.0
1 6 1 4.0
0 7 0 -4.0
