1 4 2 -8.0
0 5 2 8.0
1 5 3 -8.0
0 3 2 8.0
1 4 1 -8.0
0 5 4 8.0
1 6 3 -8.0
0 5 1 8.0
1 4 5 -8.0
0 3 5 8.0
1 2 2 -8.0
0 4 0 8.0
1 6 2 -8.0
0 3 1 8.0
1 5 0 -8.0
0 6 0 8.0
1 2 4 0.55
0 2 5 -0.55
1 2 3 0.55
0 6 4 -0.55
1 2 1 0.55
0 1 2 -0.55
1 1 1 1.11
0 1 3 0.16
1 3 0 -0.13
0 2 0 0.34
1 0 3 -0.72
0 0 4 2.2
1 0 5 -3.61
0 1 4 3.18
1 0 2 -2.91
0 5 6 2.6
1 7 5 -1.13
0 5 5 -0.07
1 1 5 1.07
0 0 0 -0.27
1 1 0 -0.49
0 0 1 3.31
1 7 0 -2.02
0 7 4 -0.87
1 7 3 0.63
0 6 1 0.27
1 2 6 -0.61
0 0 6 64
1 1 6 -64
0 4 6 8.0
1 3 6 -8.0
0 4 7 8.0
1 7 1 -8.0
0 7 2 8.0
1 6 5 -8.0
0 6 6 8.0
1 2 7 -8.0
0 3 7 8.0
1 6 7 -8.0
0 7 7 8.0
1 7 6 -8.0
0 5 7 8.0
1 1 7 -8.0
0 0 7 8.0
