1 5 3 -2.0
0 3 2 2.0
1 2 5 -2.0
0 3 5 2.0
1 2 4 -2.0
0 5 4 2.0
1 5 2 -2.0
0 5 5 2.0
1 4 2 -2.0
0 4 1 2.0
1 3 1 -2.0
0 6 2 2.0
1 6 3 -2.0
0 2 3 2.0
1 1 2 -2.0
0 3 0 0.63
1 2 2 -0.63
0 2 1 3.78
1 2 0 -6.4
0 1 3 5.69
1 0 4 -6.62
0 4 5 6.01
1 5 1 -5.97
0 1 0 6.21
1 1 4 -6.44
0 2 6 6.63
1 1 5 -5.88
0 5 0 7.42
1 4 6 -9.52
0 0 2 11.63
1 3 6 -12.38
0 4 0 13.52
1 3 7 -13.8
0 5 6 13.74
1 6 7 -13.45
0 0 3 13.06
1 6 1 -12.17
0 7 4 10.13
1 7 3 -8.95
0 5 7 7.84
1 4 7 -7.88
0 6 4 9.56
1 0 1 -10.2
0 0 6 64
1 7 5 -64
0 0 5 2.0
1 0 7 -2.0
0 1 6 2.0
1 6 5 -2.0
0 6 6 2.0
1 6 0 -2.0
0 7 0 2.0
1 7 1 -2.0
0 7 2 2.0
1 1 7 -2.0
0 7 6 2.0
1 7 7 -2.0
0 1 1 2.0
1 0 0 -2.0
1 2 7 -2.0
