1 2 4 -8.0
0 4 5 8.0
1 5 4 -8.0
0 2 3 8.0
1 3 2 -8.0
0 5 5 8.0
1 4 2 -8.0
0 2 5 8.0
1 3 5 -8.0
0 4 6 8.0
1 3 6 -8.0
0 4 7 8.0
1 5 3 -0.61
0 5 6 3.56
1 2 7 -5.9
0 2 2 4.21
1 6 5 -2.66
0 6 4 2.66
1 7 5 -4.03
0 7 3 4.48
1 5 7 -6.3
0 3 7 7.15
1 7 4 -7.78
0 7 6 7.0
1 1 4 -7.16
0 0 3 6.31
1 2 6 -7.52
0 1 3 9.06
1 0 5 -9.41
0 0 4 8.45
1 0 2 -7.43
0 6 2 7.12
1 1 5 -7.09
0 6 6 6.8
1 1 2 -7.42
0 5 2 6.72
1 6 3 -7.98
0 1 6 9.74
1 7 1 -8.88
0 1 7 9.65
1 7 7 -9.44
0 7 2 8.98
1 6 7 -9.56
0 7 0 64
1 5 1 -64
0 4 1 8.0
1 5 0 -8.0
0 3 0 8.0
1 3 1 -8.0
0 2 1 8.0
1 0 7 -8.0
0 2 0 8.0
1 6 1 -8.0
0 0 6 8.0
1 4 0 -8.0
0 6 0 8.0
1 1 0 -8.0
0 1 1 8.0
1 0 1 -8.0
0 0 0 8.0
