1 4 2 10.0
0 5 4 -10.0
1 3 5 10.0
0 3 2 -10.0
1 4 5 10.0
0 2 4 -10.0
1 5 3 2.33
0 5 2 -2.08
1 6 3 1.48
0 6 5 -1.73
1 5 5 1.64
0 2 3 -1.87
1 5 1 1.84
0 3 6 -1.73
1 4 1 1.2
0 6 4 -1.63
1 2 1 2.94
0 7 2 -2.91
1 7 4 3.66
0 6 2 -2.76
1 2 2 2.43
0 4 6 -2.9
1 1 3 2.79
0 5 6 -2.5
1 1 5 3.32
0 5 0 -5.74
1 2 5 8.22
0 4 0 -9.95
1 7 3 11.2
0 3 1 -11.52
1 7 1 12.07
0 1 2 -13.21
1 3 0 13.91
0 2 0 -12.66
1 2 6 13.57
0 0 4 -15.93
1 0 3 17.44
0 1 4 -17.99
1 0 5 18.31
0 6 1 -16.39
1 6 7 14.46
0 5 7 -11.88
1 2 7 11.09
0 4 7 -64
1 7 0 64
0 6 0 -10.0
1 1 0 10.0
0 7 7 -10.0
1 0 2 10.0
0 1 1 -10.0
1 0 1 10.0
0 0 0 -10.0
1 1 6 10.0
0 0 7 -10.0
1 0 6 10.0
0 1 7 -10.0
1 3 7 10.0
0 7 5 -10.0
1 7 6 10.0
0 6 6 -10.0
