1 2 4 -4.0
0 4 5 4.0
1 5 4 -4.0
0 2 3 4.0
1 3 2 -4.0
0 5 5 4.0
1 4 2 -4.0
0 2 5 4.0
1 3 5 -4.0
0 4 6 4.0
1 1 2 -4.0
0 5 3 4.0
1 6 3 -4.0
0 6 2 4.0
1 6 5 -4.0
0 5 2 4.0
1 6 4 -4.0
0 7 5 4.0
1 1 5 -0.45
0 0 5 1.52
1 5 6 -3.82
0 5 7 3.96
1 3 6 -3.27
0 2 7 2.31
1 2 6 -3.52
0 7 2 4.25
1 4 7 -3.51
0 7 3 2.13
1 6 7 -1.63
0 1 3 1.6
1 2 2 -1.61
0 1 4 1.66
1 6 6 -3.4
0 1 7 4.81
1 7 4 -4.14
0 7 7 4.01
1 7 6 -2.52
0 3 7 1.85
1 4 1 -2.52
0 2 1 1.94
1 3 0 -2.09
0 2 0 1.52
1 3 1 0.52
0 1 6 64
1 6 1 -64
0 0 2 4.0
1 0 4 -4.0
0 0 3 4.0
1 0 7 -4.0
0 0 6 4.0
1 0 1 -4.0
0 1 1 4.0
1 1 0 -4.0
0 6 0 4.0
1 7 0 -4.0
0 4 0 4.0
1 5 0 -4.0
0 5 1 4.0
1 7 1 -4.0
