1 4 2 8.0
0 5 4 -8.0
1 2 5 8.0
0 2 4 -8.0
1 3 5 8.0
0 3 2 -8.0
1 4 5 8.0
0 2 6 -8.0
1 1 5 8.0
0 0 4 -8.0
1 2 7 4.95
0 3 6 -4.95
1 5 5 4.95
0 5 3 -4.95
1 2 3 4.95
0 1 3 -5.0
1 1 2 4.67
0 4 6 -4.41
1 1 4 3.41
0 0 5 -3.75
1 5 7 4.23
0 2 2 -4.41
1 0 3 3.67
0 0 2 -2.16
1 5 6 2.09
0 4 7 -2.84
1 3 7 3.19
0 5 2 -3.18
1 6 4 3.55
0 6 3 -4.55
1 7 2 5.74
0 7 3 -6.52
1 7 4 6.73
0 7 5 -6.2
1 7 6 7.48
0 1 6 -8.45
1 6 2 8.02
0 6 5 -7.51
1 5 1 6.53
0 1 7 -6.37
1 3 1 6.92
0 3 0 -7.54
1 0 7 7.84
0 0 6 -64
1 6 6 64
0 4 1 -8.0
1 4 0 8.0
0 5 0 -8.0
1 0 1 8.0
0 1 1 -8.0
1 0 0 8.0
0 2 1 -8.0
1 2 0 8.0
0 1 0 -8.0
1 6 0 8.0
0 7 7 -8.0
1 6 7 8.0
0 7 1 -8.0
1 6 1 8.0
0 7 0 -8.0
