1 2 4 2.0
0 2 5 -2.0
1 3 5 2.0
0 4 5 -2.0
1 5 4 2.0
0 3 2 -2.0
1 2 2 2.0
0 2 3 -2.0
1 4 6 -3.88
0 5 3 3.88
1 5 2 -4.86
0 5 5 5.16
1 3 6 -5.63
0 5 6 7.03
1 4 2 -6.46
0 4 7 6.79
1 6 4 -7.59
0 5 7 7.9
1 1 3 -7.93
0 6 5 8.8
1 1 4 -8.02
0 1 2 6.85
1 2 6 -5.61
0 3 1 4.01
1 4 1 -3.32
0 7 4 3.41
1 2 1 -4.95
0 0 4 5.48
1 0 5 -5.15
0 0 2 5.9
1 3 7 -5.77
0 2 7 5.02
1 1 5 -5.27
0 0 3 4.38
1 0 1 -3.63
0 6 3 2.94
1 6 2 -2.75
0 5 1 1.56
1 7 3 -3.57
0 4 0 3.52
1 3 0 -2.98
0 5 0 2.72
1 1 6 -2.45
0 6 1 -64
1 6 0 64
0 0 7 -2.0
1 7 5 2.0
0 1 0 -2.0
1 1 1 2.0
0 6 6 -2.0
1 7 6 2.0
0 0 0 -2.0
1 2 0 2.0
0 7 0 -2.0
1 7 7 2.0
0 6 7 -2.0
1 7 2 2.0
0 7 1 -2.0
1 0 6 2.0
0 1 7 -2.0
