1 2 4 10.0
0 4 5 -10.0
1 5 2 10.0
0 4 2 -10.0
1 5 3 10.0
0 2 3 -10.0
1 5 4 10.0
0 6 2 -10.0
1 5 1 10.0
0 3 5 -10.0
1 5 5 10.0
0 6 3 -10.0
1 6 4 10.0
0 4 1 -10.0
1 3 2 10.0
0 7 5 -10.0
1 5 0 10.0
0 1 3 -10.0
1 7 4 10.0
0 2 2 0.4
1 2 1 1.06
0 2 0 -3.09
1 3 1 1.83
0 3 0 -1.57
1 4 6 0.85
0 7 3 -0.83
1 1 5 -1.43
0 2 5 0.68
1 1 4 -0.14
0 5 6 -0.04
1 0 2 -2.01
0 1 2 2.77
1 4 0 -1.8
0 6 0 1.63
1 5 7 -2.05
0 6 5 0.56
1 6 6 -1.05
0 3 7 0.72
1 4 7 -0.54
0 7 7 0.7
1 2 7 0.13
0 6 7 -1.47
1 1 6 2.95
0 0 3 -64
1 0 4 64
0 3 6 -10.0
1 2 6 10.0
0 0 5 -10.0
1 0 6 10.0
0 0 7 -10.0
1 1 7 10.0
0 1 1 -10.0
1 1 0 10.0
0 0 1 -10.0
1 7 0 10.0
0 0 0 -10.0
1 7 1 10.0
0 6 1 -10.0
1 7 2 10.0
1 7 6 10.0
