1 5 3 -2.0
0 3 2 2.0
1 2 3 -2.0
0 5 4 2.0
1 4 5 -2.0
0 2 2 2.0
1 3 5 -2.0
0 5 2 2.0
1 4 2 -2.0
0 3 1 2.0
1 4 1 -2.0
0 2 1 2.0
1 2 4 -2.0
0 5 5 2.0
1 1 2 -2.0
0 1 3 6.7
1 1 4 -8.16
0 3 0 7.3
1 5 0 -7.84
0 4 0 8.27
1 6 4 -9.19
0 7 3 9.88
1 5 6 -9.62
0 0 2 8.56
1 6 3 -7.82
0 7 4 6.63
1 2 0 -7.2
0 0 3 8.15
1 6 2 -8.17
0 7 2 7.4
1 0 4 -6.79
0 6 5 5.52
1 5 1 -4.25
0 5 7 5.37
1 6 6 -4.73
0 2 6 4.95
1 7 6 -4.96
0 2 5 5.26
1 0 5 -6.13
0 1 5 6.71
1 0 1 -6.24
0 3 6 3.72
1 4 6 -2.47
0 4 7 64
1 2 7 -64
0 1 1 2.0
1 7 5 -2.0
0 7 7 2.0
1 6 7 -2.0
0 3 7 2.0
1 0 6 -2.0
0 1 6 2.0
1 6 1 -2.0
0 7 0 2.0
1 7 1 -2.0
0 6 0 2.0
1 0 0 -2.0
0 1 0 2.0
1 0 7 -2.0
0 1 7 2.0
