1 4 2 -8.0
0 5 4 8.0
1 2 5 -8.0
0 2 4 8.0
1 3 5 -8.0
0 3 2 8.0
1 4 5 -8.0
0 2 6 8.0
1 1 5 -8.0
0 2 3 8.0
1 1 4 -8.0
0 5 5 8.0
1 3 6 -8.0
0 2 7 8.0
1 3 1 -8.0
0 2 2 8.0
1 5 3 -8.0
0 6 2 8.0
1 4 6 -8.0
0 5 6 3.59
1 1 3 -3.59
0 0 5 4.03
1 5 7 -2.09
0 4 7 1.1
1 6 3 -0.68
0 0 4 0.08
1 6 4 -1.3
0 7 3 2.16
1 3 7 -2.73
0 6 7 3.98
1 0 3 -3.67
0 7 2 5.02
1 6 5 -6.05
0 7 4 5.81
1 0 6 -5.17
0 5 2 6.08
1 6 6 -8.85
0 0 2 8.16
1 0 1 -7.42
0 5 1 8.27
1 7 6 -9.23
0 7 7 10.38
1 7 5 -7.95
0 1 6 64
1 6 0 -64
0 5 0 8.0
1 4 0 -8.0
0 4 1 8.0
1 1 2 -8.0
0 3 0 8.0
1 2 0 -8.0
0 2 1 8.0
1 6 1 -8.0
0 7 0 8.0
1 7 1 -8.0
0 1 1 8.0
1 1 0 -8.0
0 0 0 8.0
1 0 7 -8.0
0 1 7 8.0
