1 4 2 8.0
0 5 4 -8.0
1 3 5 8.0
0 4 1 -8.0
1 5 5 8.0
0 2 4 -8.0
1 5 3 8.0
0 4 5 -8.0
1 3 6 2.57
0 6 2 -4.48
1 5 2 4.52
0 6 3 -3.77
1 2 3 2.34
0 2 5 -2.63
1 3 2 2.31
0 6 4 -1.74
1 6 5 1.99
0 5 6 -1.88
1 7 3 0.91
0 7 2 -0.91
1 7 5 2.19
0 2 6 -3.07
1 3 1 2.32
0 3 7 -2.88
1 4 0 3.62
0 4 6 -4.15
1 1 4 4.43
0 0 4 -4.9
1 7 4 4.45
0 7 6 -4.24
1 0 5 4.24
0 0 6 -5.37
1 1 5 5.01
0 5 1 -6.91
1 2 7 7.65
0 1 7 -7.1
1 5 0 6.77
0 2 1 -5.42
1 2 2 4.8
0 3 0 -4.28
1 6 1 4.48
0 1 2 -4.27
1 1 3 3.14
0 2 0 -64
1 0 2 64
0 1 6 -8.0
1 0 7 8.0
0 0 3 -8.0
1 4 7 8.0
0 1 1 -8.0
1 0 0 8.0
0 5 7 -8.0
1 6 7 8.0
0 6 0 -8.0
1 0 1 8.0
0 1 0 -8.0
1 7 0 8.0
0 7 1 -8.0
1 7 7 8.0
0 6 6 -8.0
