1 2 4 -12.0
0 4 5 12.0
1 5 2 -12.0
0 4 2 12.0
1 5 3 -12.0
0 2 3 12.0
1 2 5 -12.0
0 1 4 12.0
1 3 5 -12.0
0 5 4 12.0
1 3 2 -12.0
0 2 2 2.59
1 1 3 -2.96
0 3 1 4.03
1 4 1 -4.45
0 2 1 5.24
1 1 2 -6.17
0 5 0 6.34
1 5 6 -7.68
0 1 5 8.2
1 0 3 -7.57
0 0 2 7.88
1 5 5 -7.34
0 0 4 7.5
1 0 6 -7.88
0 4 6 7.48
1 2 6 -6.7
0 5 1 6.59
1 3 7 -5.17
0 6 5 4.53
1 6 4 -6.53
0 7 4 6.95
1 4 0 -6.57
0 3 6 6.39
1 3 0 -6.71
0 6 3 7.47
1 2 0 -6.59
0 1 0 5.52
1 6 2 -5.02
0 7 3 5.19
1 7 1 -4.34
0 6 6 5.13
1 7 2 -7.88
0 1 1 64
1 7 5 -64
0 5 7 12.0
1 4 7 -12.0
0 0 5 12.0
1 1 6 -12.0
0 0 7 12.0
1 6 1 -12.0
0 2 7 12.0
1 1 7 -12.0
0 7 0 12.0
1 6 0 -12.0
0 7 6 12.0
1 0 0 -12.0
0 0 1 12.0
1 7 7 -12.0
0 6 7 12.0
