1 4 2 -4.0
0 5 2 4.0
1 5 3 -4.0
0 3 2 4.0
1 4 1 -4.0
0 5 4 4.0
1 6 2 -4.0
0 3 1 4.0
1 2 2 -4.0
0 4 0 4.0
1 5 0 -4.0
0 6 0 4.0
1 4 5 -4.0
0 5 1 1.21
1 6 4 -1.21
0 2 3 1.6
1 2 1 -1.19
0 7 2 -0.54
1 6 3 0.63
0 7 3 -0.48
1 3 0 -0.05
0 2 0 0.06
1 2 4 -1.59
0 1 5 3.36
1 1 2 -4.88
0 1 4 6.8
1 2 5 -8.15
0 0 3 7.84
1 0 2 -6.49
0 7 5 6.8
1 0 4 -6.86
0 6 5 6.36
1 0 5 -6.83
0 5 5 6.82
1 7 4 -7.45
0 4 6 8.87
1 3 6 -8.23
0 1 3 8.02
1 6 1 -8.07
0 5 6 7.79
1 3 5 -8.31
0 7 0 6.95
1 7 1 -6.66
0 2 7 64
1 3 7 -64
0 4 7 4.0
1 1 1 -4.0
0 0 1 4.0
1 0 0 -4.0
0 1 0 4.0
1 5 7 -4.0
0 6 7 4.0
1 6 6 -4.0
0 2 6 4.0
1 1 6 -4.0
0 0 7 4.0
1 1 7 -4.0
0 0 6 4.0
1 7 7 -4.0
0 7 6 4.0
