1 2 4 8.0
0 2 5 -8.0
1 3 5 8.0
0 4 5 -8.0
1 3 6 8.0
0 1 4 -8.0
1 1 5 8.0
0 3 7 -8.0
1 4 6 8.0
0 2 6 -8.0
1 5 4 8.0
0 5 5 -8.0
1 5 6 8.0
0 2 3 0.4
1 2 2 -0.4
0 5 3 0.2
1 1 2 -1.06
0 4 2 1.37
1 0 5 0.14
0 1 3 -0.34
1 2 7 2.21
0 3 1 -4.73
1 0 2 4.39
0 1 7 -4.45
1 4 7 5.46
0 1 6 -6.52
1 2 1 5.53
0 6 3 -5.43
1 6 4 5.15
0 2 0 -3.47
1 4 0 2.95
0 0 3 -4.99
1 0 4 4.1
0 3 2 -3.83
1 5 1 3.87
0 7 5 -3.93
1 6 2 4.21
0 3 0 -4.32
1 4 1 4.06
0 5 0 -4.21
1 5 2 4.98
0 7 2 -6.03
1 0 1 6.7
0 6 5 -64
1 6 6 64
0 7 7 -8.0
1 6 1 8.0
0 7 0 -8.0
1 7 6 8.0
0 6 0 -8.0
1 1 0 8.0
0 5 7 -8.0
1 6 7 8.0
0 7 4 -8.0
1 0 7 8.0
0 0 0 -8.0
1 1 1 8.0
0 0 6 -8.0
1 7 3 8.0
1 7 1 8.0
