1 5 3 8.0
0 3 2 -8.0
1 2 3 8.0
0 5 4 -8.0
1 4 5 8.0
0 2 2 -8.0
1 3 5 8.0
0 5 2 -8.0
1 4 2 8.0
0 5 5 -2.14
1 2 4 3.11
0 3 1 -0.3
1 5 1 -2.34
0 4 1 2.6
1 6 4 -2.2
0 6 5 1.93
1 6 3 -1.5
0 7 3 1.8
1 7 4 -2.26
0 7 5 2.45
1 6 2 -2.22
0 5 0 1.98
1 6 1 -1.13
0 1 3 0.52
1 5 6 -0.86
0 7 0 -0.27
1 7 2 0.16
0 7 1 -0.43
1 1 2 1.0
0 0 2 -1.39
1 2 1 1.68
0 3 0 -1.94
1 0 3 2.65
0 0 4 -2.29
1 1 1 3.91
0 1 5 -5.26
1 2 5 4.84
0 5 7 -6.5
1 0 1 7.09
0 0 0 -6.52
1 1 4 5.98
0 0 5 -6.31
1 4 0 7.69
0 4 6 -64
1 3 6 64
0 2 7 -8.0
1 1 6 8.0
0 0 6 -8.0
1 3 7 8.0
0 2 0 -8.0
1 1 0 8.0
0 0 7 -8.0
1 4 7 8.0
0 2 6 -8.0
1 6 0 8.0
1 7 6 8.0
0 7 7 -8.0
1 1 7 8.0
0 6 6 -8.0
1 6 7 8.0
