1 2 4 -2.0
0 4 5 2.0
1 5 4 -2.0
0 2 3 2.0
1 3 2 -2.0
0 5 5 2.0
1 3 5 -2.0
0 4 2 2.0
1 5 3 -2.0
0 2 2 2.0
1 4 6 3.95
0 1 5 -1.43
1 1 4 1.04
0 2 5 -0.05
1 1 2 -1.04
0 0 4 0.56
1 1 3 0.41
0 3 6 -0.88
1 5 1 0.54
0 3 7 -1.74
1 4 1 1.72
0 3 1 0.06
1 2 6 -1.27
0 2 7 0.32
1 2 0 1.27
0 3 0 -0.55
1 2 1 1.13
0 1 0 -0.01
1 0 6 0.15
0 6 5 -0.74
1 5 6 0.45
0 5 2 -1.13
1 5 0 1.77
0 6 3 -2.16
1 4 7 0.47
0 0 2 0.41
1 0 3 1.07
0 0 5 -0.51
1 1 6 -1.11
0 0 7 1.35
1 1 7 -1.05
0 6 6 1.21
1 6 7 -2.49
0 5 7 64
1 7 7 -64
0 6 4 2.0
1 7 6 -2.0
0 7 4 2.0
1 7 2 -2.0
0 7 3 2.0
1 7 5 -2.0
0 6 2 2.0
1 6 1 -2.0
0 4 0 2.0
1 0 0 -2.0
0 6 0 2.0
1 7 0 -2.0
0 7 1 2.0
1 0 1 -2.0
0 1 1 2.0
