1 4 2 -16.0
0 5 4 16.0
1 4 5 -16.0
0 3 2 16.0
1 2 4 -16.0
0 2 3 16.0
1 3 1 -16.0
0 4 1 16.0
1 2 2 -4.68
0 3 5 5.42
1 5 3 -5.62
0 5 2 6.69
1 6 3 -6.74
0 1 5 6.84
1 2 1 -6.51
0 1 3 7.13
1 5 0 -6.89
0 1 2 7.18
1 5 1 -7.41
0 5 6 7.84
1 4 6 -8.71
0 5 5 8.55
1 6 4 -9.23
0 5 7 8.59
1 3 6 -8.57
0 3 0 8.02
1 1 0 -7.45
0 6 2 6.05
1 7 2 -5.34
0 4 0 4.95
1 2 0 -4.84
0 2 5 4.55
1 4 7 -5.54
0 6 5 6.53
1 1 4 -7.27
0 2 7 8.86
1 3 7 -8.87
0 0 5 8.91
1 0 2 -10.42
0 2 6 10.35
1 0 4 -11.34
0 7 3 10.38
1 0 6 -10.27
0 0 3 64
1 1 6 -64
0 0 7 16.0
1 1 7 -16.0
0 0 1 16.0
1 7 5 -16.0
0 7 4 16.0
1 6 6 -16.0
0 7 6 16.0
1 7 7 -16.0
0 6 7 16.0
1 1 1 -16.0
0 7 1 16.0
1 7 0 -16.0
0 0 0 16.0
1 6 1 -16.0
0 6 0 16.0
