1 5 3 4.0
0 3 2 -4.0
1 2 3 4.0
0 5 4 -4.0
1 4 5 4.0
0 2 2 -4.0
1 3 5 4.0
0 5 2 -4.0
1 4 2 4.0
0 3 1 -4.0
1 6 5 4.0
0 2 4 -4.0
1 6 3 4.0
0 2 5 -4.0
1 5 1 4.0
0 3 6 -4.0
1 4 1 4.0
0 5 6 -4.0
1 4 7 4.0
0 5 5 -4.0
1 2 0 -7.71
0 7 5 7.1
1 7 4 -6.03
0 6 4 5.73
1 7 6 -7.11
0 7 2 7.32
1 2 1 -5.9
0 6 2 5.81
1 4 6 -4.63
0 3 7 5.28
1 6 6 -3.88
0 5 7 0.29
1 6 7 0.32
0 3 0 0.28
1 4 0 -1.9
0 7 7 2.24
1 7 3 -1.79
0 6 0 0.77
1 1 2 1.85
0 1 3 -3.79
1 0 3 4.29
0 0 4 -5.43
1 0 5 6.87
0 6 1 -64
1 5 0 64
0 0 1 -4.0
1 7 0 4.0
0 7 1 -4.0
1 1 1 4.0
0 0 0 -4.0
1 1 4 4.0
0 1 0 -4.0
1 2 6 4.0
0 1 5 -4.0
1 2 7 4.0
0 1 6 -4.0
1 0 6 4.0
0 0 7 -4.0
1 0 2 4.0
0 1 7 -4.0
