1 5 3 6.0
0 3 2 -6.0
1 2 4 6.0
0 3 5 -6.0
1 2 5 6.0
0 5 4 -6.0
1 2 3 6.0
0 1 4 -6.0
1 1 3 6.0
0 2 2 -6.0
1 1 5 6.0
0 4 2 -6.0
1 4 5 -4.52
0 0 2 4.52
1 5 2 -5.13
0 6 3 5.25
1 3 1 -4.69
0 0 5 4.91
1 2 1 -4.73
0 4 1 3.64
1 5 5 -3.16
0 1 2 1.66
1 6 5 -0.88
0 6 4 1.7
1 5 0 -2.2
0 2 6 0.84
1 3 6 -0.2
0 4 7 0.26
1 3 7 -1.21
0 2 7 1.13
1 4 6 -1.83
0 0 6 3.29
1 7 2 -5.11
0 7 3 4.87
1 1 1 -4.84
0 5 7 5.76
1 5 1 -6.45
0 6 2 5.64
1 7 4 -6.94
0 5 6 9.83
1 6 1 -11.98
0 7 0 10.98
1 0 4 -11.52
0 0 3 -64
1 6 6 64
0 7 1 -6.0
1 6 0 6.0
0 4 0 -6.0
1 3 0 6.0
0 0 0 -6.0
1 0 1 6.0
0 1 0 -6.0
1 2 0 6.0
0 7 7 -6.0
1 0 7 6.0
0 7 5 -6.0
1 7 6 6.0
1 6 7 6.0
1 1 7 6.0
0 1 6 -6.0
