1 4 2 12.0
0 5 4 -12.0
1 2 5 12.0
0 2 4 -12.0
1 3 5 12.0
0 3 2 -12.0
1 4 5 12.0
0 2 6 -12.0
1 1 4 12.0
0 2 3 -12.0
1 3 6 -3.99
0 3 7 2.7
1 1 5 -3.28
0 1 3 2.02
1 3 1 -1.62
0 5 5 2.6
1 2 2 -2.78
0 0 5 2.8
1 2 7 -2.98
0 1 7 2.53
1 4 6 -2.65
0 1 2 4.11
1 0 4 -5.59
0 0 3 5.81
1 0 1 -5.01
0 5 3 4.23
1 5 2 -4.33
0 4 7 5.1
1 6 3 -3.68
0 6 2 1.32
1 6 4 -2.16
0 7 4 3.18
1 7 5 -2.69
0 7 6 3.2
1 5 6 -3.44
0 2 1 5.36
1 7 2 -5.98
0 3 0 6.14
1 1 1 -6.3
0 5 1 6.51
1 5 0 -5.5
0 0 0 2.95
1 0 2 -1.37
0 6 1 -64
1 5 7 64
0 6 7 -12.0
1 1 6 12.0
0 6 0 -12.0
1 7 0 12.0
0 6 5 -12.0
1 4 0 12.0
0 2 0 -12.0
1 1 0 12.0
0 4 1 -12.0
1 7 3 12.0
0 0 7 -12.0
1 0 6 12.0
0 7 1 -12.0
1 7 7 12.0
1 6 6 12.0
