1 5 3 12.0
0 3 2 -12.0
1 2 5 12.0
0 3 5 -12.0
1 2 4 12.0
0 5 4 -12.0
1 5 2 12.0
0 5 5 -12.0
1 4 2 12.0
0 4 1 -12.0
1 3 1 12.0
0 6 2 -12.0
1 6 3 12.0
0 5 1 -12.0
1 4 0 12.0
0 7 2 -12.0
1 3 6 -2.73
0 2 3 2.73
1 2 2 12.0
0 2 0 -12.0
1 2 1 -0.3
0 1 3 0.3
1 1 2 -0.3
0 1 4 2.18
1 6 4 -2.18
0 5 0 2.18
1 6 0 -0.65
0 6 5 -0.29
1 4 5 0.08
0 2 6 0.77
1 0 5 -0.7
0 0 4 0.6
1 0 3 -0.72
0 3 7 -0.61
1 1 5 0.24
0 4 6 0.8
1 6 1 -0.53
0 3 0 -1.15
1 1 0 1.42
0 0 1 -4.85
1 0 2 7.48
0 0 6 -6.22
1 7 4 7.76
0 7 3 -64
1 7 1 64
0 1 1 -12.0
1 1 7 12.0
0 2 7 -12.0
1 4 7 12.0
0 5 6 -12.0
1 0 0 12.0
0 7 0 -12.0
1 0 7 12.0
0 7 5 -12.0
1 5 7 12.0
0 1 6 -12.0
1 7 6 12.0
0 7 7 -12.0
0 6 7 -12.0
1 6 6 12.0
