1 5 3 -4.0
0 3 2 4.0
1 2 5 -4.0
0 6 3 4.0
1 2 2 -4.0
0 1 2 4.0
1 5 2 -4.0
0 4 1 -1.37
1 6 2 0.26
0 2 3 0.14
1 4 2 -0.19
0 5 1 -0.02
1 3 1 0.41
0 2 1 -0.45
1 3 0 -0.14
0 2 4 0.18
1 1 3 0.38
0 0 2 0.52
1 2 0 -0.34
0 1 4 -0.7
1 1 5 2.05
0 3 5 -3.04
1 5 5 2.19
0 2 6 -2.22
1 0 3 1.84
0 0 4 -1.96
1 5 0 1.67
0 4 0 -1.33
1 4 5 0.62
0 5 4 -0.72
1 7 2 -0.53
0 6 4 1.35
1 7 5 -1.66
0 3 6 2.41
1 4 6 -2.43
0 5 7 1.71
1 0 5 -0.16
0 0 6 -0.73
1 1 1 0.97
0 7 3 -1.92
1 7 4 1.59
0 6 5 -0.34
1 7 1 -0.18
0 5 6 64
1 7 6 -64
0 0 0 4.0
1 0 1 -4.0
0 1 6 4.0
1 6 1 -4.0
0 7 0 4.0
1 6 0 -4.0
0 1 0 4.0
1 0 7 -4.0
0 1 7 4.0
1 3 7 -4.0
0 2 7 4.0
1 6 6 -4.0
0 7 7 4.0
1 4 7 -4.0
0 6 7 4.0
