1 2 4 2.0
0 2 5 -2.0
1 3 5 2.0
0 4 5 -2.0
1 2 6 2.0
0 2 3 -2.0
1 5 4 2.0
0 5 5 -2.0
1 3 6 -4.66
0 5 3 3.34
1 2 2 -3.24
0 1 4 3.41
1 1 3 -2.55
0 3 2 2.09
1 1 2 -0.91
0 4 6 -0.8
1 5 7 2.72
0 1 5 -3.85
1 0 5 5.34
0 0 4 -3.96
1 5 6 2.31
0 2 1 -0.61
1 0 3 1.71
0 0 2 -3.78
1 0 1 3.64
0 1 6 -0.55
1 6 5 -1.5
0 1 7 2.75
1 4 1 -2.82
0 4 2 3.22
1 3 1 -3.16
0 4 7 1.35
1 5 1 -0.61
0 6 4 1.65
1 3 0 -1.92
0 7 5 2.19
1 6 6 -2.74
0 6 0 0.84
1 5 2 -1.69
0 4 0 1.16
1 5 0 -0.31
0 6 1 -0.88
1 6 2 1.53
0 7 7 -64
1 7 0 64
0 1 1 -2.0
1 7 4 2.0
0 6 7 -2.0
1 0 6 2.0
0 1 0 -2.0
1 0 7 2.0
0 7 3 -2.0
1 7 6 2.0
0 6 3 -2.0
1 2 7 2.0
0 2 0 -2.0
1 0 0 2.0
0 3 7 -2.0
1 7 2 2.0
0 7 1 -2.0
