1 5 3 2.0
0 3 2 -2.0
1 2 3 2.0
0 5 4 -2.0
1 4 5 2.0
0 2 2 -2.0
1 3 5 2.0
0 5 5 -2.0
1 6 4 2.0
0 2 4 -2.15
1 4 2 4.45
0 5 2 -4.45
1 6 3 5.58
0 6 5 -4.45
1 5 1 2.92
0 4 6 -3.54
1 2 6 3.14
0 2 5 -3.24
1 4 1 3.47
0 7 4 -4.05
1 5 6 4.03
0 7 2 -4.68
1 7 3 5.41
0 2 7 -6.81
1 3 7 6.64
0 6 2 -6.42
1 2 1 5.94
0 3 1 -4.51
1 1 4 4.94
0 1 3 -5.84
1 3 0 7.08
0 5 0 -7.7
1 7 5 6.32
0 4 7 -5.36
1 7 1 4.59
0 4 0 -3.08
1 2 0 2.23
0 6 1 -2.06
1 0 4 1.28
0 0 2 0.06
1 1 6 0.06
0 1 2 0.08
1 1 5 -1.8
0 0 7 -64
1 0 3 64
0 1 0 -2.0
1 0 1 2.0
0 0 6 -2.0
1 5 7 2.0
0 3 6 -2.0
1 0 5 2.0
0 0 0 -2.0
1 1 1 2.0
0 6 7 -2.0
1 1 7 2.0
0 7 6 -2.0
1 7 7 2.0
0 6 6 -2.0
1 6 0 2.0
0 7 0 -2.0
