1 5 3 12.0
0 3 2 -12.0
1 2 3 12.0
0 5 4 -12.0
1 4 5 12.0
0 2 2 -12.0
1 3 5 12.0
0 5 2 -12.0
1 4 2 12.0
0 3 1 -12.0
1 6 5 12.0
0 2 4 -12.0
1 6 3 12.0
0 2 5 -12.0
1 1 4 12.0
0 4 6 -12.0
1 1 5 -0.81
0 6 2 0.81
1 5 5 0.4
0 3 6 -0.4
1 1 3 0.4
0 1 2 -0.4
1 2 6 0.4
0 7 3 -0.4
1 2 1 2.59
0 0 3 -3.46
1 2 7 2.53
0 4 1 -2.65
1 3 0 1.66
0 6 4 -1.19
1 0 4 1.29
0 3 7 -2.76
1 5 7 4.3
0 4 7 -4.34
1 0 2 5.32
0 0 5 -6.14
1 0 6 7.9
0 7 5 -9.02
1 5 6 8.95
0 2 0 -9.02
1 1 0 7.91
0 1 6 -8.09
1 0 7 7.0
0 1 7 -64
1 1 1 64
0 0 0 -12.0
1 0 1 12.0
0 4 0 -12.0
1 7 4 12.0
0 6 6 -12.0
1 7 6 12.0
0 7 7 -12.0
1 6 7 12.0
1 5 1 12.0
0 5 0 -12.0
1 7 1 12.0
0 6 1 -12.0
1 7 0 12.0
0 6 0 -12.0
1 7 2 12.0
