1 5 3 -14.0
0 3 2 14.0
1 2 3 -14.0
0 5 4 14.0
1 4 5 -14.0
0 2 2 14.0
1 3 5 -14.0
0 5 2 14.0
1 4 2 -14.0
0 3 1 14.0
1 6 4 -14.0
0 6 5 14.0
1 6 2 -14.0
0 6 3 14.0
1 7 3 1.05
0 5 5 -0.52
1 7 4 1.6
0 7 5 -0.27
1 5 1 0.82
0 5 0 -2.06
1 7 6 1.13
0 4 6 -0.91
1 3 6 2.07
0 1 3 -1.29
1 4 7 0.08
0 2 4 -0.73
1 5 6 2.48
0 7 1 -3.05
1 4 1 2.78
0 6 1 -2.13
1 2 0 0.47
0 2 1 0.04
1 1 0 -0.29
0 2 6 1.19
1 1 5 -2.57
0 2 5 3.33
1 3 7 -3.57
0 0 5 4.93
1 1 6 -6.81
0 0 7 8.17
1 1 4 -8.8
0 0 4 10.02
1 7 0 -10.18
0 7 2 64
1 6 0 -64
0 7 7 14.0
1 1 2 -14.0
0 4 0 14.0
1 0 6 -14.0
0 5 7 14.0
1 0 3 -14.0
0 0 2 14.0
1 3 0 -14.0
0 1 1 14.0
1 0 1 -14.0
0 0 0 14.0
1 6 6 -14.0
0 6 7 14.0
0 2 7 14.0
1 1 7 -14.0
