1 2 4 12.0
0 4 5 -12.0
1 5 2 12.0
0 4 2 -12.0
1 5 3 12.0
0 2 3 -12.0
1 5 4 12.0
0 6 3 -12.0
1 6 2 12.0
0 5 1 -12.0
1 4 6 12.0
0 5 6 -12.0
1 3 2 4.3
0 3 5 -3.76
1 2 5 4.02
0 2 1 -4.84
1 3 6 6.23
0 3 1 -5.36
1 7 4 4.46
0 1 4 -4.65
1 5 5 5.3
0 7 2 -5.8
1 4 1 5.27
0 7 3 -4.91
1 6 4 3.81
0 4 0 -3.48
1 1 3 2.64
0 1 5 -2.02
1 2 2 2.04
0 0 2 -0.48
1 7 1 0.77
0 1 2 -0.94
1 5 7 2.91
0 2 6 -2.98
1 2 7 2.04
0 1 6 -2.83
1 0 7 4.09
0 4 7 -3.47
1 0 3 3.13
0 3 7 -2.98
1 1 7 3.49
0 6 6 -8.12
1 7 7 9.27
0 6 7 -64
1 0 6 64
0 7 6 -12.0
1 7 5 12.0
0 6 5 -12.0
1 0 1 12.0
0 0 4 -12.0
1 0 5 12.0
0 1 1 -12.0
1 0 0 12.0
0 1 0 -12.0
1 2 0 12.0
0 3 0 -12.0
1 6 0 12.0
0 5 0 -12.0
1 6 1 12.0
0 7 0 -12.0
