1 5 3 -2.0
0 3 2 2.0
1 2 3 -2.0
0 5 4 2.0
1 4 5 -2.0
0 2 2 2.0
1 3 5 -2.0
0 6 3 2.0
1 4 2 -2.0
0 5 2 2.0
1 3 1 -2.0
0 5 5 2.0
1 4 1 -1.77
0 2 0 2.27
1 3 0 -2.27
0 2 1 2.27
1 6 4 -2.27
0 5 0 2.27
1 4 0 -2.27
0 5 1 2.27
1 7 3 -3.92
0 6 5 3.22
1 6 1 -2.3
0 1 3 0.99
1 6 2 -1.22
0 2 4 2.69
1 2 5 -0.93
0 5 6 0.05
1 3 6 0.17
0 7 0 1.04
1 6 0 -0.07
0 4 6 0.07
1 2 6 -0.18
0 1 5 -0.2
1 4 7 -0.63
0 2 7 1.51
1 5 7 -2.23
0 3 7 2.4
1 1 7 -1.83
0 6 6 1.62
1 1 1 -3.33
0 7 1 5.29
1 1 4 -5.76
0 1 2 64
1 7 2 -64
0 0 5 2.0
1 7 4 -2.0
0 0 1 2.0
1 0 3 -2.0
0 7 5 2.0
1 0 4 -2.0
0 0 2 2.0
1 0 0 -2.0
0 1 0 2.0
1 0 6 -2.0
0 6 7 2.0
1 7 7 -2.0
0 7 6 2.0
0 1 6 2.0
1 0 7 -2.0
