1 4 2 10.0
0 5 4 -10.0
1 3 5 10.0
0 2 4 -10.0
1 2 5 10.0
0 3 2 -10.0
1 4 5 10.0
0 2 6 -10.0
1 1 5 10.0
0 2 3 -10.0
1 1 4 10.0
0 5 5 -10.0
1 3 6 10.0
0 2 7 -10.0
1 3 1 10.0
0 2 2 -10.0
1 5 3 10.0
0 6 2 -10.0
1 4 6 10.0
0 3 7 -10.0
1 5 7 0.64
0 4 1 0.38
1 4 7 -1.28
0 6 7 1.73
1 1 3 -0.57
0 5 2 0.3
1 5 0 -5.14
0 4 0 3.04
1 3 0 -0.97
0 5 6 -0.21
1 5 1 -1.17
0 0 5 2.54
1 0 6 -2.22
0 0 7 2.11
1 6 3 -1.66
0 0 4 0.21
1 1 6 0.05
0 0 3 -1.66
1 1 7 2.54
0 6 4 -3.75
1 7 2 3.63
0 2 0 -5.55
1 7 3 5.22
0 6 0 -64
1 7 4 64
0 2 1 -10.0
1 6 5 10.0
0 6 6 -10.0
1 7 7 10.0
0 1 2 -10.0
1 7 6 10.0
0 6 1 -10.0
1 7 0 10.0
0 7 1 -10.0
1 1 0 10.0
0 1 1 -10.0
1 0 2 10.0
0 7 5 -10.0
0 0 1 -10.0
1 0 0 10.0
