1 2 4 10.0
0 4 5 -10.0
1 5 2 10.0
0 4 2 -10.0
1 5 3 10.0
0 2 3 -10.0
1 5 4 10.0
0 6 3 -10.0
1 6 4 10.0
0 5 5 -10.0
1 2 2 10.0
0 3 5 -10.0
1 3 2 10.0
0 4 1 -10.0
1 6 5 10.0
0 7 4 -10.0
1 3 6 1.27
0 2 5 -2.37
1 2 6 2.92
0 5 6 -2.8
1 5 0 2.61
0 2 7 -3.1
1 4 7 2.6
0 3 1 -2.12
1 5 1 1.37
0 3 7 -1.39
1 1 7 3.5
0 4 0 -4.03
1 6 2 3.66
0 2 1 -4.53
1 4 6 4.71
0 7 3 -6.09
1 5 7 6.04
0 1 2 -6.61
1 3 0 6.8
0 1 4 -8.64
1 6 0 9.84
0 6 6 -10.26
1 1 5 8.81
0 0 5 -9.18
1 1 3 8.97
0 2 0 -7.95
1 1 0 7.39
0 1 1 -64
1 0 3 64
0 0 4 -10.0
1 7 1 10.0
0 0 2 -10.0
1 0 0 10.0
0 0 1 -10.0
1 1 6 10.0
0 0 7 -10.0
1 0 6 10.0
0 6 7 -10.0
1 7 7 10.0
0 7 2 -10.0
1 6 1 10.0
0 7 0 -10.0
0 7 5 -10.0
1 7 6 10.0
