1 4 2 20.0
0 3 2 -20.0
1 2 3 20.0
0 5 2 -20.0
1 2 4 20.0
0 3 5 -20.0
1 2 2 6.63
0 5 3 -8.68
1 3 1 8.73
0 2 0 -7.71
1 4 0 6.71
0 3 0 -6.04
1 4 1 6.5
0 5 0 -6.07
1 2 1 6.92
0 1 5 -8.33
1 5 4 8.39
0 5 5 -6.88
1 2 5 8.94
0 1 0 -10.37
1 5 1 9.68
0 1 2 -10.78
1 3 6 10.22
0 1 3 -9.38
1 1 4 8.09
0 4 5 -7.68
1 6 5 7.11
0 6 4 -7.83
1 2 6 7.67
0 7 5 -7.38
1 4 6 6.73
0 5 6 -7.34
1 6 2 5.97
0 7 2 -6.02
1 6 1 6.55
0 6 3 -6.11
1 7 1 5.75
0 0 5 -7.23
1 7 4 7.44
0 7 3 -6.92
1 7 6 7.3
0 5 7 -9.39
1 3 7 11.01
0 2 7 -64
1 4 7 64
0 6 6 -20.0
1 0 2 20.0
0 1 1 -20.0
1 1 6 20.0
0 7 7 -20.0
1 6 7 20.0
0 7 0 -20.0
1 6 0 20.0
0 0 6 -20.0
1 0 0 20.0
1 0 4 20.0
0 1 7 -20.0
1 0 3 20.0
0 0 1 -20.0
1 0 7 20.0
