1 2 4 8.0
0 4 5 -8.0
1 5 2 8.0
0 4 2 -8.0
1 5 3 8.0
0 2 3 -8.0
1 5 4 8.0
0 6 2 -8.0
1 5 1 8.0
0 6 3 -8.0
1 5 5 8.0
0 4 1 -8.0
1 3 5 8.0
0 6 4 -8.0
1 7 4 8.0
0 7 5 -8.0
1 7 2 8.0
0 6 5 -8.0
1 7 3 8.0
0 7 1 -8.0
1 3 2 8.0
0 2 2 -8.0
1 1 3 -4.55
0 5 0 -8.0
1 2 1 8.0
0 1 2 -8.0
1 0 3 8.0
0 0 2 -8.0
1 0 1 8.0
0 2 0 6.35
1 6 1 -11.36
0 5 6 10.46
1 4 6 -9.92
0 3 7 8.59
1 4 7 -7.35
0 5 7 8.36
1 6 7 -7.67
0 2 6 5.21
1 2 7 -5.48
0 3 6 3.63
1 1 7 -3.45
0 1 4 2.98
1 2 5 -1.83
0 0 5 -64
1 1 5 64
0 0 4 -8.0
1 0 6 8.0
0 7 0 -8.0
1 3 0 8.0
0 4 0 -8.0
1 3 1 8.0
0 1 1 -8.0
1 6 0 8.0
0 1 6 -8.0
1 0 7 8.0
1 7 6 8.0
0 7 7 -8.0
1 1 0 8.0
0 0 0 -8.0
0 6 6 -8.0
