1 2 4 -8.0
0 2 5 8.0
1 3 5 -8.0
0 2 3 8.0
1 5 2 -8.0
0 4 5 8.0
1 2 2 -8.0
0 5 3 8.0
1 5 4 -8.0
0 6 5 -0.11
1 5 5 -8.0
0 6 4 -1.5
1 3 6 0.59
0 2 6 -0.09
1 5 6 1.67
0 3 2 -1.59
1 6 3 0.65
0 3 7 0.56
1 4 2 -1.11
0 4 6 1.66
1 1 2 -3.31
0 7 2 4.2
1 7 5 -4.95
0 7 3 5.93
1 4 7 -5.82
0 1 3 5.54
1 0 4 -7.04
0 6 2 5.63
1 1 5 -4.59
0 2 1 5.57
1 3 0 -6.78
0 3 1 7.2
1 4 0 -7.58
0 1 4 8.27
1 0 3 -9.37
0 2 7 9.09
1 5 1 -8.59
0 0 5 9.4
1 7 4 -9.65
0 4 1 8.68
1 6 6 -7.56
0 5 0 7.84
1 0 6 -8.35
0 0 2 64
1 0 1 -64
0 1 6 8.0
1 0 7 -8.0
0 1 7 8.0
1 6 0 -8.0
0 7 7 8.0
1 7 6 -8.0
0 6 7 8.0
1 5 7 -8.0
0 6 1 8.0
1 7 0 -8.0
0 7 1 8.0
1 1 1 -8.0
0 0 0 8.0
1 2 0 -8.0
0 1 0 8.0
