1 5 3 10.0
0 5 2 -10.0
1 4 2 10.0
0 5 4 -10.0
1 6 3 10.0
0 3 2 -10.0
1 3 1 10.0
0 4 1 -10.0
1 5 5 10.0
0 6 2 -10.0
1 6 4 10.0
0 5 1 -10.0
1 5 0 2.87
0 7 3 0.45
1 2 1 -0.43
0 7 5 0.51
1 4 5 -0.21
0 2 2 -0.77
1 4 0 1.02
0 3 5 -0.81
1 1 2 1.02
0 2 0 -0.64
1 3 0 2.75
0 6 0 -2.41
1 2 4 1.86
0 2 3 -2.87
1 1 3 4.09
0 5 6 -5.96
1 2 5 5.96
0 4 6 -7.49
1 7 2 10.45
0 0 4 -11.63
1 0 3 11.92
0 1 5 -12.97
1 1 4 12.84
0 0 2 -12.8
1 2 6 10.75
0 0 5 -8.1
1 7 4 7.5
0 3 6 -7.23
1 7 6 6.46
0 2 7 -6.78
1 4 7 6.88
0 3 7 -64
1 6 5 64
0 6 1 -10.0
1 1 6 10.0
0 0 7 -10.0
1 1 7 10.0
0 5 7 -10.0
1 0 6 10.0
0 7 1 -10.0
1 7 0 10.0
0 6 6 -10.0
1 1 0 10.0
0 1 1 -10.0
1 0 1 10.0
0 0 0 -10.0
1 6 7 10.0
0 7 7 -10.0
