1 5 3 -8.0
0 3 2 8.0
1 2 4 -8.0
0 3 5 8.0
1 2 3 -8.0
0 1 4 8.0
1 3 1 2.13
0 4 1 -3.23
1 2 1 2.96
0 5 4 -2.46
1 4 5 1.98
0 5 5 -1.71
1 1 3 1.99
0 0 2 -1.96
1 1 5 0.77
0 4 2 -0.08
1 5 2 0.84
0 2 2 0.3
1 2 5 0.67
0 1 2 -0.59
1 3 6 0.64
0 2 6 -0.95
1 0 5 1.65
0 0 3 -1.35
1 3 7 1.82
0 4 7 -1.93
1 5 7 1.05
0 2 7 -1.3
1 3 0 -0.11
0 0 4 -1.28
1 0 1 2.04
0 6 7 -1.77
1 0 6 2.19
0 6 3 -1.26
1 7 3 0.91
0 2 0 -1.15
1 1 6 -1.87
0 1 1 5.55
1 4 6 -8.85
0 5 6 9.31
1 6 5 -8.16
0 6 2 7.81
1 7 2 -7.8
0 5 0 64
1 0 0 -64
0 1 0 8.0
1 4 0 -8.0
0 6 4 8.0
1 7 4 -8.0
0 5 1 8.0
1 6 1 -8.0
0 7 6 8.0
1 6 0 -8.0
0 7 0 8.0
1 7 1 -8.0
0 7 5 8.0
1 6 6 -8.0
0 1 7 8.0
1 0 7 -8.0
0 7 7 8.0
