1 2 4 10.0
0 2 5 -10.0
1 3 5 10.0
0 4 5 -10.0
1 3 6 10.0
0 2 6 -10.0
1 4 6 10.0
0 1 4 -10.0
1 5 4 10.0
0 5 5 -0.17
1 4 2 -0.33
0 4 7 0.98
1 5 6 -0.72
0 3 2 -0.05
1 2 2 1.8
0 5 3 -1.34
1 5 2 0.45
0 5 7 0.36
1 2 3 -0.41
0 6 5 1.3
1 3 7 -1.36
0 2 7 0.78
1 1 3 -0.73
0 0 2 1.2
1 0 5 -2.2
0 0 3 3.19
1 1 5 -4.87
0 1 2 6.63
1 0 4 -6.45
0 0 6 5.2
1 1 6 -3.87
0 6 4 5.12
1 7 4 -3.92
0 3 1 4.29
1 2 0 -4.83
0 4 1 4.16
1 5 1 -4.87
0 7 3 3.73
1 7 2 -2.61
0 3 0 2.0
1 4 0 -0.85
0 6 3 -0.47
1 7 5 0.47
0 6 0 -64
1 5 0 64
0 1 0 -10.0
1 2 1 10.0
0 6 6 -10.0
1 7 7 10.0
0 7 6 -10.0
1 6 7 10.0
0 1 1 -10.0
1 0 0 10.0
0 6 1 -10.0
1 0 1 10.0
0 6 2 -10.0
1 7 0 10.0
0 7 1 -10.0
1 0 7 10.0
0 1 7 -10.0
