1 5 3 10.0
0 3 2 -10.0
1 2 4 10.0
0 3 5 -10.0
1 2 5 10.0
0 1 3 -2.23
1 1 4 10.0
0 5 4 -2.23
1 5 2 2.23
0 5 5 -1.83
1 4 2 0.54
0 4 1 -0.11
1 5 1 0.29
0 2 3 -0.27
1 4 5 1.34
0 6 2 -0.57
1 6 3 -0.06
0 7 4 -0.55
1 2 2 0.73
0 3 1 -1.84
1 6 5 -0.27
0 6 4 -0.49
1 4 0 2.74
0 5 6 -4.49
1 2 0 4.13
0 0 5 -4.48
1 1 2 5.77
0 2 6 -6.52
1 3 6 7.92
0 1 5 -8.38
1 4 6 7.45
0 3 7 -6.94
1 7 3 5.53
0 2 1 -4.62
1 3 0 3.71
0 2 7 -3.51
1 0 2 3.12
0 0 3 -2.97
1 0 4 2.26
0 0 1 -3.12
1 5 7 3.23
0 4 7 -3.39
1 1 7 4.12
0 6 0 -64
1 6 7 64
0 7 2 -10.0
1 7 6 10.0
0 7 5 -10.0
1 7 1 10.0
0 6 1 -10.0
1 7 0 10.0
0 5 0 -10.0
1 1 6 10.0
0 0 6 -10.0
1 0 7 10.0
0 1 1 -10.0
1 0 0 10.0
0 1 0 -10.0
1 6 6 10.0
0 7 7 -10.0
