1 5 3 -6.0
0 5 2 6.0
1 4 2 -6.0
0 3 2 6.0
1 2 3 -6.0
0 4 5 6.0
1 3 5 -6.0
0 6 3 6.0
1 5 5 -6.0
0 1 3 6.0
1 1 2 -6.0
0 1 4 6.0
1 2 2 -0.86
0 2 4 0.86
1 2 5 -0.86
0 1 5 3.28
1 0 4 -3.91
0 0 3 5.33
1 0 5 -7.58
0 0 6 9.67
1 4 1 -9.8
0 5 1 11.22
1 6 2 -11.63
0 3 0 12.86
1 7 3 -13.84
0 7 2 16.13
1 7 1 -15.91
0 3 1 15.54
1 1 1 -14.78
0 3 6 13.88
1 2 0 -14.69
0 0 0 16.23
1 1 0 -15.64
0 2 1 15.78
1 2 7 -14.96
0 4 7 14.95
1 2 6 -15.96
0 3 7 16.79
1 5 7 -12.34
0 6 4 8.26
1 1 7 -8.63
0 7 4 6.95
1 7 5 -5.66
0 6 6 64
1 5 4 -64
0 4 6 6.0
1 7 7 -6.0
0 4 0 6.0
1 6 1 -6.0
0 5 0 6.0
1 0 1 -6.0
0 0 2 6.0
1 1 6 -6.0
0 5 6 6.0
1 6 7 -6.0
0 0 7 6.0
1 6 5 -6.0
0 7 6 6.0
1 6 0 -6.0
0 7 0 6.0
