1 4 2 -2.0
0 5 4 2.0
1 2 5 -2.0
0 3 2 2.0
1 5 2 -2.0
0 4 1 2.0
1 2 2 4.55
0 2 4 -4.55
1 5 3 4.55
0 6 3 -1.5
1 6 2 1.5
0 2 3 -0.96
1 5 5 -0.2
0 2 1 0.34
1 3 5 -0.91
0 5 1 1.38
1 7 2 -0.86
0 4 5 -0.15
1 3 6 0.73
0 2 6 -0.23
1 1 5 0.52
0 6 4 -1.36
1 7 3 0.58
0 7 5 -0.93
1 3 1 0.84
0 4 0 -0.66
1 1 3 0.59
0 1 4 -0.3
1 1 2 0.42
0 0 2 -0.63
1 0 3 1.09
0 5 6 -2.18
1 7 4 1.9
0 6 5 -0.72
1 3 7 0.82
0 4 6 -0.31
1 7 6 1.29
0 0 6 -1.05
1 6 7 1.57
0 2 7 -0.91
1 4 7 0.5
0 6 1 -0.3
1 0 1 0.08
0 0 4 64
1 1 1 -64
0 0 0 2.0
1 0 5 -2.0
0 1 6 2.0
1 0 7 -2.0
0 7 1 2.0
1 2 0 -2.0
0 7 7 2.0
1 3 0 -2.0
0 1 0 2.0
1 7 0 -2.0
0 6 0 2.0
1 5 0 -2.0
0 6 6 2.0
1 5 7 -2.0
1 1 7 -2.0
