1 5 3 0.0
0 3 2 0.0
1 2 5 0.0
0 3 5 0.0
1 2 4 0.0
0 5 4 0.0
1 2 3 0.0
0 1 4 0.0
1 1 5 0.0
0 2 6 0.0
1 3 1 0.0
0 2 2 0.0
1 4 2 0.0
0 1 3 0.0
1 0 3 0.0
0 1 2 -3.98
1 0 2 4.13
0 4 0 -4.53
1 6 5 2.92
0 5 1 -2.73
1 5 2 3.22
0 6 3 -3.65
1 2 0 2.95
0 2 1 -2.58
1 3 0 3.31
0 1 0 -3.55
1 4 5 3.65
0 6 2 -1.73
1 4 1 0.06
0 5 0 -0.56
1 2 7 -0.13
0 5 5 0.59
1 6 4 -0.48
0 4 6 1.81
1 0 4 -3.25
0 7 4 3.67
1 7 3 -2.66
0 7 5 2.06
1 7 1 -2.86
0 1 6 2.92
1 5 6 -3.03
0 4 7 1.96
1 0 7 0.01
0 6 6 0
1 7 6 0
0 7 2 0.0
1 7 7 0.0
0 6 7 0.0
1 5 7 0.0
0 3 7 0.0
1 3 6 0.0
0 1 1 0.0
1 0 0 0.0
0 7 0 0.0
1 6 0 0.0
0 6 1 0.0
0 0 1 0.0
0 1 7 0.0
1 0 6 0.0
0 0 5 0.0
