1 5 3 -10.0
0 3 2 10.0
1 2 3 -10.0
0 5 4 10.0
1 4 5 -10.0
0 2 2 10.0
1 5 5 -10.0
0 6 3 10.0
1 4 2 -10.0
0 5 2 10.0
1 3 1 -8.47
0 3 5 7.57
1 4 1 -8.7
0 6 4 9.16
1 5 1 -8.9
0 2 0 9.91
1 7 2 -10.93
0 7 3 12.08
1 7 4 -11.82
0 6 2 11.09
1 3 0 -10.67
0 5 0 10.55
1 4 0 -10.01
0 1 4 10.1
1 2 1 -8.98
0 2 4 10.39
1 2 6 -9.89
0 3 6 7.78
1 2 7 -7.6
0 4 6 8.23
1 1 2 -8.71
0 0 2 9.26
1 3 7 -8.25
0 6 5 7.67
1 5 6 -7.52
0 6 6 6.81
1 1 3 -6.48
0 1 5 8.67
1 2 5 -9.41
0 1 1 9.48
1 0 5 -9.99
0 4 7 9.21
1 5 7 -8.14
0 7 6 64
1 6 1 -64
0 0 4 10.0
1 7 5 -10.0
0 7 7 10.0
1 6 7 -10.0
0 7 1 10.0
1 0 0 -10.0
0 1 0 10.0
1 6 0 -10.0
0 7 0 10.0
1 0 3 -10.0
0 1 6 10.0
1 0 1 -10.0
0 1 7 10.0
1 0 6 -10.0
