1 2 4 -16.0
0 4 5 16.0
1 5 2 -16.0
0 4 2 16.0
1 5 3 -16.0
0 2 3 16.0
1 3 2 -16.0
0 2 2 16.0
1 3 5 -16.0
0 5 5 0.84
1 1 3 0.37
0 2 6 1.3
1 1 2 -1.31
0 3 1 1.5
1 4 1 -1.39
0 1 5 1.67
1 2 5 -1.3
0 1 4 0.09
1 0 3 -0.91
0 0 2 1.74
1 0 1 -2.83
0 2 1 3.47
1 0 6 -4.91
0 5 4 6.84
1 3 6 -8.35
0 2 7 8.46
1 4 6 -8.63
0 5 7 10.91
1 2 0 -13.79
0 0 4 14.47
1 0 5 -13.88
0 5 6 12.18
1 6 4 -11.15
0 6 5 10.75
1 4 7 -10.91
0 3 7 12.43
1 6 3 -13.47
0 1 1 15.23
1 7 6 -16.52
0 7 4 17.03
1 7 5 -16.0
0 7 7 14.75
1 0 0 -16.34
0 1 6 14.91
1 0 7 -14.09
0 1 7 13.37
1 6 6 -11.98
0 6 7 12.96
0 7 3 13.15
1 7 2 -12.23
0 6 1 11.27
1 7 0 -11.33
0 7 1 14.85
1 6 2 -16.0
0 6 0 16.0
1 5 0 -16.0
0 5 1 16.0
0 1 0 16.0
1 3 0 -16.0
0 4 0 16.0
