1 2 4 24.0
0 2 5 -24.0
1 3 5 24.0
0 4 5 -24.0
1 3 6 24.0
0 1 4 -24.0
1 1 5 24.0
0 3 7 -24.0
1 4 6 24.0
0 4 7 -24.0
1 5 4 24.0
0 2 3 -24.0
1 5 2 1.43
0 1 3 -1.92
1 2 7 1.41
0 1 7 -3.31
1 2 6 4.23
0 0 4 -3.95
1 0 5 3.36
0 0 6 -4.54
1 0 2 7.28
0 5 3 -10.1
1 1 2 10.93
0 3 2 -12.11
1 2 2 12.0
0 2 1 -10.5
1 0 3 9.74
0 0 1 -10.24
1 4 2 9.85
0 3 1 -12.19
1 6 2 12.8
0 5 5 -11.57
1 4 1 11.6
0 6 5 -11.02
1 6 4 9.88
0 5 0 -7.63
1 5 7 9.02
0 6 7 -10.32
1 5 6 7.51
0 7 3 -7.96
1 7 4 8.38
0 6 3 -11.05
1 7 2 12.47
0 5 1 -64
1 6 1 64
0 7 1 -24.0
1 6 6 24.0
0 7 7 -24.0
1 3 0 24.0
0 2 0 -24.0
1 1 0 24.0
0 1 6 -24.0
1 7 0 24.0
0 4 0 -24.0
1 6 0 24.0
0 7 5 -24.0
1 0 7 24.0
0 1 1 -24.0
1 0 0 24.0
1 7 6 24.0
