1 4 2 16.0
0 5 2 -16.0
1 5 3 16.0
0 5 4 -16.0
1 4 5 16.0
0 2 3 -16.0
1 6 3 16.0
0 6 5 -16.0
1 6 2 16.0
0 5 5 -16.0
1 3 5 16.0
0 4 6 1.53
1 2 4 -1.53
0 2 5 1.53
1 1 3 -2.75
0 3 2 2.88
1 2 2 -2.32
0 0 2 2.51
1 0 4 -1.93
0 3 1 1.2
1 4 1 -1.83
0 6 4 2.06
1 4 0 -1.89
0 2 0 1.55
1 5 6 -1.46
0 0 3 1.75
1 0 1 -0.57
0 1 2 0.19
1 4 7 0.66
0 5 0 -2.3
1 3 0 3.27
0 2 1 -2.99
1 5 1 2.59
0 7 2 -2.31
1 2 6 2.52
0 2 7 -4.47
1 1 4 5.08
0 0 5 -5.54
1 0 6 6.69
0 1 5 -7.05
1 3 6 6.49
0 1 6 -4.99
1 6 1 5.57
0 7 0 -64
1 7 1 64
0 6 0 -16.0
1 3 7 16.0
0 6 7 -16.0
1 5 7 16.0
0 6 6 -16.0
1 7 4 16.0
0 7 6 -16.0
1 7 7 16.0
0 7 5 -16.0
1 1 1 16.0
0 7 3 -16.0
1 0 7 16.0
0 1 0 -16.0
1 0 0 16.0
1 1 7 16.0
