1 2 4 2.0
0 2 5 -2.0
1 3 5 2.0
0 2 3 -2.0
1 1 4 2.0
0 3 6 -2.0
1 3 2 2.0
0 1 3 -2.0
1 4 2 2.0
0 5 5 -2.0
1 1 5 2.0
0 0 4 -2.0
1 0 5 1.44
0 0 3 -2.75
1 0 2 2.93
0 2 2 -1.88
1 1 2 2.36
0 5 2 -4.17
1 2 6 5.03
0 5 1 -5.89
1 3 7 7.13
0 1 6 -6.27
1 4 5 6.98
0 2 7 -7.94
1 0 7 10.84
0 4 7 -9.58
1 1 7 8.74
0 5 4 -10.54
1 4 6 11.26
0 3 1 -12.09
1 5 6 12.44
0 5 7 -11.63
1 5 3 11.7
0 2 1 -11.36
1 6 4 9.74
0 7 3 -8.59
1 2 0 6.2
0 3 0 -5.12
1 4 1 4.63
0 4 0 -3.52
1 5 0 1.05
0 6 5 -0.15
1 1 0 -0.02
0 1 1 -64
1 6 7 64
0 0 6 -2.0
1 6 3 2.0
0 7 2 -2.0
1 7 6 2.0
0 7 5 -2.0
1 7 4 2.0
0 7 7 -2.0
1 6 6 2.0
0 6 0 -2.0
1 7 0 2.0
0 6 1 -2.0
1 7 1 2.0
0 6 2 -2.0
1 0 1 2.0
0 0 0 -2.0
