1 4 2 -6.0
0 5 2 6.0
1 5 3 -6.0
0 5 4 6.0
1 6 2 -6.0
0 2 3 6.0
1 6 4 -6.0
0 6 3 6.0
1 4 5 -6.0
0 5 5 6.0
1 5 6 -6.0
0 7 4 2.34
1 7 2 -3.15
0 7 3 4.68
1 7 5 -4.77
0 3 6 5.23
1 2 7 -5.32
0 6 5 6.66
1 3 5 -8.27
0 4 7 8.77
1 2 2 -7.73
0 3 7 6.84
1 2 6 -6.99
0 4 6 8.36
1 2 4 -8.91
0 1 7 9.45
1 6 7 -11.17
0 1 5 12.27
1 3 2 -12.15
0 2 5 13.6
1 7 6 -13.52
0 6 1 10.63
1 5 1 -8.08
0 1 4 8.49
1 6 6 -9.16
0 1 2 8.89
1 0 2 -7.06
0 3 1 7.22
1 1 3 -8.39
0 2 1 7.6
1 0 5 -6.72
0 4 1 6.88
1 7 0 -7.08
0 0 6 64
1 0 3 -64
0 1 6 6.0
1 6 0 -6.0
0 7 1 6.0
1 5 7 -6.0
0 7 7 6.0
1 1 0 -6.0
0 2 0 6.0
1 3 0 -6.0
0 5 0 6.0
1 4 0 -6.0
0 0 1 6.0
1 0 7 -6.0
0 1 1 6.0
1 0 0 -6.0
0 0 4 6.0
