1 2 4 -26.0
0 4 5 26.0
1 5 6 -26.0
0 2 3 11.5
1 5 4 -10.93
0 3 5 10.66
1 2 5 -9.51
0 5 5 8.44
1 6 5 -9.62
0 6 4 9.21
1 5 3 -8.84
0 4 2 8.93
1 7 4 -9.21
0 4 6 8.3
1 6 2 -7.58
0 6 3 8.43
1 5 7 -8.28
0 1 4 7.51
1 5 2 -7.16
0 1 5 7.93
1 3 6 -8.04
0 7 2 7.65
1 3 2 -8.13
0 2 2 8.18
1 1 2 -8.37
0 2 6 7.73
1 0 3 -7.48
0 7 3 7.87
1 1 3 -8.38
0 4 7 8.63
1 3 7 -8.21
0 2 7 8.8
1 0 6 -8.84
0 0 5 8.45
1 0 4 -10.88
0 6 7 11.72
1 7 1 -12.32
0 7 5 12.67
1 7 6 -11.78
0 1 7 11.77
1 5 1 -12.23
0 3 1 12.63
1 3 0 -12.27
0 4 1 64
1 2 1 -64
0 5 0 26.0
1 6 6 -26.0
0 0 2 26.0
1 1 1 -26.0
0 0 7 26.0
1 1 6 -26.0
0 4 0 26.0
1 2 0 -26.0
0 0 0 26.0
1 6 0 -26.0
0 7 7 26.0
1 6 1 -26.0
0 7 0 26.0
1 1 0 -26.0
0 0 1 26.0
