1 5 3 -22.0
0 5 2 22.0
1 4 2 -22.0
0 5 4 22.0
1 6 2 -22.0
0 2 3 22.0
1 6 4 -22.0
0 6 3 22.0
1 7 4 -22.0
0 7 5 22.0
1 5 5 -22.0
0 7 3 1.51
1 4 5 -0.4
0 3 5 1.92
1 7 2 -2.98
0 7 1 3.77
1 2 2 -2.81
0 4 1 2.9
1 1 3 -2.24
0 3 2 2.16
1 5 1 -1.91
0 1 4 2.01
1 2 1 -1.23
0 3 1 1.23
1 3 0 -2.07
0 2 0 2.93
1 2 4 -2.48
0 1 2 2.15
1 0 5 -3.32
0 4 0 2.15
1 5 0 -1.52
0 6 0 1.77
1 2 5 -1.39
0 6 5 0.56
1 0 3 -1.61
0 6 6 3.16
1 5 6 -3.91
0 5 7 5.06
1 6 7 -4.79
0 4 7 6.02
1 3 7 -8.05
0 4 6 6.84
1 0 1 -8.2
0 3 6 64
1 1 1 -64
0 1 0 22.0
1 7 7 -22.0
0 1 6 22.0
1 1 5 -22.0
0 2 6 22.0
1 1 7 -22.0
0 0 7 22.0
1 2 7 -22.0
0 0 0 22.0
1 6 1 -22.0
0 0 2 22.0
1 0 4 -22.0
0 0 6 22.0
0 7 0 22.0
0 7 6 22.0
