1 2 4 -18.0
0 4 5 18.0
1 5 4 -18.0
0 2 3 18.0
1 3 2 -18.0
0 5 5 18.0
1 4 2 -18.0
0 2 5 18.0
1 3 5 -18.0
0 4 6 18.0
1 1 3 -18.0
0 5 3 18.0
1 1 4 -18.0
0 5 2 18.0
1 2 6 -18.0
0 4 1 18.0
1 3 6 -18.0
0 2 1 18.0
1 5 7 -18.0
0 2 2 18.0
1 5 6 -18.0
0 4 7 18.0
1 3 1 -18.0
0 6 7 18.0
1 2 0 -5.94
0 1 7 5.94
1 5 0 -5.94
0 1 5 8.34
1 6 2 -9.46
0 5 1 10.85
1 6 5 -11.48
0 6 3 11.83
1 7 2 -10.54
0 6 4 8.3
1 7 5 -8.6
0 7 3 10.06
1 7 4 -9.69
0 3 0 9.05
1 7 1 -7.86
0 4 0 8.84
1 0 5 -10.98
0 1 2 11.65
1 0 2 -12.02
0 2 7 64
1 3 7 -64
0 6 6 18.0
1 1 0 -18.0
0 0 0 18.0
1 6 1 -18.0
0 1 6 18.0
1 0 7 -18.0
0 0 1 18.0
1 0 3 -18.0
0 1 1 18.0
1 7 7 -18.0
0 7 6 18.0
0 6 0 18.0
1 7 0 -18.0
0 0 4 18.0
0 0 6 18.0
