1 2 4 26.0
0 4 5 -26.0
1 5 2 26.0
0 2 3 -26.0
1 3 5 26.0
0 4 2 -1.72
1 2 2 0.88
0 2 6 -0.39
1 3 2 0.5
0 2 5 -0.55
1 5 3 1.0
0 1 4 -2.92
1 0 5 3.7
0 0 3 -2.77
1 3 6 1.55
0 1 2 -1.99
1 1 3 1.91
0 3 1 -0.68
1 0 4 0.39
0 0 6 -1.78
1 1 5 1.58
0 2 1 -1.36
1 5 4 1.12
0 5 1 -1.85
1 0 1 2.84
0 6 3 -2.01
1 4 1 2.26
0 6 2 -2.46
1 2 0 4.0
0 4 0 -6.24
1 3 0 6.62
0 1 0 -5.3
1 6 4 5.48
0 7 5 -5.09
1 7 3 5.07
0 7 4 -3.34
1 7 6 3.31
0 6 5 -3.41
1 5 5 4.9
0 5 6 -6.05
1 4 7 6.47
0 3 7 -6.14
1 4 6 6.77
0 5 7 -64
1 1 7 64
0 1 6 -26.0
1 6 0 26.0
0 1 1 -26.0
1 6 6 26.0
0 7 7 -26.0
1 6 7 26.0
0 7 2 -26.0
1 6 1 26.0
0 7 0 -26.0
1 5 0 26.0
0 7 1 -26.0
1 0 0 26.0
1 0 2 26.0
1 0 7 26.0
1 2 7 26.0
