1 4 2 -12.0
0 5 4 12.0
1 3 5 -12.0
0 2 4 12.0
1 4 5 -12.0
0 3 2 12.0
1 2 3 -12.0
0 2 2 12.0
1 1 5 -12.0
0 3 6 12.0
1 2 6 -2.36
0 2 5 1.93
1 1 4 -1.81
0 5 3 2.69
1 3 7 -3.38
0 0 4 4.27
1 5 5 -4.84
0 5 2 4.92
1 1 2 -4.09
0 1 3 3.94
1 0 2 -4.65
0 0 3 4.35
1 0 5 -3.7
0 5 6 3.36
1 4 1 -4.41
0 4 6 4.75
1 2 1 -4.86
0 4 7 5.34
1 5 1 -4.45
0 3 1 4.42
1 3 0 -4.91
0 2 7 5.48
1 6 2 -3.95
0 2 0 4.52
1 1 0 -5.3
0 5 0 5.29
1 6 5 -6.93
0 6 4 6.98
1 7 5 -8.38
0 7 2 10.83
1 1 6 -11.95
0 0 7 11.82
1 6 3 -12.98
0 6 1 64
1 1 1 -64
0 4 0 12.0
1 6 6 -12.0
0 7 7 12.0
1 5 7 -12.0
0 0 0 12.0
1 0 1 -12.0
0 0 6 12.0
1 1 7 -12.0
0 7 3 12.0
1 7 0 -12.0
0 7 4 12.0
1 7 1 -12.0
0 6 0 12.0
0 6 7 12.0
1 7 6 -12.0
