1 2 4 2.0
0 2 5 -2.0
1 3 5 2.0
0 4 5 -2.0
1 5 4 2.0
0 3 2 -2.0
1 3 6 2.0
0 5 3 -2.0
1 2 6 -2.93
0 1 4 2.84
1 4 2 -2.55
0 5 2 2.01
1 2 3 -2.28
0 1 5 1.2
1 2 2 -0.7
0 1 3 0.7
1 3 1 -1.11
0 1 2 0.7
1 2 1 -1.47
0 2 0 1.35
1 4 0 -0.76
0 5 6 0.7
1 5 5 -1.09
0 4 6 1.4
1 6 3 -2.24
0 6 5 0.68
1 4 1 -0.05
0 4 7 -0.45
1 3 7 1.18
0 3 0 -0.28
1 7 5 1.02
0 2 7 -2.05
1 1 0 2.11
0 6 4 -2.02
1 7 4 2.69
0 6 1 -2.84
1 5 1 2.43
0 6 2 -3.0
1 7 3 3.67
0 7 2 -4.17
1 1 1 2.7
0 0 0 -0.77
1 5 7 -1.53
0 6 7 -64
1 7 0 64
0 7 1 -2.0
1 1 7 2.0
0 6 6 -2.0
1 7 7 2.0
0 7 6 -2.0
1 6 0 2.0
0 5 0 -2.0
1 0 5 2.0
0 0 6 -2.0
1 0 7 2.0
0 1 6 -2.0
1 0 4 2.0
0 0 3 -2.0
1 0 2 2.0
0 0 1 -2.0
