1 4 2 4.0
0 5 4 -4.0
1 4 5 4.0
0 3 2 -4.0
1 2 3 4.0
0 5 5 -4.0
1 2 4 4.0
0 5 2 -4.0
1 5 3 4.0
0 6 4 -4.0
1 3 1 4.0
0 3 5 -4.0
1 4 1 4.0
0 2 5 -4.0
1 3 6 4.0
0 2 6 4.01
1 4 6 4.0
0 4 7 -4.0
1 3 7 4.0
0 2 7 -4.0
1 5 6 -0.67
0 5 7 2.61
1 6 2 -1.91
0 2 1 2.24
1 2 2 -2.58
0 6 3 1.69
1 1 5 -1.84
0 1 4 1.22
1 0 5 -1.07
0 0 3 0.78
1 1 3 -0.03
0 7 1 -0.6
1 7 3 -0.06
0 4 0 -2.74
1 6 5 3.84
0 7 5 -3.8
1 3 0 3.52
0 2 0 -3.15
1 7 2 4.2
0 7 4 -2.65
1 6 7 0.72
0 7 7 -0.15
1 7 6 0.17
0 6 6 -64
1 7 0 64
0 6 1 -4.0
1 1 6 4.0
0 0 2 -4.0
1 6 0 4.0
0 1 2 -4.0
1 5 0 4.0
0 5 1 -4.0
1 1 0 4.0
0 1 1 -4.0
1 0 0 4.0
0 0 1 -4.0
1 0 4 4.0
0 0 7 -4.0
1 0 6 4.0
0 1 7 -4.0
