1 5 3 -2.0
0 3 2 2.0
1 2 4 -2.0
0 3 5 2.0
1 2 3 -2.0
0 5 4 2.0
1 4 5 -2.0
0 5 5 2.0
1 4 6 -2.81
0 3 7 2.81
1 6 4 -2.81
0 6 5 3.0
1 4 2 -3.0
0 2 2 3.0
1 3 1 -5.03
0 2 6 5.05
1 5 6 -4.41
0 2 5 3.29
1 7 4 -2.41
0 6 3 0.7
1 7 2 -0.66
0 5 7 -0.09
1 3 6 -0.38
0 2 1 2.29
1 5 2 -1.95
0 4 7 1.42
1 1 2 -0.88
0 1 3 -0.09
1 0 3 0.87
0 7 3 -0.25
1 3 0 0.84
0 7 5 -2.1
1 1 4 1.17
0 5 1 -0.27
1 6 6 -0.88
0 1 5 1.53
1 4 1 -0.79
0 4 0 1.46
1 7 6 -2.84
0 7 7 2.69
1 6 7 -1.46
0 7 1 1.2
1 6 2 -1.7
0 2 0 64
1 0 5 -64
0 6 1 2.0
1 5 0 -2.0
0 1 6 2.0
1 1 0 -2.0
0 0 4 2.0
1 0 2 -2.0
0 0 1 2.0
1 0 0 -2.0
0 1 1 2.0
1 6 0 -2.0
0 7 0 2.0
1 1 7 -2.0
0 2 7 2.0
0 0 6 2.0
1 0 7 -2.0
