1 5 3 -24.0
0 3 2 24.0
1 2 3 -24.0
0 5 4 24.0
1 3 5 -24.0
0 2 4 24.0
1 4 5 -24.0
0 4 2 0.91
1 5 2 -24.0
0 6 3 4.19
1 2 2 -7.05
0 2 5 6.04
1 6 4 -6.59
0 2 6 6.44
1 5 5 -5.95
0 4 6 6.18
1 5 6 -6.42
0 3 6 7.1
1 6 5 -7.72
0 7 5 8.35
1 7 2 -7.27
0 5 7 7.01
1 4 7 -8.49
0 3 7 9.79
1 1 4 -9.0
0 1 3 10.19
1 1 5 -11.09
0 1 2 11.7
1 0 4 -12.99
0 7 4 13.94
1 0 2 -12.8
0 0 5 13.83
1 2 7 -15.19
0 0 3 15.86
1 6 7 -16.15
0 0 1 16.26
1 7 3 -15.77
0 7 1 19.15
1 6 6 -24.2
0 2 1 26.58
1 2 0 -28.13
0 3 0 25.36
1 4 0 -28.52
0 7 6 64
1 3 1 -64
0 7 7 24.0
1 1 0 -24.0
0 1 7 24.0
1 0 6 -24.0
0 0 7 24.0
1 1 6 -24.0
0 1 1 24.0
0 4 1 24.0
1 6 1 -24.0
0 7 0 24.0
1 6 2 -24.0
0 5 1 24.0
1 6 0 -24.0
0 5 0 24.0
1 0 0 -24.0
