1 5 3 28.0
0 3 2 -28.0
1 2 3 28.0
0 5 4 -28.0
1 3 5 28.0
0 4 5 -28.0
1 6 4 28.0
0 6 3 -28.0
1 4 2 28.0
0 2 4 -28.0
1 6 5 -0.85
0 2 5 0.85
1 5 5 -0.85
0 5 2 0.85
1 4 6 -0.85
0 6 2 0.85
1 3 6 -0.85
0 1 4 0.85
1 4 1 0.02
0 5 0 -0.29
1 5 1 -0.09
0 2 6 0.45
1 2 2 0.18
0 3 1 1.16
1 1 2 -1.57
0 2 1 0.74
1 7 4 -1.64
0 7 3 1.44
1 4 0 0.44
0 3 0 0.12
1 1 3 1.24
0 0 3 -3.52
1 1 5 3.88
0 7 5 -5.59
1 0 4 5.2
0 5 7 -3.83
1 5 6 4.23
0 2 7 -3.95
1 3 7 3.42
0 6 0 -2.42
1 0 2 2.45
0 7 6 -2.98
1 1 7 3.35
0 6 6 -64
1 2 0 64
0 6 7 -28.0
1 7 0 28.0
0 0 6 -28.0
1 0 5 28.0
0 0 1 -28.0
1 1 1 28.0
0 0 0 -28.0
1 1 0 28.0
0 4 7 -28.0
1 7 7 28.0
0 1 6 -28.0
1 0 7 28.0
1 7 2 28.0
0 7 1 -28.0
1 6 1 28.0
