1 4 2 8.0
0 5 4 -8.0
1 2 5 8.0
0 2 4 -8.0
1 3 5 8.0
0 3 2 -8.0
1 4 5 8.0
0 2 6 -8.0
1 1 5 8.0
0 5 3 -8.0
1 5 5 8.0
0 3 6 -8.0
1 4 6 8.0
0 1 4 -8.0
1 6 2 8.0
0 6 5 -8.0
1 2 2 -0.16
0 5 7 0.16
1 6 4 -0.16
0 7 3 3.2
1 2 7 -6.45
0 4 7 5.45
1 3 7 -5.3
0 1 7 4.69
1 6 6 -4.7
0 5 2 4.88
1 2 3 -4.83
0 5 6 3.7
1 7 4 -3.7
0 6 3 3.14
1 7 6 -3.55
0 7 2 3.0
1 5 1 -3.51
0 0 5 3.13
1 7 5 -2.48
0 1 6 0.63
1 0 7 1.63
0 1 3 -2.23
1 0 3 2.99
0 0 6 -2.97
1 0 4 3.42
0 4 0 -3.87
1 1 2 3.74
0 7 7 -64
1 5 0 64
0 6 0 -8.0
1 4 1 8.0
0 3 0 -8.0
1 6 7 8.0
0 2 1 -8.0
1 2 0 8.0
0 1 0 -8.0
1 3 1 8.0
0 0 2 -8.0
1 0 1 8.0
0 1 1 -8.0
1 0 0 8.0
1 7 0 8.0
1 7 1 8.0
0 6 1 -8.0
