1 2 4 -6.0
0 4 5 6.0
1 5 2 -6.0
0 4 2 6.0
1 5 3 -6.0
0 2 3 6.0
1 3 5 -6.0
0 6 2 6.0
1 3 1 -6.0
0 3 2 6.0
1 2 2 -6.0
0 5 4 6.0
1 6 3 -6.0
0 7 2 1.77
1 2 1 -1.77
0 6 4 1.96
1 4 1 0.8
0 3 0 -0.61
1 5 0 1.45
0 1 3 -0.45
1 5 5 -0.44
0 5 1 1.98
1 6 5 -2.04
0 1 2 0.94
1 1 0 -0.53
0 1 5 -1.86
1 2 5 4.27
0 1 4 -5.61
1 7 5 5.05
0 4 6 -5.39
1 0 2 4.94
0 5 6 -3.35
1 2 6 2.13
0 7 3 -0.94
1 7 4 2.79
0 3 6 -4.36
1 7 1 2.09
0 2 0 2.02
1 4 0 -2.79
0 3 7 0.59
1 0 3 0.19
0 0 4 0.09
1 1 1 -0.63
0 0 0 64
1 0 1 -64
0 6 0 6.0
1 1 6 -6.0
0 0 5 6.0
1 2 7 -6.0
0 4 7 6.0
1 0 6 -6.0
0 6 1 6.0
1 5 7 -6.0
0 0 7 6.0
1 1 7 -6.0
0 6 7 6.0
1 7 0 -6.0
0 7 6 6.0
1 7 7 -6.0
0 6 6 6.0
