1 2 4 -8.0
0 4 5 8.0
1 5 2 -8.0
0 4 2 8.0
1 5 3 -8.0
0 2 3 8.0
1 2 5 -8.0
0 2 2 8.0
1 3 5 -8.0
0 3 6 8.0
1 2 6 -8.0
0 5 4 8.0
1 3 2 -8.0
0 3 1 8.0
1 1 3 -8.0
0 4 1 8.0
1 2 1 -8.0
0 1 5 8.0
1 5 6 -8.0
0 1 4 8.0
1 1 2 -0.71
0 6 4 2.97
1 3 7 -2.55
0 0 4 2.55
1 6 2 -3.27
0 6 3 3.66
1 7 3 -2.84
0 4 6 2.16
1 0 5 -1.91
0 0 2 1.38
1 0 3 -0.8
0 0 6 0.85
1 1 1 0.21
0 7 4 0.2
1 5 7 1.5
0 4 7 -1.59
1 7 5 0.11
0 7 2 -0.26
1 4 0 -0.35
0 7 6 1.27
1 5 5 -0.03
0 6 6 -0.03
1 2 7 -0.09
0 1 6 64
1 0 7 -64
0 1 7 8.0
1 0 1 -8.0
0 2 0 8.0
1 1 0 -8.0
0 0 0 8.0
1 7 7 -8.0
0 6 7 8.0
1 7 1 -8.0
0 6 5 8.0
1 5 0 -8.0
0 3 0 8.0
1 5 1 -8.0
0 6 0 8.0
1 6 1 -8.0
0 7 0 8.0
