1 2 4 16.0
0 4 5 -16.0
1 5 2 16.0
0 4 2 -16.0
1 5 3 16.0
0 2 3 -16.0
1 2 5 16.0
0 1 4 -16.0
1 3 5 16.0
0 5 4 -16.0
1 2 2 16.0
0 3 2 -16.0
1 1 3 16.0
0 2 6 -16.0
1 3 6 16.0
0 1 5 -4.34
1 0 5 1.41
0 2 7 -2.45
1 2 1 3.59
0 3 1 -3.8
1 6 5 2.3
0 0 2 -3.78
1 0 3 5.83
0 0 4 -5.75
1 0 1 6.05
0 1 2 -7.38
1 4 0 8.99
0 3 0 -10.89
1 4 1 12.52
0 5 0 -13.22
1 0 6 13.19
0 5 1 -12.8
1 4 6 14.53
0 6 4 -17.05
1 5 5 15.13
0 3 7 -14.08
1 5 6 13.55
0 6 7 -13.32
1 7 4 12.48
0 6 3 -11.95
1 6 2 9.7
0 6 1 -9.63
1 4 7 11.84
0 7 1 -64
1 7 2 64
0 5 7 -16.0
1 6 6 16.0
0 7 3 -16.0
1 7 5 16.0
0 1 6 -16.0
1 7 0 16.0
0 7 7 -16.0
1 7 6 16.0
0 6 0 -16.0
1 2 0 16.0
0 1 0 -16.0
1 0 0 16.0
0 1 1 -16.0
1 1 7 16.0
0 0 7 -16.0
