1 4 2 -10.0
0 5 2 10.0
1 5 3 -10.0
0 3 2 10.0
1 5 1 -10.0
0 4 5 10.0
1 3 1 -10.0
0 4 1 10.0
1 2 3 -10.0
0 2 2 10.0
1 2 1 -4.27
0 1 4 4.56
1 4 0 -4.29
0 1 2 5.0
1 0 2 -5.45
0 2 0 4.73
1 2 4 -4.41
0 0 3 3.56
1 1 3 -4.13
0 3 0 5.08
1 0 4 -6.37
0 5 0 5.49
1 3 5 -5.51
0 6 0 6.13
1 2 5 -6.75
0 6 2 6.91
1 7 2 -7.53
0 5 5 7.76
1 5 4 -7.06
0 6 4 7.01
1 6 3 -6.76
0 6 5 6.72
1 0 1 -6.31
0 7 3 6.7
1 7 4 -4.79
0 2 6 4.13
1 3 6 -4.21
0 7 5 2.97
1 7 6 -2.78
0 3 7 2.31
1 4 6 -1.48
0 0 5 -0.1
1 0 6 0.74
0 1 5 64
1 7 1 -64
0 6 6 10.0
1 4 7 -10.0
0 1 1 10.0
1 1 7 -10.0
0 2 7 10.0
1 5 7 -10.0
0 7 7 10.0
1 6 7 -10.0
0 7 0 10.0
1 5 6 -10.0
0 6 1 10.0
1 0 0 -10.0
0 1 0 10.0
1 1 6 -10.0
0 0 7 10.0
