1 4 2 -2.0
0 5 4 2.0
1 2 5 -2.0
0 2 4 2.0
1 3 5 -2.0
0 3 2 2.0
1 4 5 -2.0
0 2 6 2.0
1 1 5 -2.0
0 2 3 2.0
1 1 4 -2.0
0 5 5 2.0
1 3 6 -2.0
0 4 6 2.0
1 1 2 -2.0
0 5 3 2.0
1 2 2 -2.0
0 0 5 2.0
1 2 7 -2.0
0 3 7 2.0
1 4 7 4.27
0 1 3 -6.62
1 5 2 6.91
0 4 1 -6.24
1 3 0 5.21
0 2 1 -3.34
1 3 1 2.59
0 0 2 -1.53
1 6 2 0.05
0 6 3 -0.45
1 2 0 1.33
0 5 1 -2.12
1 4 0 0.6
0 7 2 -1.97
1 1 7 3.93
0 5 6 -4.53
1 6 1 4.33
0 5 7 -3.84
1 6 7 4.32
0 6 6 -3.88
1 7 7 3.36
0 6 4 -3.63
1 7 4 2.71
0 7 3 64
1 6 5 -64
0 1 6 2.0
1 0 7 -2.0
0 0 6 2.0
1 7 1 -2.0
0 6 0 2.0
1 5 0 -2.0
0 7 0 2.0
1 0 3 -2.0
0 0 4 2.0
1 0 1 -2.0
0 1 0 2.0
0 1 1 2.0
1 0 0 -2.0
0 7 5 2.0
1 7 6 -2.0
