1 2 4 -18.0
0 4 5 18.0
1 5 2 -18.0
0 4 2 18.0
1 5 3 -18.0
0 2 3 18.0
1 5 4 -18.0
0 6 2 18.0
1 5 1 -18.0
0 4 1 18.0
1 3 2 0.52
0 6 4 -0.52
1 6 5 -1.95
0 3 1 1.15
1 5 5 -0.48
0 6 3 -0.03
1 3 5 -0.09
0 2 1 -0.21
1 4 0 -0.83
0 2 6 0.53
1 2 5 -2.22
0 2 2 2.48
1 3 0 -2.77
0 2 0 2.84
1 2 7 -3.06
0 3 6 2.59
1 1 4 -2.2
0 5 6 1.56
1 1 3 -0.62
0 1 5 2.18
1 7 5 -3.59
0 7 3 5.16
1 7 4 -5.16
0 7 2 5.8
1 0 4 -6.08
0 0 5 5.69
1 3 7 -5.95
0 4 7 6.15
1 4 6 -5.75
0 1 7 3.9
1 6 7 -5.52
0 7 6 6.16
1 6 1 -5.35
0 0 3 64
1 1 6 -64
0 1 2 18.0
1 1 0 -18.0
0 0 7 18.0
1 1 1 -18.0
0 5 7 18.0
1 7 1 -18.0
0 7 7 18.0
1 0 6 -18.0
0 0 0 18.0
1 0 1 -18.0
0 0 2 18.0
1 6 6 -18.0
0 7 0 18.0
1 6 0 -18.0
0 5 0 18.0
