1 5 3 16.0
0 5 2 -16.0
1 4 2 16.0
0 5 4 -16.0
1 6 2 16.0
0 2 3 -16.0
1 6 4 16.0
0 6 3 -16.0
1 5 5 16.0
0 4 5 -16.0
1 7 3 16.0
0 6 5 0.62
1 5 6 -0.24
0 7 2 -0.13
1 7 4 -0.01
0 7 5 0.47
1 3 5 -0.68
0 2 5 -1.18
1 2 2 2.27
0 5 7 -2.68
1 1 3 3.22
0 1 2 -2.91
1 0 2 4.18
0 4 1 -4.76
1 3 2 4.3
0 3 1 -3.66
1 2 4 2.26
0 1 4 -2.32
1 4 0 2.2
0 2 0 -2.81
1 1 5 1.67
0 0 5 -1.6
1 2 6 1.32
0 0 3 -1.38
1 4 6 0.84
0 4 7 -1.63
1 6 6 1.93
0 2 1 -2.02
1 3 7 1.78
0 7 7 -3.09
1 3 6 2.49
0 0 1 -4.85
1 3 0 6.55
0 5 0 -64
1 0 4 64
0 7 6 -16.0
1 5 1 16.0
0 1 1 -16.0
1 0 0 16.0
0 7 1 -16.0
1 6 1 16.0
0 0 6 -16.0
1 1 0 16.0
0 1 7 -16.0
1 2 7 16.0
0 6 0 -16.0
1 7 0 16.0
0 1 6 -16.0
1 0 7 16.0
1 6 7 16.0
