1 5 3 -22.0
0 5 2 22.0
1 4 2 -22.0
0 3 2 22.0
1 2 3 -22.0
0 4 5 22.0
1 3 5 -22.0
0 6 3 22.0
1 4 6 -22.0
0 2 4 0.11
1 2 5 0.03
0 1 4 0.6
1 2 2 -1.66
0 1 3 1.83
1 1 2 -22.0
0 1 5 4.23
1 3 1 -4.94
0 4 1 3.77
1 0 5 -4.01
0 3 0 4.55
1 5 1 -5.38
0 2 1 5.3
1 0 4 -5.95
0 5 5 7.02
1 5 0 -7.95
0 4 0 6.8
1 0 3 -6.65
0 3 6 6.56
1 3 7 -5.3
0 6 2 5.22
1 2 0 -3.64
0 4 7 4.58
1 5 7 -5.73
0 2 7 5.47
1 5 6 -7.13
0 6 7 6.88
1 6 4 -8.49
0 7 3 7.23
1 2 6 -8.53
0 5 4 9.16
1 6 5 -8.53
0 7 4 8.63
1 6 0 -7.73
0 1 7 64
1 6 1 -64
0 0 1 22.0
1 7 2 -22.0
0 7 0 22.0
1 7 1 -22.0
0 1 0 22.0
1 1 6 -22.0
0 0 7 22.0
1 0 6 -22.0
0 0 2 22.0
1 7 6 -22.0
0 7 5 22.0
1 1 1 -22.0
0 0 0 22.0
1 6 6 -22.0
0 7 7 22.0
