1 4 2 0.0
0 5 4 0.0
1 2 5 0.0
0 2 4 0.0
1 3 5 0.0
0 2 6 0.0
1 4 5 0.0
0 5 5 2.16
1 3 6 -2.57
0 2 3 3.13
1 4 6 -2.63
0 3 2 1.73
1 2 2 -0.84
0 5 3 1.02
1 1 2 0.08
0 5 1 -1.45
1 1 5 0.91
0 1 3 0.13
1 5 2 -0.84
0 5 7 0.15
1 4 7 -0.92
0 3 7 1.41
1 0 4 -1.54
0 5 6 0.66
1 1 4 -0.99
0 4 1 -0.12
1 6 4 0.25
0 6 5 0.52
1 6 3 0.32
0 7 3 -2.41
1 3 1 3.47
0 7 2 -3.34
1 4 0 3.53
0 6 2 -3.31
1 5 0 1.88
0 0 5 -2.55
1 7 5 2.82
0 7 4 -2.3
1 7 1 2.47
0 2 1 -3.05
1 3 0 1.92
0 0 3 0.12
1 7 6 -2.06
0 6 1 0
1 2 7 0
0 1 7 0.0
1 7 0 0.0
0 6 6 0.0
1 7 7 0.0
0 0 1 0.0
1 0 2 0.0
0 6 7 0.0
1 0 7 0.0
0 6 0 0.0
1 0 0 0.0
0 1 0 0.0
1 2 0 0.0
0 1 1 0.0
1 0 6 0.0
0 1 6 0.0
