1 4 2 0.0
0 5 4 0.0
1 2 5 0.0
0 2 4 0.0
1 3 5 0.0
0 3 2 0.0
1 5 2 0.0
0 2 2 0.0
1 5 3 0.0
0 6 3 0.0
1 6 2 0.0
0 4 5 0.0
1 2 3 0.0
0 1 3 0.0
1 2 1 0.0
0 1 2 0.0
1 3 1 0.0
0 1 4 0.0
1 7 4 0.0
0 4 1 1.97
1 1 5 -0.37
0 4 0 0.37
1 0 4 1.11
0 3 6 2.56
1 4 6 -2.56
0 0 3 2.3
1 6 5 -1.76
0 5 5 1.09
1 5 0 -0.81
0 5 1 1.78
1 3 0 -1.48
0 2 6 1.66
1 0 5 -2.21
0 5 6 0.63
1 6 0 -0.02
0 0 6 2.11
1 6 4 -2.5
0 7 5 0.98
1 7 6 -1.9
0 6 1 1.48
1 6 7 -1.29
0 5 7 1.03
1 7 0 -3.13
0 7 3 0
1 7 2 0
0 7 1 0.0
1 0 1 0.0
0 1 6 0.0
1 0 2 0.0
0 7 7 0.0
1 6 6 0.0
0 1 0 0.0
1 0 7 0.0
0 2 0 0.0
1 1 7 0.0
0 2 7 0.0
1 3 7 0.0
0 4 7 0.0
1 0 0 0.0
0 1 1 0.0
