1 4 2 10.0
0 5 4 -10.0
1 2 5 10.0
0 3 2 -10.0
1 5 2 10.0
0 2 4 -10.0
1 2 2 10.0
0 3 1 -10.0
1 2 1 10.0
0 5 3 -1.37
1 2 3 2.45
0 5 1 -2.45
1 4 5 2.45
0 4 6 -0.16
1 3 0 1.74
0 3 5 -1.02
1 3 6 0.9
0 1 4 -2.66
1 1 3 1.39
0 4 1 -0.13
1 5 5 -0.71
0 2 7 1.25
1 6 4 -0.62
0 0 3 0.88
1 0 2 -0.15
0 1 2 0.14
1 0 4 -0.41
0 6 5 -0.48
1 5 6 1.09
0 7 4 -0.26
1 6 2 -0.68
0 5 7 0.21
1 3 7 -0.61
0 4 7 0.92
1 6 3 0.21
0 1 0 -0.1
1 0 1 1.02
0 1 1 -0.45
1 7 5 0.38
0 7 3 -0.69
1 6 0 1.3
0 1 5 -2.7
1 7 2 3.65
0 6 1 -64
1 1 6 64
0 0 7 -10.0
1 0 6 10.0
0 0 5 -10.0
1 0 0 10.0
0 2 0 -10.0
1 4 0 10.0
0 5 0 -10.0
1 2 6 10.0
0 7 0 -10.0
1 1 7 10.0
0 6 6 -10.0
1 7 7 10.0
0 6 7 -10.0
1 7 6 10.0
1 7 1 10.0
