1 2 4 -24.0
0 4 5 24.0
1 5 2 -24.0
0 4 2 24.0
1 5 3 -24.0
0 2 3 24.0
1 5 4 -24.0
0 6 2 24.0
1 5 1 -24.0
0 3 5 24.0
1 5 5 -24.0
0 6 3 24.0
1 6 4 -24.0
0 4 1 24.0
1 3 2 -24.0
0 7 5 24.0
1 5 0 -24.0
0 6 5 24.0
1 2 2 -24.0
0 2 5 24.0
1 2 6 -24.0
0 3 1 24.0
1 4 0 -24.0
0 2 0 3.1
1 2 1 -4.1
0 1 4 2.57
1 4 6 -3.81
0 5 6 3.9
1 3 6 -4.18
0 1 3 5.23
1 0 2 -6.7
0 0 3 8.59
1 1 2 -8.99
0 1 5 7.7
1 5 7 -9.48
0 0 1 7.62
1 0 5 -5.3
0 1 0 6.51
1 0 4 -6.01
0 0 6 7.67
1 6 1 -9.08
0 2 7 9.31
1 4 7 -10.14
0 3 7 64
1 7 1 -64
0 7 2 24.0
1 7 3 -24.0
0 7 4 24.0
1 1 7 -24.0
0 7 0 24.0
1 6 0 -24.0
0 3 0 24.0
1 1 1 -24.0
0 0 0 24.0
1 6 6 -24.0
0 7 7 24.0
1 1 6 -24.0
0 7 6 24.0
1 6 7 -24.0
0 0 7 24.0
