1 4 2 -12.0
0 5 4 12.0
1 2 5 -12.0
0 2 4 12.0
1 3 5 -12.0
0 3 2 12.0
1 5 2 -12.0
0 4 1 12.0
1 5 3 -12.0
0 4 5 12.0
1 2 3 -12.0
0 2 2 2.81
1 2 1 -1.84
0 1 3 2.1
1 5 1 -4.51
0 1 2 5.2
1 5 6 -3.93
0 3 6 3.87
1 3 1 -4.15
0 2 0 2.49
1 1 4 -3.62
0 3 0 4.59
1 0 3 -5.55
0 0 2 7.8
1 1 5 -8.23
0 2 6 8.39
1 4 6 -8.37
0 5 5 8.59
1 3 7 -9.16
0 4 7 9.84
1 5 7 -9.87
0 2 7 9.47
1 1 7 -10.07
0 6 2 9.8
1 6 3 -8.35
0 6 5 8.78
1 7 5 -9.59
0 7 3 9.43
1 7 4 -9.18
0 6 4 8.66
1 1 6 -9.27
0 7 6 10.38
1 0 1 -10.53
0 0 5 64
1 1 0 -64
0 0 0 12.0
1 0 4 -12.0
0 1 1 12.0
1 4 0 -12.0
0 5 0 12.0
1 7 1 -12.0
0 6 6 12.0
1 6 0 -12.0
0 7 2 12.0
1 6 1 -12.0
0 7 0 12.0
1 6 7 -12.0
0 0 7 12.0
1 7 7 -12.0
0 0 6 12.0
