1 2 4 6.0
0 2 5 -6.0
1 3 5 6.0
0 2 3 -6.0
1 2 2 6.0
0 5 4 -6.0
1 5 5 6.0
0 3 2 3.79
1 5 3 -4.1
0 3 6 4.7
1 4 2 -5.76
0 4 1 4.85
1 1 4 -4.55
0 5 2 5.33
1 1 3 -6.05
0 4 5 7.3
1 2 6 -7.09
0 1 5 6.88
1 5 6 -6.58
0 4 6 6.8
1 2 7 -7.02
0 6 3 4.95
1 3 1 -4.43
0 6 4 2.91
1 5 7 -2.8
0 0 4 2.32
1 0 3 -2.44
0 3 0 1.75
1 0 5 0.62
0 1 2 -2.61
1 6 5 1.13
0 0 2 0.25
1 0 1 0.43
0 1 6 -1.27
1 7 4 1.16
0 1 7 -1.83
1 2 1 1.49
0 4 7 -0.57
1 3 7 1.55
0 6 7 -1.48
1 7 2 1.38
0 7 3 -2.95
1 5 0 3.42
0 5 1 -64
1 6 6 64
0 0 6 -6.0
1 0 7 6.0
0 7 7 -6.0
1 6 2 6.0
0 2 0 -6.0
1 6 0 6.0
0 7 6 -6.0
1 7 5 6.0
0 1 1 -6.0
1 0 0 6.0
0 1 0 -6.0
1 4 0 6.0
0 7 1 -6.0
1 7 0 6.0
0 6 1 -6.0
