1 2 4 -8.0
0 4 5 8.0
1 5 4 -8.0
0 2 3 8.0
1 3 2 -8.0
0 5 5 8.0
1 4 2 -8.0
0 2 5 8.0
1 3 5 -8.0
0 4 6 8.0
1 1 2 -8.0
0 5 3 8.0
1 1 4 -8.0
0 5 2 8.0
1 2 6 -8.0
0 1 5 8.0
1 3 6 -8.0
0 2 7 0.91
1 0 5 0.34
0 1 7 -0.34
1 4 7 -0.63
0 2 1 -0.4
1 3 7 1.02
0 5 7 -0.49
1 3 1 0.41
0 1 6 -1.02
1 6 5 1.69
0 6 3 -1.9
1 6 4 0.16
0 5 6 0.84
1 0 7 -2.03
0 0 6 2.68
1 6 6 -2.49
0 4 1 1.38
1 6 7 -1.63
0 7 4 1.59
1 4 0 -2.84
0 2 2 3.34
1 7 2 -3.06
0 7 7 4.67
1 7 3 -4.62
0 3 0 4.34
1 5 0 -3.27
0 6 2 64
1 2 0 -64
0 7 1 8.0
1 5 1 -8.0
0 6 1 8.0
1 7 0 -8.0
0 6 0 8.0
1 7 5 -8.0
0 0 2 8.0
1 0 3 -8.0
0 7 6 8.0
1 1 1 -8.0
0 0 1 8.0
1 1 3 -8.0
0 0 4 8.0
1 0 0 -8.0
0 1 0 8.0
