1 5 3 10.0
0 3 2 -10.0
1 2 5 10.0
0 3 5 -10.0
1 2 4 10.0
0 5 4 -10.0
1 2 3 10.0
0 1 5 -10.0
1 2 6 10.0
0 4 2 -10.0
1 1 4 10.0
0 5 5 -10.0
1 6 4 -6.45
0 4 5 5.44
1 3 6 -5.54
0 4 6 6.14
1 6 5 -5.63
0 0 4 5.02
1 1 3 -5.78
0 5 6 5.38
1 4 7 -5.43
0 0 2 4.74
1 2 2 -4.7
0 6 2 5.12
1 5 1 -4.78
0 4 1 3.73
1 7 3 -3.92
0 6 3 4.66
1 7 2 -4.66
0 3 1 1.85
1 5 2 1.97
0 2 7 -1.27
1 3 7 0.23
0 5 7 -0.55
1 4 0 1.75
0 6 0 -2.88
1 5 0 1.1
0 3 0 1.48
1 1 1 -1.24
0 2 1 1.0
1 1 2 -2.08
0 0 3 0.24
1 2 0 0.4
0 6 1 -0.45
1 7 0 0.71
0 7 1 -0.18
1 0 1 3.04
0 6 7 -4.88
1 6 6 8.17
0 0 0 -10.55
1 1 0 8.98
0 7 7 -9.55
1 7 6 9.41
0 7 5 -10.0
1 7 4 10.0
1 0 6 10.0
0 0 5 -10.0
1 1 6 10.0
0 0 7 -10.0
0 1 7 -10.0
