1 2 4 12.0
0 2 5 -12.0
1 3 5 12.0
0 2 3 -12.0
1 3 2 12.0
0 5 4 -12.0
1 1 4 12.0
0 2 2 -12.0
1 1 5 12.0
0 3 6 0.27
1 1 2 0.16
0 4 1 0.11
1 4 2 0.11
0 3 1 -0.54
1 5 2 0.36
0 1 3 -0.23
1 2 1 0.25
0 5 1 -0.02
1 0 2 0.96
0 6 3 -3.03
1 5 5 3.45
0 5 3 -4.81
1 4 6 4.97
0 0 5 -5.88
1 0 3 5.34
0 2 6 -4.81
1 4 5 5.59
0 5 7 -6.5
1 6 4 6.4
0 2 0 -5.75
1 7 2 5.53
0 6 5 -7.34
1 5 0 8.21
0 4 0 -8.69
1 6 1 8.08
0 6 0 -6.27
1 3 0 6.9
0 0 1 -8.02
1 0 0 8.7
0 7 0 -6.35
1 1 0 3.93
0 1 1 -3.24
1 5 6 2.77
0 7 5 -64
1 4 7 64
0 6 2 -12.0
1 3 7 12.0
0 2 7 -12.0
1 1 6 12.0
0 6 7 -12.0
1 7 3 12.0
0 7 4 -12.0
1 7 6 12.0
0 0 7 -12.0
1 0 6 12.0
0 1 7 -12.0
1 0 4 12.0
0 6 6 -12.0
1 7 7 12.0
1 7 1 12.0
