1 5 3 0.0
0 3 2 0.0
1 2 5 0.0
0 3 5 0.0
1 2 4 0.0
0 5 4 0.0
1 5 2 0.0
0 5 5 0.0
1 4 2 0.0
0 4 1 0.0
1 5 1 0.0
0 2 3 0.0
1 1 2 0.0
0 6 2 0.0
1 5 0 -0.95
0 3 1 3.9
1 2 1 -3.9
0 1 5 3.9
1 2 6 -3.9
0 2 0 3.9
1 3 0 -3.9
0 1 4 3.9
1 0 3 -3.9
0 0 4 3.9
1 4 5 -5.63
0 1 3 4.61
1 2 2 -3.65
0 0 2 4.27
1 1 1 -4.52
0 5 6 5.01
1 1 0 -5.73
0 3 7 5.05
1 4 6 -4.74
0 4 7 4.02
1 6 3 -4.63
0 7 2 4.22
1 6 4 -5.06
0 6 5 4.91
1 7 4 -4.1
0 3 6 3.86
1 7 3 -3.09
0 7 5 2.45
1 0 5 -1.27
0 0 6 0
1 1 6 0
0 2 7 0.0
1 0 7 0.0
0 1 7 0.0
1 0 1 0.0
0 0 0 0.0
1 7 6 0.0
0 7 7 0.0
1 6 6 0.0
0 7 1 0.0
1 5 7 0.0
0 6 7 0.0
1 6 1 0.0
0 6 0 0.0
1 7 0 0.0
0 4 0 0.0
