1 4 2 -12.0
0 5 4 12.0
1 4 5 -12.0
0 3 2 12.0
1 2 3 -12.0
0 5 5 12.0
1 5 3 -12.0
0 6 2 12.0
1 2 2 -12.0
0 4 6 5.18
1 6 3 -5.97
0 5 2 7.84
1 6 5 -8.2
0 4 1 8.43
1 5 1 -9.69
0 7 4 10.2
1 5 0 -9.87
0 6 4 9.02
1 7 2 -8.67
0 3 1 8.6
1 7 3 -9.42
0 7 1 10.37
1 5 6 -10.59
0 3 0 11.54
1 2 0 -13.69
0 4 0 13.94
1 3 5 -13.41
0 2 1 14.91
1 7 5 -16.8
0 7 6 17.04
1 5 7 -16.47
0 1 2 16.61
1 6 1 -15.95
0 1 3 15.03
1 1 4 -13.4
0 2 4 11.55
1 1 5 -10.89
0 2 5 11.22
1 0 3 -11.6
0 0 2 12.72
1 2 6 -12.63
0 0 4 13.7
1 0 5 -13.56
0 0 6 64
1 1 0 -64
0 7 0 12.0
1 6 0 -12.0
0 4 7 12.0
1 6 6 -12.0
0 3 7 12.0
1 3 6 -12.0
0 2 7 12.0
1 0 1 -12.0
0 0 0 12.0
1 1 1 -12.0
0 1 6 12.0
1 0 7 -12.0
0 1 7 12.0
0 7 7 12.0
1 6 7 -12.0
