1 2 4 -4.0
0 4 5 4.0
1 5 2 -4.0
0 4 2 4.0
1 5 3 -4.0
0 2 3 4.0
1 5 4 -4.0
0 6 2 4.0
1 5 1 -4.0
0 3 2 4.0
1 4 1 -4.0
0 5 5 4.0
1 6 3 -4.0
0 7 2 4.0
1 2 1 -4.0
0 3 5 4.0
1 6 4 -4.0
0 7 3 4.0
1 2 2 -1.45
0 5 0 1.45
1 2 6 -1.45
0 1 5 3.75
1 5 6 -3.75
0 4 0 3.75
1 2 5 -2.11
0 3 1 3.16
1 6 5 -2.38
0 7 6 3.52
1 7 4 -3.47
0 1 2 1.91
1 2 0 -1.32
0 3 0 1.48
1 6 0 -1.73
0 1 4 2.01
1 7 1 -2.27
0 4 6 1.54
1 5 7 -2.17
0 3 6 2.95
1 3 7 -2.71
0 4 7 3.13
1 0 2 -3.84
0 2 7 3.15
1 1 7 -3.05
0 1 3 64
1 1 0 -64
0 6 7 4.0
1 7 7 -4.0
0 7 5 4.0
1 0 5 -4.0
0 0 4 4.0
1 6 1 -4.0
0 7 0 4.0
1 0 3 -4.0
0 1 1 4.0
1 0 1 -4.0
0 0 0 4.0
1 1 6 -4.0
0 0 6 4.0
1 0 7 -4.0
1 6 6 -4.0
