1 4 2 -4.0
0 5 2 4.0
1 5 3 -4.0
0 5 4 4.0
1 6 3 -4.0
0 3 2 4.0
1 3 1 -4.0
0 4 1 4.0
1 5 5 -4.0
0 6 2 4.0
1 6 4 -4.0
0 5 1 4.0
1 5 0 -0.09
0 7 5 2.13
1 2 1 -0.84
0 7 3 0.35
1 4 5 -0.43
0 2 2 -0.41
1 4 0 1.17
0 3 5 -1.02
1 7 4 1.12
0 1 0 -0.53
1 1 2 1.75
0 2 0 -1.85
1 2 3 1.72
0 2 4 -2.38
1 1 3 1.74
0 0 2 -1.7
1 1 5 2.48
0 1 4 -4.52
1 3 6 4.5
0 3 7 -5.32
1 0 5 6.66
0 0 4 -6.28
1 2 5 5.53
0 5 6 -6.63
1 6 5 5.89
0 7 2 -4.47
1 5 7 3.2
0 4 6 -2.6
1 0 3 1.89
0 0 6 -0.67
1 4 7 0.59
0 2 7 64
1 2 6 -64
0 1 6 4.0
1 6 6 -4.0
0 7 7 4.0
1 6 7 -4.0
0 7 6 4.0
1 6 1 -4.0
0 6 0 4.0
1 7 0 -4.0
0 7 1 4.0
1 0 7 -4.0
0 1 7 4.0
1 0 1 -4.0
0 3 0 4.0
1 0 0 -4.0
0 1 1 4.0
