1 5 3 2.0
0 3 2 -2.0
1 2 3 2.0
0 5 4 -2.0
1 4 5 2.0
0 5 2 -2.0
1 5 5 2.0
0 4 6 -6.21
1 3 5 5.88
0 2 2 -6.52
1 4 2 7.39
0 4 1 -7.52
1 6 3 6.61
0 2 5 -7.21
1 3 1 8.23
0 2 4 -7.91
1 6 5 6.69
0 5 1 -5.81
1 6 2 6.45
0 4 0 -6.8
1 2 0 6.43
0 3 0 -6.99
1 5 0 6.69
0 6 4 -7.12
1 2 1 7.71
0 7 6 -7.75
1 1 2 8.63
0 7 3 -7.94
1 1 4 7.13
0 0 4 -7.12
1 1 5 6.55
0 0 5 -5.52
1 3 6 4.69
0 2 7 -2.91
1 2 6 1.77
0 1 3 -2.77
1 3 7 3.94
0 4 7 -4.52
1 5 7 3.99
0 6 7 -3.37
1 5 6 2.16
0 1 7 -1.84
1 7 5 -0.31
0 7 4 -64
1 0 2 64
0 0 3 -2.0
1 0 6 2.0
0 1 0 -2.0
1 7 2 2.0
0 7 1 -2.0
1 0 0 2.0
0 0 1 -2.0
1 1 1 2.0
0 6 1 -2.0
1 7 0 2.0
0 6 0 -2.0
1 7 7 2.0
0 0 7 -2.0
1 1 6 2.0
0 6 6 -2.0
