1 2 4 4.0
0 2 5 -4.0
1 3 5 4.0
0 2 3 -4.0
1 1 4 4.0
0 3 6 -4.0
1 4 6 4.0
0 1 5 -4.0
1 1 3 4.0
0 0 4 -4.0
1 3 2 0.52
0 5 4 -0.76
1 5 5 0.34
0 4 5 0.91
1 4 2 -0.38
0 5 7 -0.29
1 1 2 -0.25
0 5 3 0.27
1 2 6 -0.47
0 3 7 1.16
1 6 5 -2.54
0 5 6 2.61
1 0 3 -2.42
0 0 2 1.55
1 6 4 -1.99
0 2 1 1.84
1 0 5 -2.82
0 0 6 4.02
1 1 1 -3.65
0 3 1 3.93
1 2 0 -5.7
0 5 1 6.3
1 4 1 -7.13
0 2 2 7.21
1 1 0 -7.63
0 7 5 7.13
1 4 7 -6.59
0 5 0 7.66
1 7 4 -7.85
0 7 3 5.79
1 6 3 -5.95
0 6 7 3.98
1 7 7 -1.72
0 7 2 -64
1 2 7 64
0 6 2 -4.0
1 5 2 4.0
0 1 6 -4.0
1 0 7 4.0
0 4 0 -4.0
1 3 0 4.0
0 0 0 -4.0
1 0 1 4.0
0 1 7 -4.0
1 6 0 4.0
0 7 0 -4.0
1 6 1 4.0
0 7 1 -4.0
0 7 6 -4.0
1 6 6 4.0
