1 4 2 -14.0
0 3 2 14.0
1 2 3 -14.0
0 5 4 14.0
1 2 2 -14.0
0 3 1 -2.63
1 4 1 3.84
0 5 3 -3.05
1 5 2 2.56
0 4 0 -1.99
1 5 0 0.7
0 6 0 -0.35
1 6 3 -14.0
0 2 4 14.0
1 2 0 -0.32
0 6 2 -0.55
1 3 5 1.77
0 7 2 -2.81
1 2 5 2.32
0 5 1 -1.23
1 4 5 -2.84
0 2 1 4.32
1 7 3 -4.59
0 7 4 8.63
1 5 5 -8.05
0 6 4 7.34
1 1 0 -8.45
0 1 2 11.06
1 1 1 -12.71
0 6 5 12.0
1 0 2 -11.41
0 5 6 10.97
1 3 0 -10.84
0 0 0 12.21
1 1 3 -12.06
0 0 4 11.91
1 0 3 -12.98
0 0 1 12.09
1 6 1 -14.15
0 7 1 13.3
1 1 4 -14.55
0 4 6 14.05
1 7 0 -14.06
0 0 5 64
1 4 7 -64
0 5 7 14.0
1 3 6 -14.0
0 3 7 14.0
1 2 6 -14.0
0 1 7 14.0
1 2 7 -14.0
0 1 5 14.0
1 7 5 -14.0
0 6 6 14.0
1 1 6 -14.0
0 0 6 14.0
1 0 7 -14.0
1 6 7 -14.0
0 7 6 14.0
1 7 7 -14.0
