1 5 3 -12.0
0 3 2 12.0
1 2 5 -12.0
0 3 5 12.0
1 2 4 -12.0
0 5 4 12.0
1 5 2 -12.0
0 6 3 12.0
1 4 2 -12.0
0 5 1 12.0
1 3 1 -12.0
0 2 3 12.0
1 6 5 -12.0
0 5 5 -2.24
1 2 2 -12.0
0 4 1 -2.24
1 5 0 3.6
0 1 2 -3.6
1 1 3 4.32
0 4 0 -5.17
1 3 0 5.95
0 4 5 -6.32
1 6 4 5.82
0 6 2 -4.98
1 2 1 4.89
0 0 2 -5.32
1 7 4 5.86
0 7 2 -4.7
1 1 4 4.44
0 1 0 -3.98
1 3 6 3.04
0 0 5 -1.06
1 5 6 1.7
0 1 5 -1.7
1 6 0 0.52
0 2 6 1.69
1 7 1 -2.84
0 4 7 5.73
1 0 4 -6.3
0 4 6 6.32
1 5 7 -8.72
0 6 7 9.57
1 0 6 -10.41
0 1 1 64
1 7 3 -64
0 0 3 12.0
1 3 7 -12.0
0 2 7 12.0
1 0 0 -12.0
0 0 1 12.0
1 1 6 -12.0
0 7 6 12.0
1 2 0 -12.0
0 6 6 12.0
1 7 7 -12.0
0 7 5 12.0
1 1 7 -12.0
0 0 7 12.0
0 7 0 12.0
0 6 1 12.0
