1 5 3 -10.0
0 3 2 10.0
1 2 4 -10.0
0 3 5 10.0
1 2 3 -10.0
0 5 4 10.0
1 4 5 -10.0
0 5 5 10.0
1 2 6 -10.0
0 2 2 10.0
1 3 1 -10.36
0 1 2 10.0
1 1 4 -8.66
0 4 2 7.11
1 2 1 -7.68
0 1 3 6.72
1 4 1 -7.24
0 5 2 8.18
1 5 1 -8.53
0 2 5 9.81
1 0 4 -10.7
0 5 0 10.84
1 6 3 -12.41
0 2 7 12.71
1 6 4 -13.35
0 6 2 15.32
1 0 3 -16.02
0 1 5 16.39
1 3 6 -14.91
0 0 5 14.61
1 6 5 -14.77
0 7 3 13.95
1 7 4 -13.18
0 5 6 11.8
1 4 6 -10.08
0 5 7 9.36
1 7 2 -9.82
0 3 0 10.95
1 2 0 -10.99
0 4 0 9.45
1 6 0 -9.34
0 3 7 7.84
1 4 7 -7.95
0 1 6 64
1 0 7 -64
0 1 7 10.0
1 0 6 -10.0
0 6 6 10.0
1 6 1 -10.0
0 7 5 10.0
1 7 6 -10.0
0 0 2 10.0
1 0 1 -10.0
0 1 1 10.0
1 1 0 -10.0
0 0 0 10.0
1 6 7 -10.0
0 7 7 10.0
0 7 0 10.0
0 7 1 10.0
