1 4 2 -20.0
0 5 4 20.0
1 4 5 -20.0
0 3 2 20.0
1 2 3 -20.0
0 5 5 20.0
1 2 4 -20.0
0 2 2 20.0
1 5 3 -20.0
0 6 2 20.0
1 4 1 1.42
0 5 2 2.54
1 5 1 -4.34
0 3 1 4.52
1 6 3 -4.64
0 6 4 3.06
1 1 2 -3.56
0 5 0 4.06
1 7 5 -5.5
0 4 0 6.39
1 2 0 -5.73
0 2 5 5.31
1 3 5 -5.66
0 7 4 5.36
1 7 3 -5.58
0 7 2 5.73
1 7 1 -5.43
0 1 5 6.05
1 3 0 -5.11
0 1 0 5.4
1 1 4 -5.0
0 4 6 5.19
1 4 7 -4.94
0 2 1 4.62
1 1 3 -4.38
0 0 2 4.22
1 2 6 -6.01
0 5 6 8.97
1 3 6 -10.6
0 6 5 11.0
1 0 4 -12.34
0 0 3 13.08
1 0 1 -14.69
0 5 7 64
1 6 7 -64
0 3 7 20.0
1 2 7 -20.0
0 0 6 20.0
1 1 1 -20.0
0 1 6 20.0
1 0 7 -20.0
0 1 7 20.0
1 0 5 -20.0
0 7 7 20.0
1 6 1 -20.0
0 0 0 20.0
1 7 6 -20.0
0 6 6 20.0
0 7 0 20.0
0 6 0 20.0
