1 4 2 34.0
0 5 4 -34.0
1 3 5 34.0
0 2 4 -34.0
1 2 5 34.0
0 2 2 -34.0
1 3 2 6.58
0 2 6 -6.58
1 5 5 6.73
0 5 3 -6.71
1 4 5 6.76
0 2 3 -7.45
1 3 6 7.15
0 3 7 -7.5
1 6 5 7.87
0 6 4 -7.23
1 5 2 7.71
0 4 6 -7.2
1 5 6 7.77
0 6 7 -7.27
1 6 3 7.03
0 7 5 -9.23
1 1 2 9.58
0 2 1 -10.28
1 1 4 10.89
0 1 5 -9.85
1 1 3 10.45
0 7 4 -10.61
1 3 1 9.21
0 0 4 -9.41
1 3 0 9.02
0 0 1 -10.63
1 1 6 12.27
0 7 3 -13.48
1 2 7 12.43
0 0 5 -11.85
1 0 6 12.41
0 0 3 -13.99
1 6 2 14.01
0 4 1 -15.73
1 5 7 17.17
0 0 7 -18.35
1 1 7 19.25
0 7 2 -64
1 4 7 64
0 4 0 -34.0
1 7 7 34.0
0 1 1 -34.0
1 5 0 34.0
0 6 6 -34.0
1 5 1 34.0
0 6 0 -34.0
1 7 0 34.0
0 6 1 -34.0
1 7 6 34.0
1 0 0 34.0
0 1 0 -34.0
1 2 0 34.0
1 0 2 34.0
1 7 1 34.0
