1 5 3 -16.0
0 3 2 16.0
1 2 5 -16.0
0 3 5 16.0
1 2 4 -16.0
0 5 4 16.0
1 5 2 -16.0
0 5 5 16.0
1 4 2 -16.0
0 4 1 16.0
1 5 1 -16.0
0 2 3 16.0
1 1 2 -16.0
0 6 2 16.0
1 4 5 -16.0
0 4 6 16.0
1 6 4 -16.0
0 6 3 16.0
1 2 2 -16.0
0 7 3 16.0
1 5 0 -16.0
0 3 0 6.44
1 4 0 -6.44
0 6 0 6.44
1 7 5 -6.44
0 7 4 6.44
1 7 2 -6.44
0 2 1 6.44
1 6 5 -2.68
0 1 5 3.4
1 3 1 -2.21
0 1 4 2.85
1 0 4 -2.47
0 2 6 3.06
1 3 6 -3.02
0 0 3 3.12
1 1 3 -3.44
0 3 7 4.16
1 5 7 -5.24
0 0 5 4.97
1 0 2 -5.07
0 0 1 4.89
1 1 7 -4.84
0 2 7 64
1 4 7 -64
0 6 1 16.0
1 1 0 -16.0
0 2 0 16.0
1 7 0 -16.0
0 7 1 16.0
1 1 1 -16.0
0 5 6 16.0
1 6 7 -16.0
0 6 6 16.0
1 7 7 -16.0
0 7 6 16.0
1 0 6 -16.0
0 0 0 16.0
1 1 6 -16.0
0 0 7 16.0
