1 2 4 12.0
0 4 5 -12.0
1 5 2 12.0
0 4 2 -12.0
1 5 3 12.0
0 2 3 -12.0
1 5 4 12.0
0 6 3 -12.0
1 6 2 12.0
0 5 1 -12.0
1 4 6 12.0
0 5 5 -12.0
1 3 5 12.0
0 6 4 -12.0
1 7 4 12.0
0 6 5 -3.98
1 7 5 4.13
0 3 7 -3.82
1 1 2 2.85
0 2 6 -2.92
1 2 5 3.02
0 1 4 -3.52
1 5 7 3.71
0 5 6 -3.24
1 4 7 3.13
0 6 7 -3.67
1 3 2 3.36
0 1 5 -2.37
1 3 6 0.59
0 2 7 -0.41
1 5 0 -0.35
0 2 2 0.41
1 1 3 -0.84
0 3 1 1.95
1 7 3 -3.06
0 0 3 3.67
1 0 4 -2.55
0 0 2 2.59
1 0 1 -2.55
0 0 5 2.39
1 0 6 -1.83
0 6 1 1.34
1 4 0 -1.84
0 7 1 -64
1 4 1 64
0 7 2 -12.0
1 2 1 12.0
0 7 6 -12.0
1 7 0 12.0
0 6 6 -12.0
1 7 7 12.0
0 3 0 -12.0
1 2 0 12.0
0 6 0 -12.0
1 1 7 12.0
0 1 1 -12.0
1 0 0 12.0
0 1 0 -12.0
1 1 6 12.0
0 0 7 -12.0
