1 2 4 -48.0
0 4 5 48.0
1 5 3 -48.0
0 4 2 48.0
1 5 2 -48.0
0 2 3 48.0
1 2 5 -48.0
0 1 4 48.0
1 1 5 -48.0
0 3 2 48.0
1 3 5 -48.0
0 5 4 7.25
1 5 5 -6.8
0 3 6 5.98
1 2 6 -5.27
0 4 6 6.98
1 4 7 -7.13
0 1 3 6.05
1 3 7 -5.86
0 2 7 5.72
1 0 4 -4.97
0 5 7 5.4
1 0 2 -6.62
0 6 4 6.7
1 2 1 -6.73
0 2 2 7.13
1 6 3 -7.45
0 6 5 8.63
1 5 1 -8.61
0 0 3 8.45
1 3 1 -8.52
0 7 2 6.73
1 1 2 -6.84
0 0 5 8.54
1 7 5 -9.14
0 7 4 10.1
1 0 6 -10.48
0 6 2 11.26
1 5 6 -10.9
0 4 0 8.72
1 6 0 -8.35
0 3 0 9.16
1 2 0 -10.38
0 4 1 64
1 1 7 -64
0 0 7 48.0
1 7 3 -48.0
0 7 6 48.0
1 5 0 -48.0
0 1 6 48.0
1 6 6 -48.0
0 6 7 48.0
0 7 7 48.0
0 6 1 48.0
1 7 1 -48.0
0 7 0 48.0
0 1 1 48.0
1 1 0 -48.0
0 0 1 48.0
0 0 0 48.0
