1 4 2 -4.0
0 5 2 4.0
1 5 3 -4.0
0 3 2 4.0
1 2 5 -4.0
0 5 4 4.0
1 2 2 -4.0
0 3 5 4.0
1 4 5 -4.0
0 3 6 4.0
1 4 7 -4.0
0 2 7 4.0
1 5 5 -4.0
0 4 6 4.0
1 5 7 -4.0
0 5 6 4.0
1 4 1 -4.0
0 2 3 4.0
1 2 6 -4.52
0 3 1 3.91
1 1 4 -2.21
0 2 1 1.09
1 2 4 -2.38
0 1 2 4.55
1 3 0 -4.7
0 2 0 5.52
1 1 3 -5.06
0 0 3 5.2
1 6 7 -6.16
0 1 7 6.55
1 6 2 -5.32
0 0 5 4.63
1 6 5 -4.76
0 6 4 5.13
1 7 3 -3.15
0 4 0 2.2
1 0 4 -2.02
0 5 1 1.27
1 6 3 -2.9
0 1 6 2.12
1 1 5 -0.14
0 3 7 0.23
1 0 7 0.08
0 0 6 64
1 0 2 -64
0 7 1 4.0
1 7 2 -4.0
0 7 4 4.0
1 7 5 -4.0
0 7 6 4.0
1 5 0 -4.0
0 6 0 4.0
1 1 1 -4.0
0 0 0 4.0
1 1 0 -4.0
0 0 1 4.0
1 7 0 -4.0
0 6 1 4.0
1 7 7 -4.0
0 6 6 4.0
