1 2 4 -18.0
0 2 5 18.0
1 3 5 -18.0
0 4 5 18.0
1 3 6 -18.0
0 1 4 18.0
1 1 5 -18.0
0 3 7 18.0
1 4 6 -18.0
0 4 7 18.0
1 5 4 -18.0
0 2 3 18.0
1 5 2 1.52
0 5 5 -2.9
1 5 3 2.44
0 4 2 -3.41
1 0 3 4.13
0 6 4 -3.98
1 5 7 1.59
0 6 7 0.23
1 2 6 0.24
0 1 3 0.06
1 6 2 -0.34
0 6 3 0.47
1 5 6 -1.35
0 4 1 0.91
1 7 4 -0.49
0 0 5 0.77
1 0 2 -1.8
0 1 2 0.97
1 3 2 -1.2
0 0 4 2.04
1 2 1 -4.03
0 7 3 3.58
1 2 2 -3.02
0 7 5 4.04
1 7 2 -4.09
0 6 5 4.43
1 0 6 -5.04
0 7 1 5.98
1 2 7 -3.38
0 1 7 0.68
1 4 0 -1.83
0 5 1 64
1 6 6 -64
0 1 6 18.0
1 6 1 -18.0
0 7 0 18.0
1 6 0 -18.0
0 3 0 18.0
1 5 0 -18.0
0 3 1 18.0
1 1 1 -18.0
0 2 0 18.0
1 1 0 -18.0
0 0 0 18.0
1 0 7 -18.0
0 0 1 18.0
1 7 7 -18.0
0 7 6 18.0
