1 2 4 6.0
0 4 5 -6.0
1 5 2 6.0
0 4 2 -6.0
1 5 3 6.0
0 2 3 -6.0
1 2 5 6.0
0 2 2 -6.0
1 3 5 6.0
0 3 6 -6.0
1 4 6 6.0
0 1 5 -6.0
1 1 4 6.0
0 2 6 -6.0
1 3 1 6.0
0 5 7 -0.6
1 3 2 3.06
0 0 3 -2.16
1 2 1 2.16
0 5 5 -2.16
1 5 6 2.16
0 5 4 -2.16
1 3 7 2.16
0 4 1 -0.73
1 3 0 1.52
0 5 0 -0.96
1 0 5 0.45
0 1 2 0.52
1 2 7 -0.87
0 6 4 1.36
1 6 3 -3.01
0 4 7 2.41
1 6 7 -2.63
0 4 0 2.89
1 2 0 -3.48
0 6 5 2.69
1 6 0 -2.25
0 5 1 3.0
1 0 4 -3.72
0 0 6 2.27
1 7 3 -2.73
0 1 3 2.17
1 7 5 -2.84
0 7 4 -64
1 7 2 64
0 6 2 -6.0
1 1 1 6.0
0 1 6 -6.0
1 0 2 6.0
0 6 6 -6.0
1 7 7 6.0
0 7 6 -6.0
1 6 1 6.0
0 0 1 -6.0
1 0 7 6.0
0 1 7 -6.0
1 0 0 6.0
0 1 0 -6.0
0 7 0 -6.0
1 7 1 6.0
