1 4 2 2.0
0 5 4 -2.0
1 2 5 2.0
0 2 4 -2.0
1 3 5 2.0
0 3 2 -2.0
1 2 3 2.0
0 5 2 -2.0
1 5 5 2.0
0 4 5 -2.0
1 6 4 2.0
0 6 5 0.41
1 3 1 0.23
0 2 2 1.59
1 4 1 -0.94
0 1 4 0.9
1 2 1 -0.51
0 1 3 2.02
1 5 3 -3.61
0 5 1 2.63
1 6 2 -1.92
0 7 4 1.75
1 5 6 -1.85
0 4 6 1.79
1 2 6 -1.73
0 6 3 0.88
1 1 2 -1.84
0 4 7 1.31
1 7 2 0.74
0 4 0 -0.6
1 5 0 0.3
0 2 0 0.55
1 3 0 -1.27
0 7 3 1.91
1 1 0 -1.52
0 7 1 0.72
1 0 2 -0.79
0 0 3 0.07
1 0 5 -0.88
0 6 1 -0.02
1 1 1 0.88
0 1 6 -2.11
1 3 6 3.13
0 1 5 -64
1 6 7 64
0 5 7 -2.0
1 3 7 2.0
0 1 7 -2.0
1 7 0 2.0
0 6 0 -2.0
1 0 7 2.0
0 2 7 -2.0
1 7 5 2.0
0 7 7 -2.0
1 0 4 2.0
0 0 6 -2.0
0 0 0 -2.0
1 0 1 2.0
0 6 6 -2.0
1 7 6 2.0
