1 2 4 -20.0
0 4 5 20.0
1 5 2 -20.0
0 4 2 20.0
1 5 3 -20.0
0 2 3 20.0
1 2 5 -20.0
0 1 4 20.0
1 3 5 -20.0
0 4 6 20.0
1 3 6 -1.53
0 5 4 20.0
1 3 2 -20.0
0 2 2 2.74
1 1 3 -2.16
0 2 1 2.98
1 4 1 -2.85
0 0 3 2.69
1 0 4 -3.26
0 0 5 4.67
1 0 2 -6.75
0 1 2 6.87
1 0 6 -8.38
0 3 1 9.96
1 5 5 -9.98
0 5 6 10.52
1 4 7 -10.52
0 1 5 9.88
1 2 6 -10.11
0 5 0 10.84
1 0 1 -14.18
0 3 7 17.39
1 5 7 -17.6
0 2 7 18.1
1 3 0 -17.77
0 1 6 17.02
1 1 1 -18.67
0 5 1 20.58
1 2 0 -21.69
0 0 0 22.96
1 1 0 -22.02
0 4 0 21.63
1 0 7 -21.16
0 1 7 64
1 6 0 -64
0 7 0 20.0
0 6 1 20.0
1 7 1 -20.0
0 7 2 20.0
1 6 3 -20.0
0 6 4 20.0
1 7 4 -20.0
0 6 2 20.0
1 6 5 -20.0
0 7 5 20.0
1 7 6 -20.0
0 7 3 20.0
1 6 6 -20.0
0 7 7 20.0
1 6 7 -20.0
