1 4 2 12.0
0 5 4 -12.0
1 4 5 12.0
0 3 2 -12.0
1 2 3 12.0
0 5 5 -12.0
1 2 4 12.0
0 1 3 0.38
1 6 4 -0.38
0 4 6 1.05
1 1 2 -0.7
0 2 5 1.09
1 5 3 -1.85
0 3 5 0.47
1 2 2 0.42
0 7 3 -0.95
1 7 5 0.92
0 2 1 -0.72
1 0 3 1.06
0 4 1 0.3
1 5 2 -1.35
0 3 1 0.98
1 1 5 -1.28
0 1 4 0.37
1 0 4 0.11
0 6 5 -0.33
1 5 6 -0.21
0 4 7 0.66
1 5 0 -2.23
0 0 2 0.5
1 5 7 -1.28
0 7 4 0.27
1 6 3 0.95
0 7 6 -1.13
1 3 7 -0.1
0 0 5 0.22
1 3 0 1.95
0 4 0 -0.75
1 5 1 0.55
0 2 0 -0.9
1 3 6 1.45
0 2 6 -2.86
1 2 7 3.36
0 6 6 -4.48
1 1 0 6.6
0 1 1 -7.54
1 0 0 7.74
0 0 1 -6.95
1 0 6 5.57
0 1 6 -7.04
1 1 7 7.75
0 0 7 -10.78
1 7 7 11.77
0 6 7 -12.0
1 7 2 12.0
0 6 2 -12.0
0 6 1 -12.0
1 7 1 12.0
0 7 0 -12.0
