1 4 2 2.0
0 5 2 -2.0
1 5 3 2.0
0 5 4 -2.0
1 4 5 2.0
0 2 3 -2.0
1 2 2 2.0
0 3 5 -2.0
1 5 5 2.39
0 3 1 -2.73
1 4 1 3.51
0 1 3 -3.78
1 6 5 2.15
0 6 4 -2.19
1 6 2 2.73
0 3 2 -2.75
1 2 4 2.71
0 5 0 -2.91
1 7 3 3.35
0 5 1 -3.48
1 6 3 3.27
0 2 5 -2.21
1 2 0 1.16
0 3 0 -1.84
1 2 1 1.41
0 7 2 -2.09
1 1 4 2.1
0 1 2 -1.55
1 7 1 0.94
0 0 5 -0.92
1 1 1 1.54
0 1 5 -2.98
1 4 0 4.59
0 7 4 -4.63
1 7 5 4.05
0 6 1 -1.55
1 7 0 -0.11
0 6 0 0.98
1 3 6 -0.96
0 2 6 1.19
1 2 7 0.59
0 4 6 -1.56
1 5 7 1.66
0 5 6 -64
1 6 7 64
0 1 6 -2.0
1 0 7 2.0
0 0 0 -2.0
1 0 2 2.0
0 4 7 -2.0
1 3 7 2.0
0 1 7 -2.0
1 0 6 2.0
0 7 7 -2.0
1 0 4 2.0
0 0 3 -2.0
1 1 0 2.0
0 0 1 -2.0
0 7 6 -2.0
1 6 6 2.0
