1 2 4 -2.0
0 4 5 2.0
1 5 2 -2.0
0 2 3 2.0
1 2 5 -2.0
0 4 2 2.0
1 5 5 3.73
0 6 5 -1.42
1 5 1 -0.68
0 4 1 0.28
1 5 6 -0.54
0 4 7 0.13
1 3 2 -0.37
0 2 2 1.04
1 5 4 -0.93
0 5 3 1.36
1 6 3 -1.97
0 4 6 1.96
1 6 4 -1.52
0 3 5 0.2
1 1 4 -0.13
0 1 5 0.23
1 2 1 -0.37
0 3 1 0.8
1 3 6 -0.96
0 7 5 1.95
1 5 7 -2.68
0 7 3 2.21
1 3 7 -3.33
0 6 2 3.95
1 5 0 -4.02
0 1 2 3.38
1 0 5 -3.8
0 2 0 3.14
1 3 0 -4.45
0 1 6 3.09
1 0 2 -2.57
0 2 7 2.77
1 1 3 -3.31
0 0 4 3.48
1 2 6 -2.25
0 0 3 2.7
1 0 7 -2.23
0 6 7 64
1 6 1 -64
0 1 1 2.0
1 0 0 -2.0
0 1 0 2.0
1 0 1 -2.0
0 4 0 2.0
1 7 1 -2.0
0 7 2 2.0
1 7 4 -2.0
0 6 6 2.0
1 7 7 -2.0
0 7 6 2.0
1 1 7 -2.0
0 0 6 2.0
0 7 0 2.0
1 6 0 -2.0
