1 5 3 10.0
0 3 2 -10.0
1 2 4 10.0
0 3 5 -10.0
1 2 5 10.0
0 5 4 -10.0
1 5 2 10.0
0 6 3 -10.0
1 4 2 10.0
0 3 1 -10.0
1 4 5 10.0
0 2 3 -10.0
1 5 5 10.0
0 4 1 -10.0
1 7 3 10.0
0 4 6 -10.0
1 2 2 10.0
0 3 6 -10.0
1 2 6 10.0
0 1 5 0.78
1 3 7 -0.78
0 5 7 0.87
1 2 1 -0.98
0 2 7 0.97
1 4 7 -0.71
0 1 4 -0.12
1 1 3 -2.47
0 6 2 3.13
1 0 3 -2.17
0 0 2 3.11
1 1 2 -3.42
0 0 5 4.13
1 0 4 -3.37
0 7 4 1.13
1 7 5 0.94
0 1 0 -1.01
1 5 0 1.48
0 1 6 -4.24
1 2 0 6.59
0 4 0 -6.35
1 0 0 5.91
0 0 6 -6.84
1 0 1 6.13
0 6 4 -64
1 0 7 64
0 1 7 -10.0
1 6 1 10.0
0 6 5 -10.0
1 5 6 10.0
0 1 1 -10.0
1 3 0 10.0
0 5 1 -10.0
1 7 2 10.0
0 7 1 -10.0
1 7 0 10.0
0 6 0 -10.0
1 6 6 10.0
0 7 6 -10.0
1 7 7 10.0
0 6 7 -10.0
