1 5 3 10.0
0 3 2 -10.0
1 2 3 10.0
0 5 4 -10.0
1 4 5 10.0
0 2 2 -10.0
1 3 5 10.0
0 5 2 -10.0
1 4 2 10.0
0 3 1 -10.0
1 6 4 10.0
0 2 4 -10.0
1 6 3 10.0
0 2 5 -10.0
1 5 1 10.0
0 3 6 -10.0
1 2 7 10.0
0 4 6 -10.0
1 5 6 -6.79
0 6 2 5.77
1 7 3 -4.99
0 3 7 2.84
1 4 7 -0.12
0 5 5 -0.45
1 4 1 -0.04
0 7 5 0.43
1 2 0 -0.99
0 4 0 0.37
1 7 4 1.15
0 6 5 -2.35
1 7 6 2.91
0 7 1 -3.9
1 2 6 6.03
0 6 7 -7.7
1 5 7 9.27
0 1 7 -10.09
1 6 6 8.66
0 7 2 -9.19
1 7 0 11.09
0 6 0 -12.66
1 6 1 12.5
0 5 0 -11.73
1 3 0 12.02
0 2 1 -64
1 1 0 64
0 7 7 -10.0
1 1 1 10.0
0 1 3 -10.0
1 1 2 10.0
0 0 2 -10.0
1 1 5 10.0
0 1 4 -10.0
1 0 4 10.0
0 0 0 -10.0
1 0 1 10.0
0 0 3 -10.0
1 0 5 10.0
0 1 6 -10.0
1 0 6 10.0
0 0 7 -10.0
