1 5 3 -12.0
0 5 2 12.0
1 4 2 -12.0
0 5 4 12.0
1 4 5 -12.0
0 2 3 12.0
1 2 4 -12.0
0 4 1 12.0
1 1 3 -12.0
0 4 6 12.0
1 5 5 -12.0
0 5 6 12.0
1 6 3 -12.0
0 6 4 12.0
1 6 2 -12.0
0 3 2 12.0
1 7 5 -12.0
0 7 3 1.67
1 4 0 -2.95
0 3 1 3.41
1 5 1 -2.56
0 7 2 2.38
1 6 5 -3.61
0 7 4 3.38
1 7 1 -3.13
0 2 2 2.12
1 3 6 -1.29
0 3 5 1.02
1 2 6 -0.42
0 1 5 0.82
1 2 5 -1.0
0 1 2 2.15
1 7 6 -2.79
0 3 0 3.88
1 2 0 -4.23
0 0 3 3.84
1 2 1 -4.61
0 5 0 4.55
1 6 0 -3.45
0 2 7 3.36
1 0 2 -3.32
0 1 4 3.85
1 0 6 -4.11
0 0 5 64
1 0 4 -64
0 1 1 12.0
1 1 6 -12.0
0 0 7 12.0
1 1 0 -12.0
0 1 7 12.0
1 3 7 -12.0
0 4 7 12.0
1 5 7 -12.0
0 6 7 12.0
1 6 1 -12.0
0 7 0 12.0
1 6 6 -12.0
0 7 7 12.0
0 0 0 12.0
1 0 1 -12.0
