1 2 4 6.0
0 4 5 -6.0
1 5 4 6.0
0 2 3 -6.0
1 3 2 6.0
0 5 5 -6.0
1 4 2 6.0
0 2 5 -6.0
1 1 3 6.0
0 5 3 6.34
1 1 5 -6.34
0 5 2 6.34
1 2 6 -6.34
0 4 1 7.66
1 6 3 -10.15
0 2 1 9.68
1 3 1 -9.16
0 6 2 8.15
1 3 5 -7.59
0 7 2 7.33
1 4 0 -8.06
0 1 4 8.02
1 6 4 -7.32
0 0 2 6.66
1 5 1 -8.14
0 2 2 9.39
1 5 6 -10.19
0 3 6 9.38
1 1 0 -9.1
0 0 5 9.42
1 7 3 -9.52
0 6 5 9.2
1 7 4 -7.13
0 7 5 5.04
1 4 6 -4.65
0 2 0 4.07
1 3 0 -3.31
0 6 0 2.8
1 1 2 -3.33
0 7 1 5.79
1 6 6 -5.91
0 2 7 5.02
1 3 7 -6.05
0 0 1 -64
1 0 3 64
0 0 4 -6.0
1 1 7 6.0
0 5 7 -6.0
1 7 7 6.0
0 4 7 -6.0
1 0 6 6.0
0 0 7 -6.0
1 1 6 6.0
0 5 0 -6.0
1 7 0 6.0
0 7 6 -6.0
1 6 7 6.0
0 1 1 -6.0
1 0 0 6.0
1 6 1 6.0
