1 5 3 6.0
0 3 2 -6.0
1 2 5 6.0
0 3 5 -6.0
1 2 4 6.0
0 5 4 -6.0
1 2 3 6.0
0 1 5 -6.0
1 2 6 6.0
0 1 4 -6.0
1 4 5 6.0
0 4 2 -6.0
1 1 2 6.0
0 2 2 -6.0
1 1 3 6.0
0 5 2 -6.0
1 0 3 -3.98
0 0 2 3.99
1 3 1 -3.99
0 5 6 4.09
1 4 1 -2.7
0 3 6 2.7
1 0 4 -2.7
0 0 5 2.7
1 6 3 -2.7
0 2 7 3.55
1 6 4 -5.7
0 2 1 5.06
1 2 0 -5.14
0 5 1 5.48
1 4 6 -4.72
0 5 0 4.67
1 3 0 -5.71
0 5 7 5.59
1 1 6 -4.91
0 6 5 5.53
1 5 5 -5.61
0 7 4 6.16
1 3 7 -5.36
0 4 0 3.77
1 7 3 -3.46
0 1 0 3.6
1 7 5 -3.8
0 4 7 -64
1 1 7 64
0 0 7 -6.0
1 0 6 6.0
0 6 6 -6.0
1 7 7 6.0
0 6 2 -6.0
1 6 7 6.0
0 7 6 -6.0
1 6 0 6.0
0 7 0 -6.0
1 1 1 6.0
0 7 2 -6.0
1 7 1 6.0
0 0 0 -6.0
1 0 1 6.0
1 6 1 6.0
