1 2 4 12.0
0 4 5 -12.0
1 5 4 12.0
0 2 3 -12.0
1 3 2 12.0
0 4 2 -12.0
1 2 2 12.0
0 3 1 -4.32
1 5 5 4.16
0 1 3 -3.7
1 5 1 2.45
0 4 1 -3.04
1 5 3 3.45
0 3 5 -4.25
1 4 0 5.34
0 5 2 -5.33
1 6 3 5.18
0 5 0 -6.13
1 2 0 5.54
0 6 4 -5.48
1 4 6 5.7
0 3 6 -5.91
1 2 1 5.16
0 3 0 -5.88
1 6 0 5.91
0 5 7 -7.33
1 7 5 9.54
0 6 5 -8.52
1 1 2 6.52
0 0 1 -7.29
1 5 6 8.63
0 4 7 -7.11
1 1 4 7.53
0 7 4 -8.61
1 2 5 8.66
0 7 6 -8.61
1 7 2 8.27
0 6 1 -8.19
1 0 4 8.6
0 1 1 -10.06
1 0 0 9.86
0 1 0 -11.44
1 7 0 11.55
0 0 2 -64
1 0 3 64
0 2 6 -12.0
1 1 5 12.0
0 6 6 -12.0
1 1 7 12.0
0 7 3 -12.0
1 7 7 12.0
0 6 7 -12.0
1 3 7 12.0
0 2 7 -12.0
1 6 2 12.0
0 7 1 -12.0
0 0 7 -12.0
0 0 6 -12.0
1 1 6 12.0
0 0 5 -12.0
