1 2 4 2.0
0 4 5 -2.0
1 5 3 2.0
0 4 2 -2.0
1 5 2 2.0
0 2 3 -2.0
1 2 5 2.0
0 1 4 -2.0
1 3 5 2.0
0 2 6 -2.0
1 4 6 2.0
0 5 4 -2.0
1 1 2 2.0
0 2 2 -2.0
1 5 5 2.0
0 3 6 1.15
1 4 1 -3.84
0 5 7 3.92
1 3 7 -2.67
0 5 6 2.53
1 2 7 -0.87
0 4 7 0.1
1 6 7 0.27
0 6 2 -1.84
1 3 2 2.22
0 2 1 -2.32
1 6 3 2.04
0 7 3 -3.32
1 6 4 4.13
0 3 1 -5.45
1 1 3 5.96
0 5 0 -5.7
1 7 4 4.99
0 7 5 -5.09
1 5 1 2.55
0 6 5 -1.93
1 7 2 2.7
0 7 1 -3.38
1 0 5 3.35
0 4 0 -1.89
1 6 1 1.64
0 6 6 -0.98
1 1 7 0.82
0 1 5 -64
1 0 4 64
0 1 6 -2.0
1 7 7 2.0
0 7 0 -2.0
1 2 0 2.0
0 7 6 -2.0
1 3 0 2.0
0 0 3 -2.0
1 0 2 2.0
0 1 0 -2.0
1 6 0 2.0
0 1 1 -2.0
1 0 0 2.0
0 0 1 -2.0
1 0 7 2.0
0 0 6 -2.0
