1 5 3 -18.0
0 3 2 18.0
1 2 3 -18.0
0 5 4 18.0
1 4 5 -18.0
0 2 2 18.0
1 3 5 -18.0
0 5 2 18.0
1 4 2 -18.0
0 3 1 18.0
1 4 1 -18.0
0 2 1 18.0
1 2 4 -18.0
0 5 0 18.0
1 3 0 -18.0
0 4 0 18.0
1 6 0 -8.09
0 5 5 8.38
1 6 2 -6.98
0 5 1 6.98
1 6 4 -6.98
0 6 5 7.64
1 7 5 -13.46
0 7 2 13.38
1 7 3 -11.73
0 5 6 9.68
1 4 6 -8.66
0 4 7 7.07
1 6 3 -6.17
0 3 6 6.55
1 2 5 -6.91
0 1 5 6.78
1 1 4 -7.48
0 1 2 7.43
1 0 2 -6.68
0 1 1 7.02
1 0 0 -8.12
0 2 6 8.63
1 1 3 -7.0
0 6 1 6.84
1 2 0 -7.05
0 0 4 5.95
1 2 7 -7.45
0 1 6 64
1 3 7 -64
0 0 3 18.0
1 5 7 -18.0
0 7 4 18.0
1 0 5 -18.0
0 0 7 18.0
1 1 7 -18.0
0 7 6 18.0
1 6 6 -18.0
0 0 6 18.0
1 7 1 -18.0
0 7 0 18.0
1 6 7 -18.0
0 7 7 18.0
0 0 1 18.0
1 1 0 -18.0
