1 2 4 -18.0
0 4 5 18.0
1 5 2 -18.0
0 4 2 18.0
1 5 3 -18.0
0 6 2 18.0
1 5 4 -18.0
0 5 5 2.75
1 6 3 -2.3
0 3 2 3.05
1 6 4 -2.03
0 2 3 1.77
1 2 2 -0.96
0 3 5 0.52
1 2 1 0.16
0 1 5 -1.04
1 5 1 1.02
0 7 5 -0.72
1 7 3 0.05
0 3 1 -0.23
1 7 4 0.28
0 1 4 -0.65
1 4 0 0.81
0 6 5 0.62
1 1 3 -0.5
0 0 2 1.41
1 2 5 -3.29
0 3 6 3.16
1 4 1 -4.04
0 7 2 4.05
1 4 6 -4.89
0 5 7 4.59
1 4 7 -3.92
0 7 1 5.53
1 2 7 -7.84
0 5 6 7.63
1 2 6 -8.58
0 1 2 9.89
1 6 7 -10.28
0 3 7 11.3
1 0 4 -12.66
0 1 1 14.03
1 0 3 -13.56
0 0 5 64
1 6 1 -64
0 0 1 18.0
1 1 7 -18.0
0 0 7 18.0
1 7 6 -18.0
0 7 7 18.0
1 6 6 -18.0
0 7 0 18.0
1 0 0 -18.0
0 1 0 18.0
1 6 0 -18.0
0 5 0 18.0
1 0 6 -18.0
0 1 6 18.0
1 2 0 -18.0
0 3 0 18.0
