1 5 3 -32.0
0 5 2 32.0
1 4 2 -32.0
0 5 4 32.0
1 2 5 -32.0
0 3 2 32.0
1 5 5 -32.0
0 2 4 32.0
1 2 3 -32.0
0 1 4 32.0
1 0 3 -32.0
0 0 5 32.0
1 2 2 -32.0
0 1 3 32.0
1 0 2 -32.0
0 1 2 32.0
1 6 4 -32.0
0 4 5 -0.77
1 3 5 -0.1
0 1 5 1.46
1 0 1 -2.11
0 2 6 1.41
1 6 3 -0.56
0 6 2 1.38
1 5 1 -0.02
0 7 3 0.0
1 7 4 -1.35
0 5 6 4.69
1 7 2 -6.45
0 3 1 9.37
1 2 0 -10.41
0 4 0 11.74
1 4 6 -11.84
0 6 5 11.36
1 3 6 -11.55
0 7 5 10.72
1 2 1 -11.76
0 4 1 12.54
1 3 0 -13.09
0 1 0 14.2
1 7 6 -15.91
0 0 4 16.85
1 0 6 -16.94
0 5 7 64
1 4 7 -64
0 3 7 32.0
1 6 6 -32.0
0 7 7 32.0
1 6 7 -32.0
0 7 1 32.0
1 6 1 -32.0
0 7 0 32.0
1 1 7 -32.0
0 2 7 32.0
1 1 1 -32.0
0 0 0 32.0
1 6 0 -32.0
0 5 0 32.0
1 1 6 -32.0
0 0 7 32.0
