1 5 3 4.0
0 3 2 -4.0
1 2 5 4.0
0 3 5 -4.0
1 2 4 4.0
0 5 4 -4.0
1 2 3 4.0
0 1 5 -4.0
1 2 6 4.0
0 5 2 -4.0
1 0 5 4.0
0 1 3 -4.0
1 1 2 4.0
0 4 5 -4.0
1 5 6 4.0
0 4 6 -4.0
1 1 4 6.07
0 0 3 -1.98
1 3 6 2.51
0 0 4 -2.7
1 0 2 4.45
0 3 7 -5.58
1 5 5 5.78
0 4 7 -5.17
1 2 2 4.46
0 5 7 -5.45
1 4 1 7.73
0 5 0 -9.26
1 3 1 10.2
0 3 0 -11.67
1 4 0 10.6
0 2 1 -8.52
1 6 5 7.94
0 2 7 -8.2
1 6 4 8.01
0 6 3 -6.36
1 5 1 6.59
0 7 3 -7.1
1 4 2 6.01
0 7 4 -5.48
1 6 6 5.3
0 6 2 -4.64
1 7 6 5.88
0 6 1 -64
1 6 7 64
0 1 1 -4.0
1 7 5 4.0
0 7 7 -4.0
1 0 1 4.0
0 1 6 -4.0
1 0 7 4.0
0 0 6 -4.0
1 2 0 4.0
0 0 0 -4.0
1 1 0 4.0
1 1 7 4.0
1 7 0 4.0
0 6 0 -4.0
1 7 2 4.0
0 7 1 -4.0
