1 2 4 -18.0
0 4 5 18.0
1 5 2 -18.0
0 4 2 18.0
1 5 5 -18.0
0 2 3 4.19
1 3 5 -4.19
0 2 5 4.19
1 1 4 -2.08
0 1 5 3.27
1 1 3 -1.73
0 3 6 3.25
1 4 6 -4.07
0 0 4 3.27
1 2 2 -3.61
0 5 4 3.57
1 3 2 -4.41
0 2 6 6.33
1 3 7 -6.29
0 5 7 6.13
1 4 7 -6.41
0 2 7 7.91
1 5 6 -8.27
0 1 2 7.22
1 5 3 -7.14
0 2 1 6.1
1 0 2 -7.13
0 0 3 6.36
1 0 5 -6.88
0 6 7 9.39
1 1 6 -10.48
0 4 1 11.78
1 3 1 -11.57
0 3 0 10.88
1 5 0 -11.73
0 0 7 11.26
1 1 7 -12.04
0 0 6 12.48
1 4 0 -12.7
0 6 6 11.43
1 2 0 -11.89
0 6 4 12.78
1 7 4 -12.86
0 6 5 64
1 7 7 -64
0 0 1 18.0
1 6 3 -18.0
0 1 1 18.0
1 0 0 -18.0
0 1 0 18.0
1 7 6 -18.0
0 5 1 18.0
1 6 2 -18.0
0 7 2 18.0
1 7 3 -18.0
0 7 1 18.0
1 6 1 -18.0
0 7 5 18.0
1 7 0 -18.0
0 6 0 18.0
