1 4 2 -8.0
0 5 4 8.0
1 3 5 -8.0
0 2 4 8.0
1 2 5 -8.0
0 3 2 8.0
1 4 5 -8.0
0 2 6 8.0
1 1 5 -8.0
0 5 3 8.0
1 5 5 -8.0
0 3 6 8.0
1 4 6 -8.0
0 1 4 8.0
1 2 3 -8.0
0 5 7 8.0
1 0 5 -8.0
0 0 3 -0.85
1 6 5 0.85
0 5 6 1.24
1 1 3 -1.97
0 2 2 2.29
1 3 1 -2.52
0 5 2 1.5
1 1 2 -1.85
0 7 5 1.8
1 6 4 -3.42
0 4 1 5.5
1 6 2 -3.91
0 5 1 2.02
1 6 3 -1.64
0 2 0 2.39
1 4 7 -3.05
0 1 6 3.86
1 3 7 -2.96
0 7 2 0.32
1 6 7 1.1
0 2 1 -2.27
1 0 1 2.36
0 1 7 -1.27
1 7 4 -0.28
0 7 3 0.22
1 6 6 -0.3
0 7 7 64
1 2 7 -64
0 7 6 8.0
1 6 1 -8.0
0 0 4 8.0
1 0 2 -8.0
0 0 7 8.0
1 6 0 -8.0
0 7 0 8.0
1 7 1 -8.0
0 5 0 8.0
1 0 6 -8.0
0 0 0 8.0
1 1 0 -8.0
0 1 1 8.0
1 4 0 -8.0
0 3 0 8.0
