1 5 3 2.0
0 3 2 -2.0
1 2 3 2.0
0 5 4 -2.0
1 3 5 2.0
0 5 2 -2.0
1 4 2 2.0
0 3 1 -2.0
1 5 1 1.6
0 1 3 -1.48
1 2 4 1.48
0 4 1 -1.48
1 4 0 0.73
0 3 0 -0.2
1 6 5 -0.88
0 4 5 1.78
1 6 3 -3.3
0 2 2 3.03
1 2 0 -2.73
0 6 2 2.35
1 5 5 -1.76
0 5 0 0.97
1 6 0 -0.63
0 2 5 -0.78
1 2 1 1.15
0 6 4 -2.26
1 7 4 1.49
0 2 6 -2.8
1 7 2 4.42
0 7 3 -5.07
1 3 6 3.97
0 4 7 -3.28
1 7 5 3.34
0 5 6 -4.2
1 1 2 4.97
0 6 6 -5.5
1 4 6 5.52
0 3 7 -6.7
1 0 3 7.03
0 0 1 -6.28
1 7 7 5.77
0 7 6 -7.05
1 0 2 8.33
0 0 4 -64
1 1 4 64
0 6 1 -2.0
1 1 5 2.0
0 1 6 -2.0
1 2 7 2.0
0 0 5 -2.0
1 0 6 2.0
0 1 7 -2.0
1 7 0 2.0
0 0 7 -2.0
1 7 1 2.0
0 1 0 -2.0
1 6 7 2.0
0 5 7 -2.0
1 1 1 2.0
0 0 0 -2.0
