1 2 4 10.0
0 4 5 -10.0
1 5 3 10.0
0 4 2 -10.0
1 3 5 10.0
0 2 3 -10.0
1 5 5 -6.8
0 5 4 5.99
1 6 4 -6.09
0 2 5 7.03
1 1 5 -7.62
0 2 6 7.84
1 1 4 -8.98
0 3 6 8.81
1 4 6 -8.31
0 5 6 7.81
1 4 7 -7.88
0 6 2 7.77
1 5 7 -7.58
0 3 7 7.55
1 1 2 -6.92
0 6 3 7.16
1 3 2 -6.89
0 2 1 5.76
1 4 1 -5.3
0 7 4 5.22
1 6 5 -5.8
0 6 7 6.66
1 5 2 -7.47
0 7 5 7.51
1 7 2 -6.38
0 1 3 5.55
1 0 2 -6.45
0 0 5 7.63
1 7 3 -6.73
0 2 2 5.7
1 7 6 -5.51
0 3 1 6.98
1 1 7 -5.95
0 0 4 2.6
1 0 3 -1.65
0 5 0 2.99
1 1 1 -4.45
0 5 1 -64
1 2 0 64
0 3 0 -10.0
1 1 6 10.0
0 1 0 -10.0
1 4 0 10.0
0 6 1 -10.0
1 0 0 10.0
0 6 6 -10.0
1 6 0 10.0
0 0 7 -10.0
1 2 7 10.0
0 0 6 -10.0
1 7 7 10.0
0 0 1 -10.0
1 7 1 10.0
0 7 0 -10.0
