1 2 4 0.0
0 2 5 0.0
1 3 5 0.0
0 2 3 0.0
1 3 2 0.0
0 5 4 0.0
1 5 3 0.0
0 3 6 0.0
1 6 4 0.0
0 3 1 0.0
1 2 2 0.0
0 2 1 0.0
1 1 3 0.0
0 1 4 7.21
1 4 6 -6.59
0 4 5 6.86
1 0 4 -7.49
0 4 2 7.27
1 5 5 -7.31
0 1 5 7.94
1 4 1 -8.18
0 0 2 7.99
1 0 3 -7.85
0 0 5 8.55
1 5 6 -8.49
0 5 7 7.66
1 1 2 -6.46
0 5 0 5.78
1 3 7 -6.19
0 7 4 5.35
1 2 6 -5.02
0 4 7 5.41
1 1 6 -4.33
0 6 5 3.29
1 1 0 -2.69
0 0 1 4.1
1 4 0 -4.49
0 3 0 3.51
1 7 5 -3.22
0 7 6 4.04
1 6 3 -3.48
0 6 6 2.49
1 7 7 -1.95
0 6 7 0
1 7 3 0
0 5 1 0.0
1 2 7 0.0
0 0 7 0.0
1 0 6 0.0
0 1 7 0.0
1 0 0 0.0
0 5 2 0.0
1 6 2 0.0
0 7 1 0.0
1 7 2 0.0
0 6 1 0.0
1 7 0 0.0
0 1 1 0.0
1 2 0 0.0
1 6 0 0.0
