1 2 4 -14.0
0 4 5 14.0
1 5 2 -14.0
0 4 2 14.0
1 5 3 -14.0
0 2 3 14.0
1 2 5 -14.0
0 2 2 14.0
1 3 2 -14.0
0 6 3 14.0
1 6 4 -14.0
0 3 5 14.0
1 3 6 -14.0
0 2 1 3.68
1 3 1 -3.68
0 1 4 4.02
1 1 2 -4.57
0 4 6 4.87
1 1 3 -5.17
0 1 5 5.52
1 0 5 -5.19
0 0 4 5.22
1 0 3 -4.38
0 6 2 4.53
1 3 0 -3.97
0 5 1 3.38
1 5 4 -2.43
0 5 5 3.59
1 4 1 -2.53
0 6 5 1.78
1 6 0 -0.07
0 0 1 0.16
1 5 7 -0.05
0 2 6 -0.9
1 2 7 2.72
0 1 1 -1.15
1 5 6 -0.44
0 2 0 1.27
1 0 2 -2.13
0 0 6 3.13
1 0 0 -6.19
0 1 0 7.41
1 7 5 -9.72
0 5 0 64
1 4 0 -64
0 1 6 14.0
1 0 7 -14.0
0 4 7 14.0
1 3 7 -14.0
0 1 7 14.0
1 7 4 -14.0
0 7 0 14.0
1 7 2 -14.0
0 7 3 14.0
1 6 1 -14.0
0 6 7 14.0
1 7 7 -14.0
0 7 1 14.0
1 6 6 -14.0
0 7 6 14.0
