1 2 4 -2.0
0 2 5 2.0
1 3 5 -2.0
0 2 3 2.0
1 1 4 -2.0
0 3 6 2.0
1 2 6 -2.0
0 0 4 2.0
1 4 2 -2.0
0 5 3 -2.95
1 3 2 3.49
0 4 5 -4.74
1 1 5 5.01
0 2 2 -3.59
1 5 2 3.09
0 2 7 -3.35
1 5 5 2.74
0 5 4 -2.37
1 6 3 2.38
0 4 6 -2.08
1 6 4 0.77
0 0 5 -1.45
1 5 6 2.36
0 6 5 -3.65
1 4 7 3.96
0 3 7 -2.91
1 1 7 2.03
0 6 7 -1.17
1 7 4 0.47
0 3 1 0.27
1 1 3 -0.63
0 4 1 0.77
1 5 1 -0.78
0 6 2 0.21
1 7 1 -0.31
0 5 0 1.64
1 2 1 -1.73
0 0 2 2.77
1 1 6 -4.7
0 0 7 5.3
1 0 3 -6.78
0 5 7 5.85
1 3 0 -6.1
0 1 2 64
1 1 1 -64
0 4 0 2.0
1 2 0 -2.0
0 0 0 2.0
1 0 6 -2.0
0 1 0 2.0
1 6 1 -2.0
0 7 5 2.0
1 7 6 -2.0
0 7 0 2.0
1 6 0 -2.0
0 7 3 2.0
1 7 2 -2.0
0 7 7 2.0
1 6 6 -2.0
1 0 1 -2.0
