1 2 4 20.0
0 2 5 -20.0
1 3 5 20.0
0 4 5 -20.0
1 5 3 20.0
0 1 4 -20.0
1 5 5 20.0
0 5 4 3.51
1 4 6 -3.54
0 3 6 2.59
1 1 5 -2.25
0 5 6 2.78
1 0 4 -3.23
0 4 2 3.3
1 6 5 -3.21
0 3 2 1.83
1 2 7 0.07
0 5 2 -1.73
1 3 7 2.79
0 4 7 -4.59
1 5 7 5.18
0 2 6 -4.73
1 2 3 5.08
0 1 3 -5.67
1 6 4 6.19
0 7 4 -5.91
1 0 2 4.53
0 1 6 -3.25
1 1 2 4.55
0 7 5 -6.05
1 0 7 9.32
0 0 3 -12.35
1 2 2 12.2
0 2 1 -12.59
1 7 3 13.31
0 1 7 -13.91
1 7 6 13.16
0 6 3 -12.3
1 0 6 10.67
0 0 5 -10.27
1 7 2 10.08
0 6 2 -9.82
1 7 1 11.13
0 6 6 -64
1 5 1 64
0 3 1 -20.0
1 4 1 20.0
0 6 7 -20.0
1 3 0 20.0
0 2 0 -20.0
1 1 0 20.0
0 4 0 -20.0
1 5 0 20.0
0 1 1 -20.0
1 7 7 20.0
0 6 1 -20.0
1 0 0 20.0
0 0 1 -20.0
1 6 0 20.0
0 7 0 -20.0
