1 2 4 6.0
0 4 5 -6.0
1 5 2 6.0
0 4 2 -6.0
1 5 3 6.0
0 2 3 -6.0
1 5 4 6.0
0 6 3 -6.0
1 5 5 6.0
0 3 5 -6.0
1 7 2 6.0
0 6 2 -6.0
1 4 1 6.0
0 5 1 -6.0
1 5 0 -0.06
0 6 4 0.06
1 3 2 -0.06
0 2 2 0.06
1 2 5 -0.06
0 3 6 0.06
1 4 6 -0.06
0 3 1 0.06
1 6 5 -0.06
0 4 7 1.19
1 2 7 -0.05
0 3 7 -1.45
1 5 7 1.86
0 2 6 -0.86
1 3 0 0.34
0 2 1 0.02
1 7 5 0.23
0 5 6 1.49
1 7 1 -1.79
0 4 0 1.96
1 1 2 -1.44
0 2 0 2.28
1 1 0 -1.79
0 7 4 0.42
1 7 3 0.05
0 6 6 -0.01
1 1 4 -1.56
0 1 3 2.09
1 0 3 -2.27
0 0 2 -64
1 0 1 64
0 0 5 -6.0
1 1 5 6.0
0 0 4 -6.0
1 0 6 6.0
0 1 6 -6.0
1 0 7 6.0
0 1 7 -6.0
1 7 6 6.0
0 7 7 -6.0
1 6 7 6.0
0 7 0 -6.0
1 1 1 6.0
0 6 1 -6.0
1 6 0 6.0
0 0 0 -6.0
