1 4 2 2.0
0 5 2 -2.0
1 5 3 2.0
0 3 2 -2.0
1 4 1 2.0
0 6 3 -2.0
1 6 4 2.0
0 5 1 -2.0
1 3 1 2.0
0 4 0 -2.0
1 2 3 0.52
0 4 5 -0.86
1 5 5 0.29
0 5 4 0.95
1 2 4 0.07
0 7 5 0.04
1 2 1 -0.09
0 3 5 0.98
1 6 2 -0.1
0 7 3 1.11
1 5 6 -2.58
0 6 5 3.02
1 3 0 -2.02
0 2 0 2.19
1 4 6 -1.52
0 5 7 1.38
1 7 4 -1.58
0 1 0 3.14
1 2 2 -3.16
0 7 2 3.77
1 6 0 -3.66
0 4 7 2.72
1 6 6 -2.2
0 2 6 0.95
1 7 6 -0.68
0 1 4 0.56
1 0 5 -1.51
0 1 1 1.62
1 1 5 -2.0
0 1 2 1.98
1 2 5 -2.19
0 1 3 3.15
1 2 7 -4.2
0 0 4 -64
1 3 7 64
0 3 6 -2.0
1 1 6 2.0
0 7 7 -2.0
1 6 1 2.0
0 5 0 -2.0
1 7 0 2.0
0 7 1 -2.0
1 0 1 2.0
0 0 7 -2.0
1 1 7 2.0
0 0 3 -2.0
1 6 7 2.0
0 0 6 -2.0
1 0 0 2.0
1 0 2 2.0
