1 5 3 -2.0
0 5 2 2.0
1 4 2 -2.0
0 3 2 2.0
1 2 3 -2.0
0 5 4 2.0
1 3 5 -2.0
0 2 2 2.0
1 2 1 -2.0
0 2 5 2.0
1 4 5 2.32
0 2 4 -1.73
1 3 1 1.43
0 3 6 -2.6
1 1 3 3.52
0 2 6 -4.7
1 4 6 4.82
0 1 5 -5.07
1 1 4 4.95
0 0 4 -5.2
1 5 5 5.23
0 5 7 -3.37
1 6 5 2.56
0 4 1 -2.06
1 1 2 2.91
0 0 3 -3.06
1 4 7 0.38
0 3 7 0.97
1 0 2 -0.37
0 6 4 -0.63
1 2 7 -0.18
0 5 6 -0.24
1 5 0 1.49
0 2 0 -0.67
1 4 0 0.55
0 7 4 -1.16
1 5 1 1.03
0 0 1 -1.37
1 6 7 1.37
0 1 0 -1.23
1 6 3 0.23
0 1 1 -0.57
1 0 6 -0.42
0 6 2 64
1 7 2 -64
0 7 3 2.0
1 7 1 -2.0
0 7 0 2.0
1 0 0 -2.0
0 3 0 2.0
1 0 5 -2.0
0 1 6 2.0
1 7 5 -2.0
0 7 6 2.0
1 1 7 -2.0
0 6 0 2.0
1 6 1 -2.0
0 0 7 2.0
1 6 6 -2.0
0 7 7 2.0
