1 5 3 -6.0
0 3 2 6.0
1 2 3 -6.0
0 5 4 6.0
1 3 5 -6.0
0 4 5 6.0
1 6 4 -6.0
0 6 3 6.0
1 4 2 -6.0
0 2 4 6.0
1 4 6 -1.41
0 1 3 4.3
1 2 2 -3.8
0 5 1 2.31
1 5 2 -2.46
0 5 5 3.12
1 1 2 -2.72
0 4 1 2.0
1 2 5 -2.06
0 7 5 2.09
1 6 2 -2.21
0 3 1 1.59
1 2 1 -1.4
0 0 2 2.21
1 4 0 -3.13
0 1 4 2.19
1 1 5 -2.31
0 5 6 2.38
1 3 0 -2.51
0 7 2 3.58
1 6 5 -3.14
0 3 7 1.73
1 0 5 -2.48
0 0 4 3.0
1 4 7 -3.91
0 3 6 4.41
1 2 7 -4.27
0 2 6 5.51
1 1 1 -5.7
0 0 0 7.8
1 0 1 -9.15
0 6 7 9.37
1 7 3 -9.98
0 7 4 64
1 1 7 -64
0 1 0 6.0
1 2 0 -6.0
0 5 0 6.0
1 0 3 -6.0
0 1 6 6.0
1 5 7 -6.0
0 0 7 6.0
1 0 6 -6.0
0 7 1 6.0
1 6 0 -6.0
0 6 6 6.0
1 7 6 -6.0
0 7 7 6.0
1 6 1 -6.0
0 7 0 6.0
