1 2 4 18.0
0 2 5 -18.0
1 3 5 18.0
0 2 3 -18.0
1 1 4 18.0
0 3 6 -18.0
1 3 2 18.0
0 4 5 -18.0
1 4 2 18.0
0 1 3 -18.0
1 1 5 18.0
0 2 2 -18.0
1 0 2 18.0
0 0 4 -4.51
1 5 5 4.46
0 5 4 -3.88
1 5 3 4.72
0 0 5 -4.58
1 1 2 4.82
0 6 4 -5.7
1 5 6 6.84
0 5 2 -7.32
1 2 7 7.3
0 3 7 -8.15
1 4 7 9.23
0 4 6 -8.56
1 6 2 6.49
0 5 7 -6.09
1 6 7 5.78
0 2 1 -4.58
1 3 1 5.29
0 0 3 -4.67
1 0 6 5.07
0 5 1 -5.16
1 6 3 4.77
0 6 5 -4.56
1 4 1 4.88
0 3 0 -3.8
1 2 6 2.11
0 5 0 -1.23
1 7 3 1.44
0 7 5 -3.07
1 0 1 4.73
0 7 1 -64
1 1 1 64
0 7 4 -18.0
1 7 2 18.0
0 1 7 -18.0
1 0 7 18.0
0 6 6 -18.0
1 7 0 18.0
0 1 6 -18.0
1 2 0 18.0
0 4 0 -18.0
1 6 0 18.0
0 6 1 -18.0
1 7 6 18.0
0 7 7 -18.0
0 1 0 -18.0
1 0 0 18.0
