1 5 3 -4.0
0 5 2 4.0
1 4 2 -4.0
0 5 4 4.0
1 4 5 -4.0
0 2 3 4.0
1 2 4 -4.0
0 4 1 4.0
1 2 2 0.0
0 4 6 4.0
1 5 5 -4.0
0 6 4 4.0
1 6 3 -4.0
0 3 2 -2.14
1 4 0 2.14
0 3 1 -1.28
1 5 1 1.24
0 7 3 -1.52
1 6 2 1.33
0 7 2 -0.38
1 2 0 0.83
0 1 3 -0.7
1 1 2 1.73
0 5 0 -1.88
1 6 1 2.41
0 3 0 -3.54
1 6 0 1.1
0 2 5 0.8
1 2 1 -1.3
0 3 5 0.79
1 1 4 -1.13
0 0 4 2.34
1 7 4 -2.75
0 7 5 3.0
1 0 5 -2.34
0 0 6 1.93
1 1 5 -2.05
0 2 6 3.18
1 6 5 -2.27
0 5 6 1.82
1 2 7 -2.2
0 3 7 3.85
1 4 7 -4.78
0 5 7 64
1 3 6 -64
0 1 7 4.0
1 7 6 -4.0
0 0 2 4.0
1 0 3 -4.0
0 7 7 4.0
1 0 7 -4.0
0 1 6 4.0
1 0 1 -4.0
0 1 1 4.0
1 6 7 -4.0
0 6 6 4.0
1 1 0 -4.0
0 0 0 4.0
1 7 1 -4.0
0 7 0 4.0
