1 2 4 -2.0
0 4 5 2.0
1 5 4 -2.0
0 2 3 2.0
1 3 2 -2.0
0 5 5 2.0
1 3 5 -2.0
0 2 6 2.0
1 3 6 -2.0
0 2 5 2.0
1 4 6 -2.0
0 4 7 2.0
1 2 7 -2.0
0 5 7 2.0
1 5 6 -2.0
0 6 7 2.0
1 1 7 -4.44
0 6 4 4.44
1 6 3 -5.7
0 5 2 6.63
1 1 2 -6.91
0 4 2 7.2
1 2 2 -6.75
0 1 3 6.98
1 1 5 -6.56
0 4 1 4.76
1 3 1 -4.22
0 5 3 5.47
1 0 4 -5.17
0 0 3 4.84
1 0 2 -5.05
0 2 0 5.56
1 1 4 -5.78
0 2 1 6.13
1 5 1 -4.89
0 5 0 4.96
1 6 2 -6.12
0 7 4 4.86
1 7 5 -4.73
0 6 5 4.06
1 7 3 -3.65
0 0 6 2.92
1 0 5 -3.03
0 0 1 64
1 3 0 -64
0 4 0 2.0
1 1 1 -2.0
0 7 2 2.0
1 7 1 -2.0
0 3 7 2.0
1 7 7 -2.0
0 6 1 2.0
1 7 0 -2.0
0 1 0 2.0
1 1 6 -2.0
0 6 0 2.0
1 0 0 -2.0
0 0 7 2.0
1 7 6 -2.0
0 6 6 2.0
