1 2 4 6.0
0 4 5 -6.0
1 5 2 6.0
0 4 2 -6.0
1 5 3 6.0
0 2 3 -6.0
1 5 5 -4.48
0 5 4 4.48
1 2 5 -4.48
0 3 2 4.48
1 3 5 -4.48
0 6 4 7.2
1 4 1 -7.05
0 1 4 6.27
1 3 1 -5.71
0 2 1 5.13
1 6 2 -3.61
0 6 3 3.49
1 1 5 -2.87
0 4 0 3.09
1 1 2 -2.91
0 2 2 3.41
1 5 1 -4.06
0 5 0 5.47
1 7 5 -7.02
0 1 3 6.43
1 0 2 -5.77
0 7 3 5.73
1 0 3 -5.56
0 7 4 6.98
1 6 1 -10.35
0 4 6 11.02
1 7 1 -8.41
0 7 6 8.77
1 5 6 -11.09
0 6 5 12.24
1 7 2 -11.23
0 7 0 11.91
1 6 6 -13.19
0 4 7 13.38
1 5 7 -11.43
0 0 4 7.97
1 0 5 -5.7
0 3 7 -64
1 3 6 64
0 2 7 -6.0
1 2 6 6.0
0 7 7 -6.0
1 6 7 6.0
0 1 6 -6.0
1 6 0 6.0
0 0 1 -6.0
1 0 0 6.0
1 2 0 6.0
0 3 0 -6.0
1 0 7 6.0
0 1 7 -6.0
1 0 6 6.0
0 1 0 -6.0
1 1 1 6.0
