1 5 3 20.0
0 3 2 -20.0
1 2 5 20.0
0 3 5 -20.0
1 2 4 20.0
0 5 4 -20.0
1 2 3 20.0
0 1 5 -20.0
1 2 6 20.0
0 4 5 -20.0
1 3 6 20.0
0 2 2 -20.0
1 1 4 20.0
0 1 3 -20.0
1 5 6 20.0
0 4 2 -20.0
1 5 5 1.71
0 4 7 1.57
1 1 2 -3.24
0 3 7 3.49
1 5 2 -3.52
0 2 1 2.98
1 0 3 -3.78
0 4 1 4.71
1 0 4 -5.04
0 0 5 4.03
1 0 6 -3.13
0 6 4 3.16
1 7 4 -2.68
0 4 6 3.5
1 5 7 -3.74
0 6 3 3.03
1 7 3 -3.49
0 7 2 3.88
1 7 1 -2.9
0 6 2 2.17
1 6 5 -0.73
0 0 1 -1.84
1 5 1 1.98
0 6 7 -2.46
1 4 0 0.5
0 7 6 -0.91
1 1 7 0.38
0 6 6 -64
1 3 1 64
0 2 7 -20.0
1 7 7 20.0
0 3 0 -20.0
1 7 5 20.0
0 0 2 -20.0
1 0 0 20.0
0 1 1 -20.0
1 1 6 20.0
0 0 7 -20.0
1 1 0 20.0
0 2 0 -20.0
1 5 0 20.0
0 6 1 -20.0
1 6 0 20.0
0 7 0 -20.0
