1 5 3 -16.0
0 5 2 16.0
1 4 2 -16.0
0 5 4 16.0
1 4 5 -16.0
0 3 5 16.0
1 5 5 -16.0
0 2 3 16.0
1 2 4 -16.0
0 4 6 16.0
1 2 5 -16.0
0 6 4 16.0
1 2 2 -0.13
0 3 6 0.52
1 5 6 -0.52
0 2 6 0.52
1 6 5 -0.52
0 5 7 0.52
1 3 7 -1.19
0 2 7 1.49
1 4 7 -1.85
0 3 1 1.34
1 6 2 -1.34
0 3 2 1.45
1 6 3 -1.98
0 1 2 2.08
1 2 1 -1.75
0 7 3 1.45
1 7 5 -2.03
0 7 2 2.67
1 1 5 -3.02
0 7 4 3.64
1 6 6 -3.15
0 1 3 2.13
1 6 7 -3.38
0 1 4 3.72
1 0 4 -4.59
0 7 7 4.48
1 7 6 -4.84
0 3 0 4.77
1 1 6 -5.13
0 0 7 5.92
1 1 7 -7.28
0 0 3 64
1 0 1 -64
0 0 2 16.0
1 4 1 -16.0
0 4 0 16.0
1 5 0 -16.0
0 5 1 16.0
1 2 0 -16.0
0 1 0 16.0
1 0 0 -16.0
0 1 1 16.0
1 0 5 -16.0
0 0 6 16.0
1 6 0 -16.0
0 6 1 16.0
1 7 0 -16.0
0 7 1 16.0
