1 2 4 -6.0
0 4 5 6.0
1 5 2 -6.0
0 4 2 6.0
1 5 3 -6.0
0 2 3 6.0
1 2 5 -6.0
0 2 2 6.0
1 3 5 -6.0
0 3 6 6.0
1 2 6 -6.0
0 5 4 6.0
1 3 2 -6.0
0 3 1 6.0
1 1 3 -6.0
0 4 1 6.0
1 2 1 -6.0
0 1 5 6.0
1 5 6 -6.0
0 1 4 6.0
1 1 2 -4.1
0 5 5 4.1
1 0 5 -4.1
0 6 4 4.27
1 4 0 -4.13
0 5 1 4.84
1 0 4 -5.5
0 3 0 5.5
1 2 0 -5.5
0 2 7 5.5
1 6 2 -6.34
0 5 0 6.14
1 6 0 -6.65
0 5 7 6.66
1 4 6 -6.13
0 7 2 6.4
1 6 3 -7.76
0 7 3 8.52
1 7 5 -8.25
0 6 5 6.8
1 4 7 -7.84
0 3 7 8.03
1 6 6 -7.93
0 7 7 64
1 6 7 -64
0 0 3 6.0
1 1 6 -6.0
0 0 2 6.0
1 1 7 -6.0
0 1 1 6.0
1 7 6 -6.0
0 0 6 6.0
1 7 4 -6.0
0 6 1 6.0
1 7 0 -6.0
0 7 1 6.0
1 1 0 -6.0
0 0 7 6.0
0 0 0 6.0
1 0 1 -6.0
