1 2 4 12.0
0 2 5 -12.0
1 3 5 12.0
0 4 5 -12.0
1 5 4 12.0
0 3 2 -12.0
1 3 6 12.0
0 5 3 -12.0
1 2 3 12.0
0 1 5 -2.69
1 2 6 2.2
0 1 4 -1.21
1 4 2 1.34
0 6 4 -2.74
1 6 5 3.83
0 5 5 -3.19
1 4 6 3.77
0 3 1 -4.52
1 6 2 4.58
0 5 6 -5.93
1 7 5 6.51
0 4 7 -8.16
1 0 5 9.75
0 5 2 -7.16
1 6 3 7.75
0 1 7 -7.31
1 1 2 4.55
0 2 2 -3.27
1 0 3 4.44
0 7 2 -3.53
1 5 7 1.73
0 6 7 -2.27
1 3 7 2.49
0 2 7 -4.36
1 1 3 5.83
0 7 3 -6.02
1 7 4 6.01
0 7 6 -4.91
1 2 1 4.67
0 2 0 -3.89
1 4 0 2.98
0 4 1 -3.45
1 5 1 4.05
0 5 0 -64
1 6 0 64
0 1 1 -12.0
1 6 1 12.0
0 0 2 -12.0
1 3 0 12.0
0 0 4 -12.0
1 0 0 12.0
0 7 1 -12.0
1 1 0 12.0
0 7 0 -12.0
1 0 1 12.0
1 6 6 12.0
1 1 6 12.0
0 0 7 -12.0
1 0 6 12.0
